134,50,172,82,50,172,30,48,135,46,30,48,135,46,30,48,135,46,50,51
134,50,172,82,50,172,30,48,135,46,30,48,135,46,30,48,135,46,50,51
134,50,172,82,50,172,30,48,135,46,30,48,135,46,30,48,135,46,50,51
134,50,172,82,50,172,30,48,135,46,30,48,135,46,30,48,135,46,50,51
134,50,172,82,50,172,30,48,135,46,30,48,135,46,30,48,135,46,50,51
134,50,172,82,50,172,30,48,135,46,30,48,135,46,30,48,135,46,50,51
150,51,196,92,51,196,68,95,159,172,68,95,159,122,68,95,159,122,150,90
150,51,196,92,51,196,68,95,159,172,68,95,159,122,68,95,159,122,150,90
150,51,196,92,51,196,68,95,159,172,68,95,159,122,68,95,159,122,150,90
150,51,196,92,51,196,68,95,159,172,68,95,159,122,68,95,159,122,150,90
150,51,196,92,51,196,68,95,159,172,68,95,159,122,68,95,159,122,150,90
150,51,196,92,51,196,68,95,159,172,68,95,159,122,68,95,159,122,150,90
155,90,241,190,90,241,82,116,214,196,82,116,214,134,122,116,214,134,156,182
155,90,241,190,90,241,82,116,214,196,82,116,214,134,122,116,214,134,156,182
155,90,241,190,90,241,82,116,214,196,82,116,214,134,122,116,214,134,156,182
155,90,241,190,90,241,82,116,214,196,82,116,214,134,122,116,214,134,156,182
155,90,241,190,90,241,82,116,214,196,82,116,214,134,122,116,214,134,156,182
155,90,241,190,90,241,82,116,214,196,82,116,214,134,122,116,214,134,156,182
156,182,248,198,182,248,92,177,225,227,92,140,225,155,150,140,225,155,183,191
156,182,248,198,182,248,92,177,225,227,92,140,225,155,150,140,225,155,183,191
156,182,248,198,182,248,92,177,225,227,92,140,225,155,150,140,225,155,183,191
156,182,248,198,182,248,92,177,225,227,92,140,225,155,150,140,225,155,183,191
156,182,248,198,182,248,92,177,225,227,92,140,225,155,150,140,225,155,183,191
156,182,248,198,182,248,92,177,225,227,92,140,225,155,150,140,225,155,183,191
190,183,272,210,183,272,140,202,269,241,194,177,227,161,156,177,227,161,190,228
190,183,272,210,183,272,140,202,269,241,194,177,227,161,156,177,227,161,190,228
190,183,272,210,183,272,140,202,269,241,194,177,227,161,156,177,227,161,190,228
190,183,272,210,183,272,140,202,269,241,194,177,227,161,156,177,227,161,190,228
190,183,272,210,183,272,140,202,269,241,194,177,227,161,156,177,227,161,190,228
190,183,272,210,183,272,140,202,269,241,194,177,227,161,156,177,227,161,190,228
198,191,300,228,191,300,194,230,326,251,210,202,269,170,161,197,269,170,197,248
198,191,300,228,191,300,194,230,326,251,210,202,269,170,161,197,269,170,197,248
198,191,300,228,191,300,194,230,326,251,210,202,269,170,161,197,269,170,197,248
198,191,300,228,191,300,194,230,326,251,210,202,269,170,161,197,269,170,197,248
198,191,300,228,191,300,194,230,326,251,210,202,269,170,161,197,269,170,197,248
198,191,300,228,191,300,194,230,326,251,210,202,269,170,161,197,269,170,197,248
205,206,306,249,206,336,210,243,339,272,249,230,274,197,170,202,274,198,206,264
205,206,306,249,206,336,210,243,339,272,249,230,274,197,170,202,274,198,206,264
205,206,306,249,206,336,210,243,339,272,249,230,274,197,170,202,274,198,206,264
205,206,306,249,206,336,210,243,339,272,249,230,274,197,170,202,274,198,206,264
205,206,306,249,206,336,210,243,339,272,249,230,274,197,170,202,274,198,206,264
205,206,306,249,206,336,210,243,339,272,249,230,274,197,170,202,274,198,206,264
228,247,336,273,247,343,249,250,381,289,253,243,320,205,194,230,320,205,247,306
228,247,336,273,247,343,249,250,381,289,253,243,320,205,194,230,320,205,247,306
228,247,336,273,247,343,249,250,381,289,253,243,320,205,194,230,320,205,247,306
228,247,336,273,247,343,249,250,381,289,253,243,320,205,194,230,320,205,247,306
228,247,336,273,247,343,249,250,381,289,253,243,320,205,194,230,320,205,247,306
228,247,336,273,247,343,249,250,381,289,253,243,320,205,194,230,320,205,247,306
254,264,343,277,264,350,251,258,389,300,273,250,326,253,251,243,326,253,254,340
254,264,343,277,264,350,251,258,389,300,273,250,326,253,251,243,326,253,254,340
254,264,343,277,264,350,251,258,389,300,273,250,326,253,251,243,326,253,254,340
254,264,343,277,264,350,251,258,389,300,273,250,326,253,251,243,326,253,254,340
254,264,343,277,264,350,251,258,389,300,273,250,326,253,251,243,326,253,254,340
254,264,343,277,264,350,251,258,389,300,273,250,326,253,251,243,326,253,254,340
309,275,350,292,275,381,273,287,407,316,277,258,339,274,254,250,339,289,275,343
309,275,350,292,275,381,273,287,407,316,277,258,339,274,254,250,339,289,275,343
309,275,350,292,275,381,273,287,407,316,277,258,339,274,254,250,339,289,275,343
309,275,350,292,275,381,273,287,407,316,277,258,339,274,254,250,339,289,275,343
309,275,350,292,275,381,273,287,407,316,277,258,339,274,254,250,339,289,275,343
309,275,350,292,275,381,273,287,407,316,277,258,339,274,254,250,339,289,275,343
318,340,378,317,340,394,277,309,416,336,281,287,381,289,281,258,389,309,290,349
318,340,378,317,340,394,277,309,416,336,281,287,381,289,281,258,389,309,290,349
318,340,378,317,340,394,277,309,416,336,281,287,381,289,281,258,389,309,290,349
318,340,378,317,340,394,277,309,416,336,281,287,381,289,281,258,389,309,290,349
318,340,378,317,340,394,277,309,416,336,281,287,381,289,281,258,389,309,290,349
318,340,378,317,340,394,277,309,416,336,281,287,381,289,281,258,389,309,290,349
321,342,394,321,342,411,281,328,432,350,292,290,389,316,290,287,407,316,318,357
321,342,394,321,342,411,281,328,432,350,292,290,389,316,290,287,407,316,318,357
321,342,394,321,342,411,281,328,432,350,292,290,389,316,290,287,407,316,318,357
321,342,394,321,342,411,281,328,432,350,292,290,389,316,290,287,407,316,318,357
321,342,394,321,342,411,281,328,432,350,292,290,389,316,290,287,407,316,318,357
321,342,394,321,342,411,281,328,432,350,292,290,389,316,290,287,407,316,318,357
332,349,405,325,349,412,292,345,433,368,317,328,407,331,306,328,413,331,321,378
332,349,405,325,349,412,292,345,433,368,317,328,407,331,306,328,413,331,321,378
332,349,405,325,349,412,292,345,433,368,317,328,407,331,306,328,413,331,321,378
332,349,405,325,349,412,292,345,433,368,317,328,407,331,306,328,413,331,321,378
332,349,405,325,349,412,292,345,433,368,317,328,407,331,306,328,413,331,321,378
332,349,405,325,349,412,292,345,433,368,317,328,407,331,306,328,413,331,321,378
341,357,412,332,357,418,317,361,443,375,325,345,413,341,318,345,429,341,332,392
341,357,412,332,357,418,317,361,443,375,325,345,413,341,318,345,429,341,332,392
341,357,412,332,357,418,317,361,443,375,325,345,413,341,318,345,429,341,332,392
341,357,412,332,357,418,317,361,443,375,325,345,413,341,318,345,429,341,332,392
341,357,412,332,357,418,317,361,443,375,325,345,413,341,318,345,429,341,332,392
341,357,412,332,357,418,317,361,443,375,325,345,413,341,318,345,429,341,332,392
372,366,428,351,366,428,320,378,490,382,337,361,428,354,331,361,433,354,342,418
372,366,428,351,366,428,320,378,490,382,337,361,428,354,331,361,433,354,342,418
372,366,428,351,366,428,320,378,490,382,337,361,428,354,331,361,433,354,342,418
372,366,428,351,366,428,320,378,490,382,337,361,428,354,331,361,433,354,342,418
372,366,428,351,366,428,320,378,490,382,337,361,428,354,331,361,433,354,342,418
372,366,428,351,366,428,320,378,490,382,337,361,428,354,331,361,433,354,342,418
400,395,436,379,380,436,325,380,497,394,351,380,433,368,337,392,434,366,372,429
400,395,436,379,380,436,325,380,497,394,351,380,433,368,337,392,434,366,372,429
400,395,436,379,380,436,325,380,497,394,351,380,433,368,337,392,434,366,372,429
400,395,436,379,380,436,325,380,497,394,351,380,433,368,337,392,434,366,372,429
400,395,436,379,380,436,325,380,497,394,351,380,433,368,337,392,434,366,372,429
400,395,436,379,380,436,325,380,497,394,351,380,433,368,337,392,434,366,372,429
411,435,447,392,388,447,337,388,501,399,359,388,434,375,354,403,439,368,395,439
411,435,447,392,388,447,337,388,501,399,359,388,434,375,354,403,439,368,395,439
411,435,447,392,388,447,337,388,501,399,359,388,434,375,354,403,439,368,395,439
411,435,447,392,388,447,337,388,501,399,359,388,434,375,354,403,439,368,395,439
411,435,447,392,388,447,337,388,501,399,359,388,434,375,354,403,439,368,395,439
411,435,447,392,388,447,337,388,501,399,359,388,434,375,354,403,439,368,395,439
434,446,460,397,395,460,351,406,516,411,379,403,444,399,359,406,444,375,400,447
434,446,460,397,395,460,351,406,516,411,379,403,444,399,359,406,444,375,400,447
434,446,460,397,395,460,351,406,516,411,379,403,444,399,359,406,444,375,400,447
434,446,460,397,395,460,351,406,516,411,379,403,444,399,359,406,444,375,400,447
434,446,460,397,395,460,351,406,516,411,379,403,444,399,359,406,444,375,400,447
434,446,460,397,395,460,351,406,516,411,379,403,444,399,359,406,444,375,400,447
445,458,513,400,435,513,359,413,519,418,397,406,497,403,372,416,497,399,436,455
445,458,513,400,435,513,359,413,519,418,397,406,497,403,372,416,497,399,436,455
445,458,513,400,435,513,359,413,519,418,397,406,497,403,372,416,497,399,436,455
445,458,513,400,435,513,359,413,519,418,397,406,497,403,372,416,497,399,436,455
445,458,513,400,435,513,359,413,519,418,397,406,497,403,372,416,497,399,436,455
445,458,513,400,435,513,359,413,519,418,397,406,497,403,372,416,497,399,436,455
455,490,526,440,446,526,379,419,525,444,405,416,502,429,382,419,502,435,446,513
455,490,526,440,446,526,379,419,525,444,405,416,502,429,382,419,502,435,446,513
455,490,526,440,446,526,379,419,525,444,405,416,502,429,382,419,502,435,446,513
455,490,526,440,446,526,379,419,525,444,405,416,502,429,382,419,502,435,446,513
455,490,526,440,446,526,379,419,525,444,405,416,502,429,382,419,502,435,446,513
455,490,526,440,446,526,379,419,525,444,405,416,502,429,382,419,502,435,446,513
467,494,532,467,452,532,382,427,528,460,412,419,507,439,427,432,510,440,458,523
467,494,532,467,452,532,382,427,528,460,412,419,507,439,427,432,510,440,458,523
467,494,532,467,452,532,382,427,528,460,412,419,507,439,427,432,510,440,458,523
467,494,532,467,452,532,382,427,528,460,412,419,507,439,427,432,510,440,458,523
467,494,532,467,452,532,382,427,528,460,412,419,507,439,427,432,510,440,458,523
467,494,532,467,452,532,382,427,528,460,412,419,507,439,427,432,510,440,458,523
498,512,555,471,458,555,397,452,535,499,427,432,510,445,454,443,516,445,467,537
498,512,555,471,458,555,397,452,535,499,427,432,510,445,454,443,516,445,467,537
498,512,555,471,458,555,397,452,535,499,427,432,510,445,454,443,516,445,467,537
498,512,555,471,458,555,397,452,535,499,427,432,510,445,454,443,516,445,467,537
498,512,555,471,458,555,397,452,535,499,427,432,510,445,454,443,516,445,467,537
498,512,555,471,458,555,397,452,535,499,427,432,510,445,454,443,516,445,467,537
502,517,565,473,490,568,405,488,540,507,461,443,516,454,457,455,518,454,494,540
502,517,565,473,490,568,405,488,540,507,461,443,516,454,457,455,518,454,494,540
502,517,565,473,490,568,405,488,540,507,461,443,516,454,457,455,518,454,494,540
502,517,565,473,490,568,405,488,540,507,461,443,516,454,457,455,518,454,494,540
502,517,565,473,490,568,405,488,540,507,461,443,516,454,457,455,518,454,494,540
502,517,565,473,490,568,405,488,540,507,461,443,516,454,457,455,518,454,494,540
520,525,568,496,494,571,440,491,542,510,471,452,518,457,466,488,519,457,498,545
520,525,568,496,494,571,440,491,542,510,471,452,518,457,466,488,519,457,498,545
520,525,568,496,494,571,440,491,542,510,471,452,518,457,466,488,519,457,498,545
520,525,568,496,494,571,440,491,542,510,471,452,518,457,466,488,519,457,498,545
520,525,568,496,494,571,440,491,542,510,471,452,518,457,466,488,519,457,498,545
520,525,568,496,494,571,440,491,542,510,471,452,518,457,466,488,519,457,498,545
530,528,571,539,512,577,471,500,548,518,473,488,519,461,487,491,523,461,512,553
530,528,571,539,512,577,471,500,548,518,473,488,519,461,487,491,523,461,512,553
530,528,571,539,512,577,471,500,548,518,473,488,519,461,487,491,523,461,512,553
530,528,571,539,512,577,471,500,548,518,473,488,519,461,487,491,523,461,512,553
530,528,571,539,512,577,471,500,548,518,473,488,519,461,487,491,523,461,512,553
530,528,571,539,512,577,471,500,548,518,473,488,519,461,487,491,523,461,512,553
541,531,585,541,517,585,473,508,558,526,487,491,522,466,498,501,530,466,517,554
541,531,585,541,517,585,473,508,558,526,487,491,522,466,498,501,530,466,517,554
541,531,585,541,517,585,473,508,558,526,487,491,522,466,498,501,530,466,517,554
541,531,585,541,517,585,473,508,558,526,487,491,522,466,498,501,530,466,517,554
541,531,585,541,517,585,473,508,558,526,487,491,522,466,498,501,530,466,517,554
541,531,585,541,517,585,473,508,558,526,487,491,522,466,498,501,530,466,517,554
545,542,590,572,525,590,487,515,577,544,496,501,530,499,500,515,534,522,520,572
545,542,590,572,525,590,487,515,577,544,496,501,530,499,500,515,534,522,520,572
545,542,590,572,525,590,487,515,577,544,496,501,530,499,500,515,534,522,520,572
545,542,590,572,525,590,487,515,577,544,496,501,530,499,500,515,534,522,520,572
545,542,590,572,525,590,487,515,577,544,496,501,530,499,500,515,534,522,520,572
545,542,590,572,525,590,487,515,577,544,496,501,530,499,500,515,534,522,520,572
566,546,598,575,528,602,496,529,597,555,500,515,535,507,508,529,558,531,532,581
566,546,598,575,528,602,496,529,597,555,500,515,535,507,508,529,558,531,532,581
566,546,598,575,528,602,496,529,597,555,500,515,535,507,508,529,558,531,532,581
566,546,598,575,528,602,496,529,597,555,500,515,535,507,508,529,558,531,532,581
566,546,598,575,528,602,496,529,597,555,500,515,535,507,508,529,558,531,532,581
566,546,598,575,528,602,496,529,597,555,500,515,535,507,508,529,558,531,532,581
592,553,602,586,531,604,499,534,606,570,508,529,558,523,520,553,570,535,559,590
592,553,602,586,531,604,499,534,606,570,508,529,558,523,520,553,570,535,559,590
592,553,602,586,531,604,499,534,606,570,508,529,558,523,520,553,570,535,559,590
592,553,602,586,531,604,499,534,606,570,508,529,558,523,520,553,570,535,559,590
592,553,602,586,531,604,499,534,606,570,508,529,558,523,520,553,570,535,559,590
592,553,602,586,531,604,499,534,606,570,508,529,558,523,520,553,570,535,559,590
600,554,604,587,542,619,539,546,610,585,539,534,562,537,522,562,582,538,562,598
600,554,604,587,542,619,539,546,610,585,539,534,562,537,522,562,582,538,562,598
600,554,604,587,542,619,539,546,610,585,539,534,562,537,522,562,582,538,562,598
600,554,604,587,542,619,539,546,610,585,539,534,562,537,522,562,582,538,562,598
600,554,604,587,542,619,539,546,610,585,539,534,562,537,522,562,582,538,562,598
600,554,604,587,542,619,539,546,610,585,539,534,562,537,522,562,582,538,562,598
609,559,619,603,548,620,545,565,612,598,550,546,577,538,537,568,597,544,566,601
609,559,619,603,548,620,545,565,612,598,550,546,577,538,537,568,597,544,566,601
609,559,619,603,548,620,545,565,612,598,550,546,577,538,537,568,597,544,566,601
609,559,619,603,548,620,545,565,612,598,550,546,577,538,537,568,597,544,566,601
609,559,619,603,548,620,545,565,612,598,550,546,577,538,537,568,597,544,566,601
609,559,619,603,548,620,545,565,612,598,550,546,577,538,537,568,597,544,566,601
618,570,620,609,554,623,567,569,614,602,567,569,597,540,538,569,606,548,592,604
618,570,620,609,554,623,567,569,614,602,567,569,597,540,538,569,606,548,592,604
618,570,620,609,554,623,567,569,614,602,567,569,597,540,538,569,606,548,592,604
618,570,620,609,554,623,567,569,614,602,567,569,597,540,538,569,606,548,592,604
618,570,620,609,554,623,567,569,614,602,567,569,597,540,538,569,606,548,592,604
618,570,620,609,554,623,567,569,614,602,567,569,597,540,538,569,606,548,592,604
630,579,622,634,576,626,572,576,616,623,575,576,606,544,541,579,611,550,609,619
630,579,622,634,576,626,572,576,616,623,575,576,606,544,541,579,611,550,609,619
630,579,622,634,576,626,572,576,616,623,575,576,606,544,541,579,611,550,609,619
630,579,622,634,576,626,572,576,616,623,575,576,606,544,541,579,611,550,609,619
630,579,622,634,576,626,572,576,616,623,575,576,606,544,541,579,611,550,609,619
630,579,622,634,576,626,572,576,616,623,575,576,606,544,541,579,611,550,609,619
633,581,626,645,579,632,575,588,629,626,586,588,611,550,559,581,614,571,618,620
633,581,626,645,579,632,575,588,629,626,586,588,611,550,559,581,614,571,618,620
633,581,626,645,579,632,575,588,629,626,586,588,611,550,559,581,614,571,618,620
633,581,626,645,579,632,575,588,629,626,586,588,611,550,559,581,614,571,618,620
633,581,626,645,579,632,575,588,629,626,586,588,611,550,559,581,614,571,618,620
633,581,626,645,579,632,575,588,629,626,586,588,611,550,559,581,614,571,618,620
636,582,631,654,582,640,586,596,655,631,587,596,612,565,566,588,617,593,631,622
636,582,631,654,582,640,586,596,655,631,587,596,612,565,566,588,617,593,631,622
636,582,631,654,582,640,586,596,655,631,587,596,612,565,566,588,617,593,631,622
636,582,631,654,582,640,586,596,655,631,587,596,612,565,566,588,617,593,631,622
636,582,631,654,582,640,586,596,655,631,587,596,612,565,566,588,617,593,631,622
636,582,631,654,582,640,586,596,655,631,587,596,612,565,566,588,617,593,631,622
638,593,640,660,593,653,587,617,656,632,603,637,614,600,567,596,625,600,633,623
638,593,640,660,593,653,587,617,656,632,603,637,614,600,567,596,625,600,633,623
638,593,640,660,593,653,587,617,656,632,603,637,614,600,567,596,625,600,633,623
638,593,640,660,593,653,587,617,656,632,603,637,614,600,567,596,625,600,633,623
638,593,640,660,593,653,587,617,656,632,603,637,614,600,567,596,625,600,633,623
638,593,640,660,593,653,587,617,656,632,603,637,614,600,567,596,625,600,633,623
646,601,653,672,601,662,603,637,665,640,617,643,618,607,592,637,629,607,636,624
646,601,653,672,601,662,603,637,665,640,617,643,618,607,592,637,629,607,636,624
646,601,653,672,601,662,603,637,665,640,617,643,618,607,592,637,629,607,636,624
646,601,653,672,601,662,603,637,665,640,617,643,618,607,592,637,629,607,636,624
646,601,653,672,601,662,603,637,665,640,617,643,618,607,592,637,629,607,636,624
646,601,653,672,601,662,603,637,665,640,617,643,618,607,592,637,629,607,636,624
651,610,662,677,610,666,624,643,674,653,627,647,629,622,607,643,655,630,638,646
651,610,662,677,610,666,624,643,674,653,627,647,629,622,607,643,655,630,638,646
651,610,662,677,610,666,624,643,674,653,627,647,629,622,607,643,655,630,638,646
651,610,662,677,610,666,624,643,674,653,627,647,629,622,607,643,655,630,638,646
651,610,662,677,610,666,624,643,674,653,627,647,629,622,607,643,655,630,638,646
651,610,662,677,610,666,624,643,674,653,627,647,629,622,607,643,655,630,638,646
660,611,671,678,612,671,627,646,684,662,634,657,655,624,627,647,665,642,651,661
660,611,671,678,612,671,627,646,684,662,634,657,655,624,627,647,665,642,651,661
660,611,671,678,612,671,627,646,684,662,634,657,655,624,627,647,665,642,651,661
660,611,671,678,612,671,627,646,684,662,634,657,655,624,627,647,665,642,651,661
660,611,671,678,612,671,627,646,684,662,634,657,655,624,627,647,665,642,651,661
669,616,680,688,616,680,634,647,684,662,634,664,665,624,627,657,665,642,651,661
669,616,680,688,616,680,634,647,705,676,645,664,665,630,633,657,674,669,660,666
669,616,680,688,616,680,634,647,705,676,645,664,665,630,633,657,674,669,660,666
669,616,680,688,616,680,634,647,705,676,645,664,665,630,633,657,674,669,660,666
669,616,680,688,616,680,634,647,705,676,645,664,665,630,633,657,674,669,660,666
677,625,683,690,625,683,645,657,705,676,645,673,668,630,633,664,674,669,660,666
677,625,683,690,625,683,645,657,705,676,645,673,668,630,633,664,674,669,660,666
677,625,683,690,625,683,645,657,712,681,654,673,668,632,636,664,693,676,671,668
677,625,683,690,625,683,645,657,712,681,654,673,668,632,636,664,693,676,671,668
677,625,683,690,625,683,645,657,712,681,654,673,668,632,636,664,693,676,671,668
678,642,687,695,642,687,654,664,712,681,654,684,674,632,636,668,693,676,671,668
678,642,687,695,642,687,654,664,712,681,654,684,674,632,636,668,693,676,671,668
678,642,687,695,642,687,654,664,712,681,654,684,674,632,636,668,693,676,671,668
678,642,687,695,642,687,654,664,713,683,663,684,674,669,638,668,705,678,679,680
678,642,687,695,642,687,654,664,713,683,663,684,674,669,638,668,705,678,679,680
694,656,699,702,656,701,663,673,713,683,663,704,693,669,638,673,705,678,679,680
694,656,699,702,656,701,663,673,713,683,663,704,693,669,638,673,705,678,679,680
694,656,699,702,656,701,663,673,713,683,663,704,693,669,638,673,705,678,679,680
694,656,699,702,656,701,663,673,713,683,663,704,693,669,638,673,705,678,679,680
694,656,699,702,656,701,663,673,720,693,672,704,693,676,651,673,715,694,687,688
697,661,701,707,661,713,672,682,720,693,672,717,705,676,651,684,715,694,687,688
697,661,701,707,661,713,672,682,720,693,672,717,705,676,651,684,715,694,687,688
697,661,701,707,661,713,672,682,720,693,672,717,705,676,651,684,715,694,687,688
697,661,701,707,661,713,672,682,720,693,672,717,705,676,651,684,715,694,687,688
697,661,701,707,661,713,672,682,720,693,672,717,705,676,651,684,715,694,687,688
703,666,715,716,679,715,681,691,726,699,682,725,713,681,663,704,720,699,695,689
703,666,715,716,679,715,681,691,726,699,682,725,713,681,663,704,720,699,695,689
703,666,715,716,679,715,681,691,726,699,682,725,713,681,663,704,720,699,695,689
703,666,715,716,679,715,681,691,726,699,682,725,713,681,663,704,720,699,695,689
703,666,715,716,679,715,681,691,726,699,682,725,713,681,663,704,720,699,695,689
711,679,723,724,689,723,688,704,736,709,690,728,720,694,677,721,726,703,697,701
711,679,723,724,689,723,688,704,736,709,690,728,720,694,677,721,726,703,697,701
711,679,723,724,689,723,688,704,736,709,690,728,720,694,677,721,726,703,697,701
711,679,723,724,689,723,688,704,736,709,690,728,720,694,677,721,726,703,697,701
711,679,723,724,689,723,688,704,736,709,690,728,720,694,677,721,726,703,697,701
721,689,732,731,700,732,690,708,743,719,691,736,726,695,682,725,743,711,700,707
721,689,732,731,700,732,690,708,743,719,691,736,726,695,682,725,743,711,700,707
721,689,732,731,700,732,690,708,743,719,691,736,726,695,682,725,743,711,700,707
721,689,732,731,700,732,690,708,743,719,691,736,726,695,682,725,743,711,700,707
721,689,732,731,700,732,690,708,743,719,691,736,726,695,682,725,743,711,700,707
731,700,734,747,708,740,702,714,751,723,702,742,743,703,691,728,751,722,706,712
731,700,734,747,708,740,702,714,751,723,702,742,743,703,691,728,751,722,706,712
731,700,734,747,708,740,702,714,751,723,702,742,743,703,691,728,751,722,706,712
731,700,734,747,708,740,702,714,751,723,702,742,743,703,691,728,751,722,706,712
731,700,734,747,708,740,702,714,751,723,702,742,743,703,691,728,751,722,706,712
752,712,740,755,717,746,707,717,758,734,706,750,751,708,697,736,761,730,709,721
752,712,740,755,717,746,707,717,758,734,706,750,751,708,697,736,761,730,709,721
752,712,740,755,717,746,707,717,758,734,706,750,751,708,697,736,761,730,709,721
752,712,740,755,717,746,707,717,758,734,706,750,751,708,697,736,761,730,709,721
752,712,740,755,717,746,707,717,758,734,706,750,751,708,697,736,761,730,709,721
755,722,746,758,722,748,716,725,773,740,711,761,767,730,706,742,767,752,719,732
755,722,746,758,722,748,716,725,773,740,711,761,767,730,706,742,767,752,719,732
755,722,746,758,722,748,716,725,773,740,711,761,767,730,706,742,767,752,719,732
755,722,746,758,722,748,716,725,773,740,711,761,767,730,706,742,767,752,719,732
755,722,746,758,722,748,716,725,773,740,711,761,767,730,706,742,767,752,719,732
758,735,748,763,735,749,724,728,782,748,714,772,773,734,709,750,773,753,731,735
758,735,748,763,735,749,724,728,782,748,714,772,773,734,709,750,773,753,731,735
758,735,748,763,735,749,724,728,782,748,714,772,773,734,709,750,773,753,731,735
758,735,748,763,735,749,724,728,782,748,714,772,773,734,709,750,773,753,731,735
758,735,748,763,735,749,724,728,782,748,714,772,773,734,709,750,773,753,731,735
763,745,749,771,745,759,727,742,785,749,716,776,780,752,714,772,789,755,745,746
763,745,749,771,745,759,727,742,785,749,716,776,780,752,714,772,789,755,745,746
763,745,749,771,745,759,727,742,785,749,716,776,780,752,714,772,789,755,745,746
763,745,749,771,745,759,727,742,785,749,716,776,780,752,714,772,789,755,745,746
763,745,749,771,745,759,727,742,785,749,716,776,780,752,714,772,789,755,745,746
777,753,762,777,753,762,741,750,793,754,724,781,789,754,719,776,799,763,756,757
777,753,762,777,753,762,741,750,793,754,724,781,789,754,719,776,799,763,756,757
777,753,762,777,753,762,741,750,793,754,724,781,789,754,719,776,799,763,756,757
777,753,762,777,753,762,741,750,793,754,724,781,789,754,719,776,799,763,756,757
777,753,762,777,753,762,741,750,793,754,724,781,789,754,719,776,799,763,756,757
785,756,765,792,754,765,747,768,805,759,727,784,799,761,727,781,804,768,777,765
785,756,765,792,754,765,747,768,805,759,727,784,799,761,727,781,804,768,777,765
785,756,765,792,754,765,747,768,805,759,727,784,799,761,727,781,804,768,777,765
785,756,765,792,754,765,747,768,805,759,727,784,799,761,727,781,804,768,777,765
785,756,765,792,754,765,747,768,805,759,727,784,799,761,727,781,804,768,777,765
792,757,770,800,756,770,760,772,807,762,741,790,806,768,730,784,806,769,780,775
792,757,770,800,756,770,760,772,807,762,741,790,806,768,730,784,806,769,780,775
792,757,770,800,756,770,760,772,807,762,741,790,806,768,730,784,806,769,780,775
792,757,770,800,756,770,760,772,807,762,741,790,806,768,730,784,806,769,780,775
792,757,770,800,756,770,760,772,807,762,741,790,806,768,730,784,806,769,780,775
800,759,775,812,757,775,771,781,808,770,747,797,815,774,741,791,811,774,782,778
800,759,775,812,757,775,771,781,808,770,747,797,815,774,741,791,811,774,782,778
800,759,775,812,757,775,771,781,808,770,747,797,815,774,741,791,811,774,782,778
800,759,775,812,757,775,771,781,808,770,747,797,815,774,741,791,811,774,782,778
800,759,775,812,757,775,771,781,808,770,747,797,815,774,741,791,811,774,782,778
812,769,779,820,769,779,776,784,813,779,760,798,817,782,760,797,815,788,790,783
812,769,779,820,769,779,776,784,813,779,760,798,817,782,760,797,815,788,790,783
812,769,779,820,769,779,776,784,813,779,760,798,817,782,760,797,815,788,790,783
812,769,779,820,769,779,776,784,813,779,760,798,817,782,760,797,815,788,790,783
812,769,779,820,769,779,776,784,813,779,760,798,817,782,760,797,815,788,790,783
815,778,787,822,778,783,780,788,817,786,767,805,821,788,774,798,827,792,801,791
815,778,787,822,778,783,780,788,817,786,767,805,821,788,774,798,827,792,801,791
815,778,787,822,778,783,780,788,817,786,767,805,821,788,774,798,827,792,801,791
815,778,787,822,778,783,780,788,817,786,767,805,821,788,774,798,827,792,801,791
815,778,787,822,778,783,780,788,817,786,767,805,821,788,774,798,827,792,801,791
820,786,802,823,785,786,787,797,824,789,771,808,828,791,783,805,828,800,807,798
820,786,802,823,785,786,787,797,824,789,771,808,828,791,783,805,828,800,807,798
820,786,802,823,785,786,787,797,824,789,771,808,828,791,783,805,828,800,807,798
820,786,802,823,785,786,787,797,824,789,771,808,828,791,783,805,828,800,807,798
820,786,802,823,785,786,787,797,824,789,771,808,828,791,783,805,828,800,807,798
822,793,804,825,793,802,795,804,828,803,787,816,832,799,790,816,831,808,821,802
822,793,804,825,793,802,795,804,828,803,787,816,832,799,790,816,831,808,821,802
822,793,804,825,793,802,795,804,828,803,787,816,832,799,790,816,831,808,821,802
822,793,804,825,793,802,795,804,828,803,787,816,832,799,790,816,831,808,821,802
822,793,804,825,793,802,795,804,828,803,787,816,832,799,790,816,831,808,821,802
825,801,816,826,801,817,803,812,830,806,795,820,837,803,795,819,832,809,825,811
825,801,816,826,801,817,803,812,830,806,795,820,837,803,795,819,832,809,825,811
825,801,816,826,801,817,803,812,830,806,795,820,837,803,795,819,832,809,825,811
825,801,816,826,801,817,803,812,830,806,795,820,837,803,795,819,832,809,825,811
825,801,816,826,801,817,803,812,830,806,795,820,837,803,795,819,832,809,825,811
826,813,834,827,813,834,818,836,832,814,809,836,839,809,807,821,837,822,826,819
826,813,834,827,813,834,818,836,832,814,809,836,839,809,807,821,837,822,826,819
826,813,834,827,813,834,818,836,832,814,809,836,839,809,807,821,837,822,826,819
826,813,834,827,813,834,818,836,832,814,809,836,839,809,807,821,837,822,826,819
826,813,834,827,813,834,818,836,832,814,809,836,839,809,807,821,837,822,826,819
827,814,846,831,814,847,823,840,833,818,819,840,848,811,818,836,839,824,829,838
827,814,846,831,814,847,823,840,833,818,819,840,848,811,818,836,839,824,829,838
827,814,846,831,814,847,823,840,833,818,819,840,848,811,818,836,839,824,829,838
827,814,846,831,814,847,823,840,833,818,819,840,848,811,818,836,839,824,829,838
827,814,846,831,814,847,823,840,833,818,819,840,848,811,818,836,839,824,829,838
831,833,849,844,833,849,829,841,838,834,823,841,851,824,830,841,848,849,830,840
831,833,849,844,833,849,829,841,838,834,823,841,851,824,830,841,848,849,830,840
831,833,849,844,833,849,829,841,838,834,823,841,851,824,830,841,848,849,830,840
831,833,849,844,833,849,829,841,838,834,823,841,851,824,830,841,848,849,830,840
831,833,849,844,833,849,829,841,838,834,823,841,851,824,830,841,848,849,830,840
848,837,852,850,838,852,835,845,850,846,829,842,854,839,835,842,851,850,846,842
848,837,852,850,838,852,835,845,850,846,829,842,854,839,835,842,851,850,846,842
848,837,852,850,838,852,835,845,850,846,829,842,854,839,835,842,851,850,846,842
848,837,852,850,838,852,835,845,850,846,829,842,854,839,835,842,851,850,846,842
848,837,852,850,838,852,835,845,850,846,829,842,854,839,835,842,851,850,846,842
853,855,856,853,845,855,844,856,854,847,835,844,856,851,847,845,854,852,853,855
853,855,856,853,845,855,844,856,854,847,835,844,856,851,847,845,854,852,853,855
853,855,856,853,845,855,844,856,854,847,835,844,856,851,847,845,854,852,853,855
853,855,856,853,845,855,844,856,854,847,835,844,856,851,847,845,854,852,853,855
853,855,856,853,845,855,844,856,854,847,835,844,856,851,847,845,854,852,853,855