56,153,676,56,517,488,596,563,813,142,810,795,430,0,0,0,528,0,292,0
56,153,676,56,517,488,596,563,813,142,810,795,430,0,0,0,528,0,292,0
56,153,676,56,714,488,657,563,804,430,0,795,430,493,116,0,528,0,477,0
56,153,676,56,714,488,657,563,804,430,0,795,430,493,116,0,528,0,477,0
72,153,676,72,763,488,0,563,211,430,0,795,430,0,809,430,528,430,664,0
72,153,676,72,763,488,0,563,211,430,0,795,430,0,809,430,528,430,664,0
72,153,676,72,632,488,661,563,674,430,81,795,430,497,832,430,528,430,784,116
72,153,676,72,632,488,661,563,674,430,81,795,430,497,832,430,528,430,784,116
148,153,676,148,815,488,762,563,674,430,0,795,430,497,0,430,528,430,0,142
148,153,676,148,815,488,762,563,674,430,0,795,430,497,0,430,528,430,0,142
148,153,676,148,728,488,0,563,292,430,430,795,430,497,0,430,528,430,574,497
148,153,676,148,728,488,0,563,292,430,430,795,430,497,0,430,528,430,574,497
161,153,676,161,592,488,0,563,294,430,430,795,430,497,528,430,528,430,0,497
161,153,676,161,592,488,0,563,294,430,430,795,430,497,528,430,528,430,0,497
161,153,676,161,81,488,0,563,806,430,430,795,430,497,528,430,528,430,665,497
161,153,676,161,81,488,0,563,806,430,430,795,430,497,528,430,528,430,665,497
186,153,676,186,142,812,291,625,472,430,430,672,0,497,528,430,0,430,752,497
186,153,676,186,142,812,291,625,472,430,430,672,0,497,528,430,0,430,752,497
186,153,676,186,792,791,542,829,475,468,430,672,733,497,528,430,240,430,759,497
186,153,676,186,792,791,542,829,475,468,430,672,733,497,528,430,240,430,759,497
242,153,676,242,331,600,665,81,475,490,430,672,56,497,528,631,240,598,0,497
242,153,676,242,331,600,665,81,475,490,430,672,56,497,528,631,240,598,0,497
242,153,676,242,770,600,765,821,475,811,430,672,56,0,528,631,240,598,549,497
242,153,676,242,770,600,765,821,475,811,430,672,56,0,528,631,240,598,549,497
260,153,676,260,701,600,0,821,475,223,430,672,56,396,528,631,240,598,805,497
260,153,676,260,701,600,0,821,475,223,430,672,56,396,528,631,240,598,805,497
260,153,676,260,468,600,770,638,475,827,622,672,0,0,528,631,240,598,0,634
260,153,676,260,468,600,770,638,475,827,622,672,0,0,528,631,240,598,0,634
276,153,676,276,730,600,773,807,475,834,661,672,454,465,634,631,240,598,294,634
276,601,676,276,730,600,773,807,475,834,661,672,454,465,634,631,240,598,294,634
276,601,676,276,482,600,774,822,475,610,812,672,477,465,634,631,240,598,0,634
276,601,676,276,482,600,774,822,475,610,812,672,477,465,634,631,240,598,0,634
293,601,676,293,536,600,775,822,475,743,0,0,743,465,634,631,240,598,632,634
293,601,676,293,536,600,775,822,475,743,0,0,743,465,634,631,240,598,632,634
293,601,676,293,116,600,0,728,751,796,0,593,56,465,634,631,475,598,819,634
293,601,676,293,116,600,0,728,751,796,0,593,56,465,634,631,475,598,819,634
299,601,676,299,477,740,0,731,148,769,320,596,56,465,634,669,475,0,0,634
299,601,697,299,477,740,0,731,148,769,320,596,56,465,634,669,475,0,0,634
299,601,697,299,448,741,0,737,148,773,0,598,56,465,634,669,475,0,638,634
299,601,697,299,448,741,0,737,148,773,0,598,56,465,634,669,475,0,638,634
303,601,697,303,396,741,0,757,148,775,422,598,223,465,634,669,475,223,644,634
303,601,697,303,396,741,0,757,0,775,422,598,223,465,634,669,475,223,644,634
303,601,697,303,752,741,545,824,622,771,422,598,577,465,634,669,475,0,830,0
303,601,697,303,752,741,545,824,622,771,422,598,577,465,634,669,475,0,830,0
311,601,697,311,574,741,742,824,153,701,422,598,0,472,0,669,475,0,0,0
311,601,697,311,574,741,742,824,153,701,422,598,0,472,0,669,475,0,0,0
311,601,697,311,610,741,777,113,153,772,422,598,770,475,733,669,475,0,472,0
311,601,697,311,610,741,777,113,153,772,422,598,770,475,733,669,475,0,472,0
337,601,697,337,545,741,827,113,153,458,422,598,56,475,0,669,475,696,475,0
337,601,697,337,545,741,827,113,668,458,422,598,56,475,0,669,475,696,475,0
337,601,697,337,682,741,828,113,714,653,422,598,56,475,0,669,669,696,475,465
337,601,697,337,682,741,828,113,714,653,422,598,56,475,0,669,669,696,475,465
341,601,697,341,743,741,828,113,754,776,422,598,56,475,291,779,669,696,475,465
341,601,697,341,743,741,828,113,754,776,422,598,56,475,291,779,669,696,475,465
341,601,697,341,454,333,828,113,690,331,422,834,81,475,0,779,669,696,475,465
341,601,697,341,454,333,828,113,690,331,422,834,81,475,0,779,669,696,475,465
390,601,697,390,774,333,828,113,690,536,331,0,339,475,0,779,669,696,475,465
390,601,697,390,774,333,828,113,690,536,331,0,339,475,0,779,669,696,475,465
390,614,697,390,291,333,828,113,116,549,333,0,339,475,699,779,669,696,475,465
390,614,697,390,291,333,828,113,116,549,333,0,339,475,699,779,669,696,475,465
391,614,697,391,777,333,828,113,669,799,333,0,339,475,743,779,669,696,475,465
391,614,697,391,777,333,828,113,669,799,333,0,339,475,743,779,669,696,475,465
391,614,697,391,294,333,828,759,669,778,333,0,339,574,815,779,669,696,475,465
391,614,697,391,294,333,828,759,669,778,333,0,339,574,815,779,669,696,475,465
414,614,697,414,0,333,828,825,669,538,333,0,339,664,816,779,669,801,0,465
414,614,697,414,0,333,828,825,669,538,333,0,339,664,816,779,669,801,0,465
414,614,697,414,457,333,0,825,669,661,333,0,339,735,816,779,795,828,542,815
414,614,697,414,457,333,0,825,669,661,333,0,339,735,816,779,795,828,542,815
415,614,697,415,320,333,0,406,669,819,333,0,339,803,816,0,795,828,0,823
415,614,697,415,320,333,0,406,669,819,333,0,339,803,816,0,795,828,0,823
415,614,697,415,472,779,605,448,669,820,333,0,339,0,816,0,795,828,622,0
415,614,697,415,472,779,605,448,669,820,333,0,339,0,816,0,795,828,622,0
421,614,697,421,748,779,605,833,669,780,333,0,56,0,816,497,795,828,625,0
421,614,697,421,748,779,605,833,669,780,333,0,56,0,816,497,795,828,625,0
421,614,706,421,664,779,605,456,669,665,819,0,56,625,816,497,795,828,682,0
421,614,706,421,664,779,605,456,669,665,819,0,56,625,816,497,795,828,682,0
433,614,706,433,687,779,605,456,806,805,0,741,0,736,816,497,795,828,711,0
433,614,706,433,687,779,605,456,806,805,0,741,0,736,816,497,795,828,711,0
433,614,706,433,211,779,605,456,320,786,0,741,142,750,816,497,795,828,0,0
433,614,706,433,211,779,605,456,320,786,0,741,142,750,816,497,795,828,0,0
438,614,706,438,644,779,605,456,506,664,482,741,356,0,0,497,795,828,683,0
438,614,706,438,644,779,605,456,506,664,482,741,356,0,0,497,795,828,683,0
438,614,706,438,796,779,605,456,506,831,484,741,489,737,482,497,598,0,701,0
438,614,706,438,796,779,605,456,506,831,484,741,489,737,482,497,598,0,701,0
440,614,706,440,223,779,605,456,506,788,489,741,728,738,696,497,598,0,716,339
440,614,706,440,223,779,605,456,506,788,489,741,728,738,696,497,598,0,716,339
440,614,706,440,484,675,683,456,506,356,0,741,730,738,696,497,598,0,0,339
440,691,706,440,484,675,683,456,506,356,0,741,730,738,696,497,598,0,0,339
445,691,706,445,367,677,781,456,506,791,580,741,731,738,696,0,598,0,580,339
445,691,706,445,367,677,781,456,506,791,580,741,731,738,696,0,598,0,580,339
445,691,706,445,819,0,0,0,506,364,589,741,774,738,696,0,598,0,748,339
445,691,706,445,819,0,0,0,506,364,589,741,774,738,696,0,598,0,748,339
447,691,706,447,577,699,0,517,506,675,592,600,56,738,696,294,598,291,0,339
447,691,706,447,577,699,0,517,506,675,592,600,56,738,696,294,598,291,0,339
447,691,706,447,292,736,0,809,506,802,737,600,56,738,696,0,598,0,587,339
447,691,706,447,292,736,0,809,506,802,737,600,56,738,696,0,598,0,587,339
449,691,706,449,797,759,577,826,806,457,738,600,56,738,696,0,598,0,589,339
449,691,706,449,797,759,577,826,806,457,738,600,56,738,696,0,598,0,589,339
449,691,706,449,820,810,716,826,574,477,738,600,394,738,696,0,0,0,0,339
449,691,706,449,820,810,716,826,574,477,738,600,394,738,696,0,0,0,0,339
471,691,706,471,803,791,730,178,589,740,738,600,439,748,0,0,0,0,687,0
471,691,706,471,803,791,730,178,589,740,738,600,439,748,0,0,0,0,687,0
471,691,706,471,458,791,748,178,691,809,738,600,439,0,0,0,0,0,0,367
471,691,706,471,458,791,748,178,691,809,738,600,439,0,0,0,0,0,0,367
474,691,706,474,410,465,763,178,691,767,738,600,439,0,332,0,0,339,484,0
474,691,706,474,410,465,763,178,691,767,738,600,439,0,332,0,0,339,484,0
474,691,706,474,580,465,789,178,758,482,738,600,439,631,0,113,0,339,0,422
474,691,706,474,580,465,789,178,758,482,738,600,439,631,0,113,0,339,0,422
496,691,706,496,750,465,0,178,705,693,738,816,439,631,0,113,0,339,699,422
496,691,706,496,750,465,0,178,705,693,738,816,439,631,0,113,0,339,699,422
496,691,706,496,784,465,0,178,705,0,738,816,439,631,497,113,0,339,0,422
496,691,707,496,784,465,0,178,705,0,738,816,439,631,497,113,0,339,0,422
505,691,707,505,301,465,0,178,367,188,0,816,439,631,497,113,0,339,538,422
505,691,707,505,301,465,0,178,367,188,0,816,439,631,497,113,0,339,538,422
505,691,707,505,501,465,396,178,784,188,0,816,439,631,497,113,0,339,545,422
505,691,707,505,501,465,396,178,784,188,0,816,439,631,497,113,0,339,545,422
509,705,707,509,489,465,493,410,747,188,394,816,742,631,497,113,0,339,762,422
509,705,707,509,489,465,493,410,747,188,394,816,742,631,497,113,0,339,762,422
509,705,707,509,789,465,524,0,747,188,396,816,777,631,497,113,113,339,773,422
509,705,707,509,789,465,524,0,747,188,396,816,777,631,497,113,113,339,773,422
514,705,707,514,587,589,792,454,394,188,458,816,827,631,497,113,113,488,809,422
514,705,707,514,587,589,792,454,394,188,458,816,827,631,497,113,113,488,809,422
514,705,707,514,513,0,794,489,793,188,490,816,828,828,497,0,113,488,0,741
514,705,707,514,513,0,794,489,793,188,490,816,828,828,497,0,113,488,0,741
530,705,707,530,538,0,795,812,439,188,513,0,828,828,497,0,113,488,751,741
530,705,707,530,538,0,795,812,439,188,513,0,828,828,497,0,113,488,751,741
530,705,707,530,364,593,795,832,439,188,0,0,828,828,669,0,113,488,0,741
530,705,707,530,364,593,795,832,439,188,0,0,828,828,669,0,113,488,0,741
533,705,707,533,490,737,795,72,439,0,665,0,828,828,669,0,113,488,727,741
533,705,707,533,490,737,795,72,439,0,665,0,828,828,669,0,113,488,727,741
533,705,707,533,799,738,795,72,439,301,831,0,828,828,669,0,113,488,0,741
533,705,707,533,799,738,795,72,439,301,831,0,828,828,669,0,113,488,0,741
539,705,707,539,332,738,795,72,439,0,0,113,828,828,669,0,113,488,113,741
539,705,707,539,332,738,795,72,439,0,0,113,828,828,669,0,113,488,113,741
539,705,707,539,711,738,795,825,439,657,0,113,828,828,669,211,488,488,113,741
539,705,707,539,711,738,795,825,439,657,0,113,828,828,669,211,488,488,113,741
546,705,707,546,493,738,795,216,439,727,493,113,828,828,669,0,488,0,113,741
546,705,707,546,493,738,795,216,439,727,493,113,828,828,669,0,488,0,113,741
546,705,707,546,716,738,795,216,439,697,0,113,56,0,669,0,488,0,113,211
546,705,707,546,716,738,795,216,439,697,0,113,56,0,669,0,488,0,113,211
548,705,707,548,596,738,815,216,332,484,605,113,56,0,669,408,488,0,113,0
548,705,707,548,596,738,815,216,332,484,605,113,56,0,669,408,488,0,113,0
548,705,707,548,830,738,816,216,513,823,605,113,364,545,751,408,488,605,113,0
548,705,707,548,830,738,816,216,513,823,605,113,364,545,751,408,488,605,113,0
551,746,707,551,727,738,816,216,0,767,605,113,0,0,0,408,488,605,113,0
551,746,707,551,727,738,816,216,0,767,605,113,0,0,0,408,488,605,113,0
551,746,707,551,356,0,816,216,677,638,605,113,0,714,0,408,488,605,113,240
551,746,707,551,356,0,816,216,677,638,605,113,0,714,0,408,488,605,113,240
554,746,734,554,524,0,816,216,762,757,605,475,448,0,506,408,488,605,592,240
554,746,734,554,524,0,816,216,762,757,605,475,448,0,506,408,488,605,592,240
554,746,734,554,801,213,816,216,794,718,605,475,0,0,506,408,408,605,730,240
554,746,734,554,801,213,816,216,794,718,605,475,0,0,506,408,408,605,730,240
560,746,734,560,542,213,816,0,760,644,605,475,0,406,506,408,408,605,811,240
560,746,734,560,542,213,816,0,760,644,605,475,0,406,506,408,408,605,811,240
560,746,734,560,805,213,816,687,760,0,605,475,506,490,506,408,408,605,0,240
561,746,734,561,805,213,816,687,760,0,605,475,506,490,506,408,408,605,0,240
561,746,734,561,765,213,816,711,240,652,675,475,506,605,506,0,408,605,735,240
561,746,734,561,765,213,816,711,240,652,675,475,506,605,506,0,408,605,735,240
564,746,734,564,394,213,0,736,240,696,677,475,506,605,506,0,408,0,0,240
564,746,734,564,394,213,0,736,240,696,677,475,506,605,506,0,408,0,0,240
564,746,734,564,406,213,0,752,240,696,708,475,506,605,506,456,408,0,364,240
567,746,734,567,406,213,0,752,240,696,708,475,506,605,506,456,408,0,364,240
567,746,734,567,549,213,0,161,240,696,708,475,506,605,506,456,408,0,714,506
567,746,734,567,549,213,0,161,240,696,708,475,506,605,506,456,408,0,714,506
581,746,734,581,754,213,692,161,240,696,708,408,506,605,536,456,408,0,742,506
581,746,734,581,754,213,692,161,240,696,708,408,506,605,536,456,408,0,742,506
581,746,734,581,683,708,693,161,240,696,708,408,506,605,542,456,672,0,775,506
582,746,734,582,683,708,693,161,240,696,708,408,506,605,542,456,672,0,775,506
582,746,734,582,622,708,0,408,240,696,708,408,506,605,610,456,672,506,820,506
582,746,734,582,622,708,0,408,240,696,708,408,506,605,610,456,672,506,820,506
585,746,734,585,751,708,733,408,240,696,708,408,605,605,740,456,672,506,0,506
585,746,734,585,751,708,733,408,240,696,708,408,605,605,740,456,672,506,0,506
585,747,734,585,625,708,750,408,803,696,708,408,605,632,758,456,672,506,406,506
597,747,734,597,625,708,750,408,803,696,708,408,605,632,758,456,672,506,406,506
597,747,734,597,832,708,808,408,761,731,708,408,605,0,0,456,672,506,517,506
597,747,734,597,832,708,808,408,761,731,708,408,605,0,0,456,672,506,517,506
602,747,734,602,652,708,0,408,761,706,0,408,605,0,0,563,672,506,0,506
602,747,734,602,652,708,0,408,761,706,0,408,605,0,0,563,672,506,0,506
602,747,734,602,653,708,0,408,682,528,731,408,605,517,422,563,672,506,0,827
604,747,734,604,653,708,0,408,682,528,731,408,605,517,422,563,672,506,0,827
604,747,734,604,781,708,0,408,735,528,0,708,605,644,422,563,672,506,652,828
604,747,734,604,781,708,0,408,735,528,0,708,605,644,422,563,672,506,652,828
606,747,734,606,807,422,580,408,797,528,0,708,605,752,422,563,456,506,653,828
606,747,734,606,807,422,580,408,797,528,0,708,605,752,422,563,456,506,653,828
606,747,734,606,692,422,0,823,801,528,0,708,605,781,422,563,456,774,657,828
608,747,739,608,692,422,0,823,801,528,0,708,605,781,422,563,456,774,657,828
608,747,739,608,758,422,587,830,808,528,631,708,56,799,422,563,456,796,0,828
608,747,739,608,758,422,587,830,808,528,631,708,56,799,422,563,456,796,0,828
611,747,739,611,733,422,592,831,764,528,631,708,56,805,422,563,456,808,675,828
611,747,739,611,733,422,592,831,764,528,631,708,56,805,422,563,456,808,675,828
611,747,739,611,735,422,0,834,764,528,631,708,456,0,422,563,456,0,677,828
613,747,739,613,735,422,0,834,764,528,631,708,456,0,422,563,456,0,677,828
613,747,739,613,811,422,598,414,593,528,631,708,456,0,422,0,456,0,708,828
613,747,739,613,811,422,598,414,593,528,631,708,456,0,422,0,456,0,708,828
615,747,739,615,153,422,598,414,699,186,631,708,456,501,0,0,456,0,708,828
615,747,739,615,153,422,598,414,699,186,631,708,456,501,0,0,456,0,708,828
615,747,739,615,153,422,598,414,742,186,631,488,456,0,0,0,456,0,708,0
619,747,739,619,153,422,598,414,742,186,631,488,456,0,0,0,456,0,708,0
619,747,739,619,153,631,598,826,810,186,631,488,456,683,549,0,708,0,708,0
619,747,739,619,153,631,598,826,810,276,631,488,456,683,549,0,708,0,708,0
623,767,739,623,153,631,598,672,782,276,631,488,456,757,0,0,708,439,708,524
623,767,739,623,153,631,598,672,782,276,631,488,456,757,0,0,708,439,708,524
623,767,739,623,153,631,598,672,782,276,0,488,456,762,811,0,708,439,708,795
626,767,739,626,153,631,598,672,782,276,0,488,456,762,811,0,708,439,708,795
626,767,739,626,153,631,598,672,339,299,0,488,456,0,834,0,708,439,708,795
626,767,739,626,153,631,598,672,339,299,0,488,456,0,834,0,708,439,708,795
633,767,739,633,153,631,598,672,339,299,465,488,693,0,0,422,708,439,708,795
633,767,739,633,153,631,598,672,339,299,465,488,693,0,0,422,708,439,708,795
633,767,739,633,601,631,501,672,339,299,465,488,696,687,0,422,708,439,454,795
635,767,739,635,601,631,501,672,339,303,465,488,696,687,0,422,708,439,454,795
635,767,739,635,601,631,0,672,339,303,465,488,696,784,178,422,708,439,593,795
635,767,739,635,601,631,0,672,339,303,465,488,696,784,178,422,708,439,593,795
639,767,739,639,601,631,0,672,339,303,465,0,696,807,178,422,708,439,750,795
639,767,739,639,601,631,0,672,339,303,465,0,696,807,178,422,708,439,750,795
639,767,739,639,601,676,632,672,339,311,465,0,696,0,178,422,0,439,0,795
646,767,739,646,601,676,632,672,339,311,465,0,696,0,178,422,0,439,0,795
646,767,739,646,601,676,634,421,339,311,465,0,696,0,178,422,0,792,356,795
646,767,739,646,601,676,634,421,339,311,465,0,696,0,178,422,0,792,356,795
647,767,739,647,601,676,634,421,339,311,465,0,696,524,178,422,0,797,0,0
647,767,739,647,601,676,634,421,339,341,465,0,696,524,178,422,0,797,0,0
647,767,739,647,601,676,634,421,242,341,465,0,696,792,178,422,0,812,457,0
648,767,739,648,601,676,634,421,242,341,465,0,696,792,178,422,0,812,457,0
648,767,776,648,614,676,634,433,242,341,0,0,696,794,178,598,0,0,803,0
648,767,776,648,614,676,634,433,242,341,0,0,696,794,178,598,0,0,803,0
651,767,776,651,614,676,634,433,242,390,0,0,795,796,178,598,0,0,0,0
651,767,776,651,614,676,634,433,260,390,0,0,795,796,178,598,0,0,0,0
651,767,776,651,614,676,634,433,260,390,0,0,795,797,188,598,0,0,0,0
654,767,776,654,614,676,634,445,260,390,0,0,795,797,188,598,0,0,0,0
654,769,776,654,614,676,634,445,260,390,410,178,795,801,188,598,0,0,178,0
654,769,776,654,614,676,634,445,260,415,410,178,795,801,188,598,0,0,178,0
655,769,776,655,614,676,634,445,293,415,763,178,795,808,188,598,178,0,178,0
655,769,776,655,614,697,634,445,293,415,763,178,795,808,188,598,178,0,178,0
655,769,776,655,614,697,813,447,293,415,765,178,795,0,188,598,178,188,178,0
663,769,776,663,614,697,813,447,293,415,765,178,795,0,188,598,178,188,178,0
663,769,776,663,614,697,0,447,293,440,0,178,795,0,188,598,178,188,178,610
663,769,776,663,614,697,0,447,337,440,0,178,795,0,188,598,178,188,178,610
668,769,776,668,691,697,0,447,337,440,770,178,795,711,188,598,178,188,178,0
668,769,776,668,691,697,0,449,337,440,770,178,795,711,188,598,178,188,178,0
668,769,776,668,691,697,0,449,337,440,777,178,795,0,188,488,178,188,178,0
670,769,776,670,691,697,0,449,337,471,777,178,795,0,188,488,178,188,178,0
670,769,776,670,691,697,497,449,391,471,0,178,831,0,188,488,178,188,178,0
670,769,776,670,691,697,497,449,391,471,0,178,831,0,188,488,178,188,178,0
673,769,776,673,691,697,497,539,391,471,0,178,56,367,0,488,178,188,178,631
673,769,776,673,691,697,497,539,391,471,0,178,56,367,0,488,178,188,178,631
673,769,776,673,691,697,497,539,391,496,0,528,56,0,0,488,178,188,0,631
674,769,776,674,691,697,497,539,438,496,0,528,56,0,0,488,178,188,0,631
674,769,776,674,691,697,497,539,438,496,692,528,56,0,596,488,188,188,0,631
674,769,776,674,691,697,497,546,438,496,692,528,56,0,596,488,188,188,0,631
679,769,776,679,691,706,497,546,438,496,693,528,56,457,0,488,188,600,465,631
679,769,776,679,691,706,497,546,438,514,693,528,56,457,0,488,188,600,465,631
679,769,776,679,705,706,497,546,474,514,696,528,56,513,701,488,188,600,465,631
684,769,776,684,705,706,497,546,474,514,696,528,56,513,701,488,188,600,465,631
684,769,776,684,705,706,497,561,474,514,696,528,56,716,820,488,188,600,465,631
684,769,776,684,705,706,497,561,474,514,696,528,56,716,820,488,188,600,465,631
689,769,776,689,705,706,497,561,474,533,696,528,188,0,0,672,188,600,465,631
689,769,776,689,705,706,497,561,505,533,696,528,188,0,0,672,188,600,465,631
689,772,776,689,705,706,502,561,505,533,696,528,188,0,0,672,188,600,465,631
690,772,776,690,705,706,502,564,505,533,696,528,188,0,0,672,188,600,465,631
690,772,776,690,705,706,502,564,505,533,696,528,188,240,0,672,188,600,465,301
690,772,778,690,705,706,502,564,505,597,696,528,188,240,0,672,188,600,465,301
695,772,778,695,705,706,502,564,509,597,696,563,188,240,301,672,188,600,465,736
695,772,778,695,705,706,502,564,509,597,696,563,188,240,301,672,188,600,465,736
695,772,778,695,705,706,502,567,509,597,696,563,188,240,0,672,0,600,465,0
702,772,778,702,705,706,502,567,509,597,696,563,188,240,0,672,0,600,465,0
702,772,778,702,746,706,502,567,509,613,696,563,188,240,333,672,0,816,536,0
702,772,778,702,746,707,502,567,530,613,696,563,188,240,333,672,0,816,536,0
709,772,778,709,746,707,502,567,530,613,0,563,188,240,333,672,0,816,0,0
709,772,778,709,746,707,502,608,530,613,0,563,188,240,333,672,0,816,0,0
709,772,778,709,746,707,502,608,530,613,727,563,188,240,333,672,0,816,0,0
712,772,778,712,746,707,502,608,530,614,727,563,188,240,333,672,0,816,0,0
712,772,778,712,746,707,502,608,548,614,740,563,410,240,333,213,563,816,563,0
712,772,778,712,746,707,502,608,548,614,740,563,410,240,333,213,563,816,563,0
713,772,778,713,746,707,0,615,548,614,0,563,0,240,333,213,563,816,563,0
713,772,778,713,746,707,0,615,548,614,0,563,0,240,333,213,563,816,563,0
713,772,778,713,746,707,0,615,548,633,0,563,468,692,333,213,563,816,563,213
718,772,778,718,746,707,0,615,551,633,0,563,468,692,333,213,563,816,563,213
718,772,778,718,746,707,0,615,551,633,0,634,0,763,333,213,563,816,563,213
718,772,778,718,746,707,0,639,551,633,0,634,0,763,333,213,563,816,563,213
720,772,778,720,747,707,0,639,551,635,213,634,758,765,333,213,563,816,563,213
720,772,778,720,747,707,0,639,551,635,213,634,758,765,333,213,563,816,563,213
720,772,778,720,747,707,0,639,554,635,213,634,56,773,339,213,563,779,563,213
723,772,778,723,747,707,0,639,554,635,213,634,56,773,339,213,563,779,563,213
723,772,778,723,747,734,0,663,554,646,213,634,56,775,339,213,563,779,563,213
723,772,778,723,747,734,0,663,554,646,213,634,56,775,339,213,563,779,563,213
724,780,778,724,747,734,0,663,554,646,213,634,56,789,339,213,563,779,563,213
724,780,778,724,747,734,0,663,560,646,213,634,56,789,339,213,563,779,563,213
724,780,778,724,747,734,0,663,560,651,213,634,56,810,339,216,0,779,0,213
726,780,778,726,747,734,0,679,560,651,213,634,56,810,339,216,0,779,0,213
726,780,778,726,747,734,0,679,560,651,213,634,320,0,339,216,0,779,754,213
726,780,778,726,747,734,0,679,560,651,213,634,320,0,339,216,0,779,754,213
729,780,778,729,747,734,0,679,581,655,213,634,331,0,339,216,0,779,781,816
729,780,778,729,747,734,0,679,581,655,213,634,331,0,339,216,0,779,781,816
729,780,778,729,767,734,0,684,581,655,213,213,332,333,339,216,0,779,0,816
732,780,778,732,767,734,0,684,581,655,213,213,332,333,339,216,0,779,0,816
732,780,778,732,767,734,0,684,581,670,0,213,587,333,339,216,216,779,0,816
732,780,778,732,767,734,0,684,582,670,0,213,587,333,339,216,216,779,0,816
745,780,788,745,767,734,0,684,582,670,0,213,738,333,0,216,216,216,333,816
745,780,788,745,767,734,0,689,582,670,0,213,738,333,0,216,216,216,333,816
745,780,788,745,767,734,0,689,582,673,652,213,738,333,754,216,216,216,333,816
749,780,788,749,767,739,0,689,582,673,652,213,738,333,754,216,216,216,333,816
749,780,788,749,767,739,0,689,585,673,653,213,738,333,0,216,216,216,333,816
749,780,788,749,767,739,0,689,585,673,653,213,738,333,0,216,216,216,333,816
753,780,788,753,767,739,0,702,585,676,657,213,738,333,0,502,216,216,333,816
753,780,788,753,767,739,0,702,585,676,657,213,738,333,0,502,216,216,333,816
753,780,788,753,767,739,0,702,585,676,757,213,738,333,0,502,216,216,333,816
760,780,788,760,769,739,0,702,601,676,757,213,738,333,0,502,216,216,333,816
760,780,788,760,769,739,0,702,601,695,759,213,738,333,240,502,216,216,333,0
760,780,788,760,769,739,0,709,601,695,759,213,738,333,240,502,216,216,333,0
761,780,788,761,769,739,0,709,601,695,807,216,738,0,240,502,216,216,333,439
761,780,788,761,769,739,0,709,601,695,807,216,738,0,240,502,216,216,333,439
761,780,788,761,769,739,0,709,602,697,0,216,738,0,240,502,779,216,333,439
764,780,788,764,769,739,0,709,602,697,0,216,738,0,240,502,779,216,333,439
764,782,788,764,769,739,0,713,602,697,0,216,634,439,240,502,779,672,0,439
764,782,788,764,769,739,0,713,602,697,0,216,634,439,240,502,779,672,0,439
766,782,788,766,769,739,0,713,602,706,0,216,634,439,240,502,779,672,408,439
766,782,788,766,769,739,0,713,604,706,0,216,634,439,240,502,779,672,408,439
766,782,788,766,769,776,0,713,604,706,501,216,634,439,240,502,779,672,408,439
771,782,788,771,769,776,0,723,604,706,501,216,634,439,240,502,779,672,408,439
771,782,788,771,772,776,0,723,604,707,502,216,634,439,240,292,779,672,408,439
771,782,788,771,772,776,0,723,604,707,502,216,634,439,240,292,779,672,408,439
786,782,788,786,772,776,0,723,606,707,502,216,634,439,240,741,779,672,408,439
786,782,788,786,772,776,0,723,606,707,502,216,634,439,240,741,779,672,408,439
786,782,788,786,772,776,0,724,606,712,502,216,634,439,0,741,779,672,408,439
790,782,788,790,772,776,0,724,606,712,502,216,634,439,0,741,779,672,408,439
790,782,788,790,772,776,0,724,606,712,502,0,634,439,538,741,779,672,408,669
790,782,788,790,772,776,0,724,611,712,502,0,634,439,538,741,779,672,408,669
793,782,788,793,772,776,0,724,611,718,502,0,634,439,577,741,0,672,408,669
793,782,788,793,772,776,0,726,611,718,502,0,634,439,577,741,0,672,408,669
793,782,788,793,772,776,0,726,611,718,502,0,0,458,0,741,0,794,408,669
798,782,788,798,772,776,0,726,611,718,502,0,0,458,0,741,0,794,408,669
798,782,788,798,772,776,0,726,619,720,502,0,638,682,728,741,0,799,448,669
798,782,788,798,780,776,0,726,619,720,502,0,638,682,728,741,0,799,448,669
800,782,791,800,780,776,0,732,619,720,502,0,823,813,0,741,0,813,468,669
800,782,791,800,780,778,0,732,619,720,502,0,823,813,0,741,0,813,468,669
800,782,791,800,780,778,0,732,619,729,789,0,830,0,0,741,0,0,661,669
802,782,791,802,780,778,0,732,623,729,789,0,830,0,0,741,0,0,661,669
802,782,791,802,780,778,0,732,623,729,0,0,832,0,0,0,0,0,0,669
802,782,791,802,780,778,0,753,623,729,0,0,832,0,0,0,0,0,0,669
806,782,791,806,780,778,0,753,623,734,0,0,56,502,502,0,0,0,0,669
806,782,791,806,780,778,0,753,623,734,0,0,56,502,502,0,0,0,0,669
806,804,791,806,780,778,0,753,626,734,0,0,56,502,502,0,0,0,738,528
814,804,791,814,780,778,0,753,626,734,0,0,56,502,502,0,0,0,738,528
814,804,791,814,780,778,0,790,626,739,741,0,56,502,502,0,600,0,738,528
814,804,791,814,780,778,0,790,626,739,741,0,56,502,502,0,600,0,738,528
817,804,791,817,782,778,0,790,626,739,741,0,56,502,502,0,600,456,738,528
817,804,791,817,782,778,0,790,647,739,741,0,56,502,502,0,600,456,738,528
817,804,791,817,782,778,0,790,647,745,741,0,56,502,502,0,600,456,738,528
821,804,791,821,782,778,0,798,647,745,741,0,56,502,502,0,600,456,738,528
821,804,791,821,782,778,0,798,647,745,741,0,56,502,502,0,600,456,738,528
821,804,791,821,782,778,0,798,647,745,741,0,56,502,502,0,600,456,738,528
822,804,791,822,782,788,0,798,648,746,741,0,779,502,502,600,600,456,738,528
822,804,791,822,782,788,0,798,648,746,741,0,779,502,502,600,600,456,738,528
822,804,791,822,782,788,0,800,648,746,741,0,779,502,502,600,600,456,738,528
824,804,791,824,782,788,0,800,648,746,741,0,779,502,502,600,600,456,738,528
824,804,791,824,782,788,0,800,648,749,741,0,779,0,0,600,600,456,738,528
824,804,791,824,782,788,0,800,654,749,741,0,779,0,0,600,600,456,738,528
825,804,791,825,782,788,0,800,654,749,741,0,779,0,0,600,600,456,0,0
825,804,791,825,804,788,0,814,654,749,741,0,779,0,0,600,600,456,0,0
825,804,791,825,804,788,0,814,654,766,0,0,779,0,0,600,0,456,0,0
826,804,791,826,804,788,0,814,654,766,0,0,779,0,0,600,0,456,0,0
826,804,791,826,804,788,0,814,668,766,0,0,779,0,0,600,0,0,0,0
826,804,791,826,804,788,0,814,668,766,0,0,779,0,0,600,0,0,0,0
829,804,791,829,804,788,0,817,668,767,0,0,779,0,0,600,0,0,0,0
829,804,791,829,804,788,0,817,668,767,0,0,779,0,0,600,0,0,0,0
829,804,791,829,804,788,0,817,668,767,0,0,779,0,0,600,0,0,0,0
833,804,791,833,804,788,0,817,793,767,0,0,779,0,0,600,0,0,0,0
833,804,791,833,804,788,0,817,793,0,0,0,0,0,0,0,0,0,0,0
833,804,791,833,804,0,0,0,793,0,0,0,0,0,0,0,0,0,0,0