120,300,245,120,822,919,932,919,359,120,495,285,245,495,0,493,919,932,877,0
120,300,245,120,822,919,932,919,359,120,495,285,245,495,0,493,919,932,877,0
120,300,245,120,797,948,897,799,359,120,495,285,245,495,0,493,799,897,0,0
120,300,245,120,797,948,897,799,359,120,495,285,245,495,0,493,799,897,0,0
120,300,245,120,915,953,617,792,359,120,495,285,245,495,0,493,792,617,881,0
120,300,245,120,915,953,617,792,359,120,495,285,245,495,0,493,792,617,881,0
120,300,245,120,957,962,377,821,359,120,495,285,245,495,0,493,821,377,920,0
120,300,245,120,957,962,377,821,359,120,495,285,245,495,0,493,821,377,920,0
120,300,245,120,698,963,698,867,359,120,495,285,245,495,0,493,867,698,0,0
120,300,245,120,698,963,698,867,359,120,495,285,245,495,0,493,867,698,0,0
233,399,245,233,932,0,955,389,359,233,495,285,245,495,0,493,389,955,0,0
233,399,381,233,932,0,955,389,475,233,495,399,359,495,0,493,389,955,0,0
233,399,381,233,377,0,797,356,475,233,495,399,359,495,0,493,356,797,718,0
233,399,381,233,377,0,797,356,475,233,495,399,359,495,0,493,356,797,718,0
233,399,381,233,829,0,107,691,475,233,495,399,359,495,0,493,691,107,813,0
233,399,381,233,829,0,107,691,475,233,495,399,359,495,0,493,691,107,813,0
233,399,381,233,689,0,949,915,475,233,0,399,359,0,0,682,915,949,821,0
233,399,381,233,689,0,949,915,475,233,0,399,359,0,0,682,915,949,821,0
233,399,381,233,873,0,708,951,475,233,0,399,359,0,0,689,951,708,921,0
233,399,381,233,873,0,708,951,475,233,0,399,359,0,0,689,951,708,921,0
285,508,381,306,949,477,754,789,475,300,0,399,359,0,0,0,789,754,0,0
285,508,381,306,949,477,754,789,475,300,0,399,359,0,0,0,789,754,0,0
285,508,504,306,955,753,943,740,549,300,0,508,529,0,0,0,740,943,0,0
285,508,504,306,955,753,943,740,549,300,0,508,529,0,0,0,740,943,0,0
285,508,504,306,943,0,822,726,549,300,0,508,529,0,0,0,726,822,719,0
285,508,504,306,943,0,822,726,549,300,0,508,529,0,0,0,726,822,719,0
285,508,504,306,897,760,906,148,549,300,0,508,529,0,0,772,148,906,746,0
285,508,504,306,897,760,906,148,549,300,0,508,529,0,0,772,148,906,746,0
285,508,504,306,107,0,894,609,549,300,0,508,529,0,0,943,609,894,951,0
285,508,504,306,107,0,894,609,549,300,0,508,529,0,0,943,609,894,951,0
409,549,504,359,827,0,961,237,549,306,0,508,529,0,0,955,237,961,953,0
409,549,504,359,827,0,961,237,549,306,0,508,529,0,0,955,237,961,953,0
409,549,504,359,418,770,862,637,549,306,0,508,529,0,0,0,637,862,962,0
409,549,523,359,418,770,862,637,557,306,0,523,557,0,0,0,637,862,962,0
409,549,523,359,855,771,957,823,557,306,0,523,557,0,0,0,823,957,0,0
409,549,523,359,855,771,957,823,557,306,0,523,557,0,0,0,823,957,0,0
409,549,523,359,862,773,807,962,557,306,0,523,557,0,0,0,962,807,0,0
409,549,523,359,862,773,807,962,557,306,0,523,557,0,0,0,962,807,0,0
409,549,523,359,708,789,885,937,557,306,0,523,557,0,0,554,937,885,496,0
409,549,523,359,708,789,885,937,557,306,0,523,557,0,0,554,937,885,496,0
475,557,523,409,609,813,689,407,557,381,0,523,557,0,0,591,407,689,496,0
475,557,523,409,609,813,689,407,557,381,0,523,557,0,0,591,407,689,496,0
475,557,523,409,559,0,829,917,557,381,0,523,557,0,0,0,917,829,496,0
475,557,523,409,559,0,829,917,557,381,0,523,557,0,0,0,917,829,496,0
475,557,528,409,617,851,671,718,560,381,0,528,560,0,0,653,718,671,496,0
475,557,528,409,617,851,671,718,560,381,0,528,560,0,0,653,718,671,496,0
475,557,528,409,899,852,682,532,560,381,0,528,560,0,0,700,532,682,496,0
475,557,528,409,899,852,682,532,560,381,0,528,560,0,0,700,532,682,496,0
475,557,528,409,820,858,739,920,560,381,0,528,560,0,0,0,920,739,496,0
475,557,528,409,820,858,739,920,560,381,0,528,560,0,0,0,920,739,496,0
480,560,528,475,876,861,684,719,560,409,0,528,560,0,0,0,719,684,496,0
480,560,528,475,876,861,684,719,560,409,0,528,560,0,0,0,719,684,496,0
480,560,528,475,906,867,716,900,560,409,0,528,560,0,0,0,900,716,496,0
480,560,528,475,906,867,716,900,560,409,0,528,560,0,0,0,900,716,496,0
480,560,528,475,148,0,737,559,560,409,0,528,560,0,0,377,559,737,0,0
480,560,529,475,148,0,737,559,600,409,0,553,568,0,0,377,559,737,0,0
480,560,529,475,950,0,820,858,600,409,0,553,568,0,0,0,858,820,851,0
480,560,529,475,950,0,820,858,600,409,0,553,568,0,0,0,858,820,851,0
480,560,529,475,958,881,827,881,600,409,0,553,568,0,0,876,881,827,852,0
480,560,529,475,958,881,827,881,600,409,0,553,568,0,0,876,881,827,852,0
578,608,529,553,926,937,855,482,600,578,0,553,568,0,0,894,482,855,858,0
578,608,529,553,926,937,855,482,600,578,0,553,568,0,0,894,482,855,858,0
578,608,529,553,237,941,758,839,600,578,0,553,568,0,0,902,839,758,861,0
578,608,529,553,237,941,758,839,600,578,0,553,568,0,0,902,839,758,861,0
578,608,529,553,880,946,700,723,600,578,0,553,568,0,0,957,723,700,867,0
578,608,529,553,880,946,700,723,600,578,0,553,568,0,0,957,723,700,867,0
578,608,558,553,637,0,675,651,608,578,0,558,570,0,0,0,651,675,882,0
578,608,558,553,637,0,675,651,608,578,0,558,570,0,0,0,651,675,882,0
578,608,558,553,882,0,958,963,608,578,0,558,570,0,0,0,963,958,926,0
578,608,558,553,882,0,958,963,608,578,0,558,570,0,0,0,963,958,926,0
628,687,558,570,691,0,418,861,608,672,0,558,570,0,0,0,861,418,937,0
628,687,558,570,691,0,418,861,608,672,0,558,570,0,0,0,861,418,937,0
628,687,558,570,743,0,554,612,608,672,0,558,570,0,0,495,612,554,0,0
628,687,558,570,743,0,554,612,608,672,0,558,570,0,0,495,612,554,0,0
628,687,558,570,885,730,873,0,608,672,0,558,570,0,0,495,0,873,0,0
628,687,558,570,885,730,873,0,608,672,0,558,570,0,0,495,0,873,0,0
628,687,558,570,894,746,876,946,608,672,0,558,570,0,0,495,946,876,651,0
628,687,561,570,894,746,876,946,616,672,0,561,600,0,0,495,946,876,651,0
628,687,561,570,895,920,722,926,616,672,0,561,600,0,0,495,926,722,691,0
628,687,561,570,895,920,722,926,616,672,0,561,600,0,0,495,926,722,691,0
648,695,561,578,754,0,880,437,616,683,0,561,600,0,0,495,437,880,0,0
648,695,561,578,754,0,880,437,616,683,0,561,600,0,0,495,437,880,0,0
648,695,561,578,532,0,899,730,616,683,0,561,600,0,0,495,730,899,0,0
648,695,561,578,532,0,899,730,616,683,0,561,600,0,0,495,730,899,0,0
648,695,561,578,807,0,727,874,616,683,0,561,600,0,0,495,874,727,723,0
648,695,561,578,807,0,727,874,616,683,0,561,600,0,0,495,874,727,723,0
648,695,561,578,718,356,859,921,616,683,0,561,600,0,0,495,921,859,770,0
648,695,561,578,718,356,859,921,616,683,0,561,600,0,0,495,921,859,770,0
648,695,568,578,811,792,591,813,627,683,0,571,608,0,0,0,813,591,928,0
648,695,568,578,811,792,591,813,627,683,0,571,608,0,0,0,813,591,928,0
666,701,568,586,671,0,598,477,627,686,0,571,608,0,0,164,477,598,963,0
666,701,568,586,671,0,598,477,627,686,0,571,608,0,0,164,477,598,963,0
666,701,568,586,961,821,603,676,627,686,0,571,608,0,0,164,676,603,0,0
666,701,568,586,961,821,603,676,627,686,0,571,608,0,0,164,676,603,0,0
666,701,568,586,902,0,626,882,627,686,0,571,608,0,0,164,882,626,0,0
666,701,568,586,902,0,626,882,627,686,0,571,608,0,0,164,882,626,0,0
666,701,568,586,758,0,652,928,627,686,493,571,608,493,0,164,928,652,609,0
666,701,568,586,758,0,652,928,627,686,493,571,608,493,0,164,928,652,609,0
666,701,568,586,908,0,895,877,669,686,493,586,616,493,0,164,877,895,799,0
666,701,600,586,908,0,895,877,669,686,493,586,616,493,0,164,877,895,799,0
672,703,600,628,684,389,653,903,669,695,493,586,616,493,0,164,903,653,929,0
672,703,600,628,684,389,653,903,669,695,493,586,616,493,0,164,903,653,929,0
672,703,600,628,917,823,729,890,669,695,493,586,616,493,0,164,890,729,0,0
672,703,600,628,917,823,729,890,669,695,493,586,616,493,0,164,890,729,0,0
672,703,600,628,916,0,908,661,669,695,493,586,616,493,0,164,661,908,0,0
672,703,600,628,916,0,908,661,669,695,493,586,616,493,0,164,661,908,0,0
672,703,600,628,719,0,694,851,669,695,493,586,616,493,0,727,851,694,773,0
672,703,600,628,719,0,694,851,669,695,493,586,616,493,0,727,851,694,773,0
672,703,600,628,612,0,743,771,681,695,493,613,627,493,0,820,771,743,0,0
672,703,600,628,612,0,743,771,681,695,493,613,627,493,0,820,771,743,0,0
686,704,613,666,700,407,745,909,681,712,493,613,627,493,0,822,909,745,903,0
686,704,613,666,700,407,745,909,681,712,493,613,627,493,0,822,909,745,903,0
686,704,613,666,859,874,748,746,681,712,496,613,627,496,0,827,746,748,933,0
686,704,613,666,859,874,748,746,681,712,496,613,627,496,0,827,746,748,933,0
686,704,613,666,922,921,761,753,681,712,496,613,627,496,0,906,753,761,0,0
686,704,613,666,922,921,761,753,681,712,496,613,627,496,0,906,753,761,0,0
686,704,613,666,737,0,766,806,681,712,496,613,627,496,0,958,806,766,0,0
686,704,613,666,737,0,766,806,681,712,496,613,627,496,0,958,806,766,0,0
686,704,613,666,0,0,772,760,692,712,496,704,669,496,0,0,760,772,612,0
686,704,613,666,0,0,772,760,692,712,496,704,669,496,0,0,760,772,612,0
705,707,613,672,739,0,902,929,692,715,496,704,669,496,0,0,929,902,0,0
705,707,616,672,739,0,902,929,692,715,496,704,669,496,0,0,929,902,0,0
705,707,616,672,554,437,779,770,692,715,496,704,669,496,0,0,770,779,661,0
705,707,616,672,554,437,779,770,692,715,496,704,669,496,0,0,770,779,661,0
705,707,616,672,675,877,811,773,692,715,496,704,669,496,0,729,773,811,726,0
705,707,616,672,675,877,811,773,692,715,496,704,669,496,0,729,773,811,726,0
705,707,616,672,722,928,916,948,692,715,496,704,669,496,0,908,948,916,792,0
705,707,616,672,722,928,916,948,692,715,496,704,669,496,0,908,948,916,792,0
705,707,616,672,934,0,922,852,701,715,499,705,681,499,0,961,852,922,0,0
705,707,616,672,934,0,922,852,701,715,499,705,681,499,0,961,852,922,0,0
712,715,616,686,682,0,934,933,701,742,499,705,681,499,0,0,933,934,0,0
712,715,616,686,682,0,934,933,701,742,499,705,681,499,0,0,933,934,0,0
712,715,627,686,716,0,938,935,701,742,499,705,681,499,0,0,935,938,237,0
712,715,627,686,716,0,938,935,701,742,499,705,681,499,0,0,935,938,237,0
712,715,627,686,938,482,950,941,701,742,499,705,681,499,0,0,941,950,919,0
712,715,627,686,938,482,950,941,701,742,499,705,681,499,0,0,941,950,919,0
712,715,627,686,694,839,285,953,701,742,499,705,681,499,0,496,953,0,935,0
712,715,627,686,694,839,285,953,701,742,499,705,681,499,0,496,953,0,935,0
712,715,627,686,726,0,285,245,707,742,499,731,687,499,0,496,0,0,0,0
712,715,627,686,726,0,285,245,707,742,499,731,687,499,0,496,0,0,0,0
714,720,627,714,591,0,285,245,707,751,499,731,687,499,0,496,0,0,0,0
714,720,627,714,591,0,285,245,707,751,499,731,687,499,0,496,0,0,0,0
714,720,627,714,652,0,285,245,707,751,499,731,687,499,0,496,0,0,493,0
714,720,669,714,652,0,285,245,707,751,499,731,687,499,0,496,0,0,493,0
714,720,669,714,598,0,285,245,707,751,0,731,687,0,0,496,0,0,493,0
714,720,669,714,598,0,285,245,707,751,0,731,687,0,0,496,0,0,493,0
714,720,669,714,603,661,285,245,707,751,0,731,687,0,0,496,0,0,493,0
714,720,669,714,603,661,399,245,707,751,0,731,687,0,0,496,0,0,493,0
714,720,669,714,626,723,399,523,714,751,0,738,707,0,0,496,0,0,493,0
714,720,669,714,626,723,399,523,714,751,0,738,707,0,0,496,0,0,493,0
751,731,669,750,951,799,399,523,714,764,0,738,707,0,0,496,0,0,493,0
751,731,669,750,951,799,399,523,714,764,0,738,707,0,0,496,0,0,493,0
751,731,669,750,651,929,399,523,714,764,0,738,707,0,0,916,0,0,493,0
751,731,669,750,651,929,399,523,714,764,0,738,707,0,0,916,0,0,493,0
751,731,681,750,653,0,399,523,714,764,0,738,707,0,0,0,0,0,493,0
751,731,681,750,653,0,399,523,714,764,0,738,707,0,0,0,0,0,493,0
751,731,681,750,727,0,399,523,714,764,0,738,707,0,0,0,0,0,493,0
751,731,681,750,727,0,399,523,714,764,0,738,707,0,0,0,0,0,493,0
751,731,681,750,0,0,480,528,720,764,0,782,720,0,0,0,0,0,0,0
751,731,681,750,0,0,480,528,720,764,0,782,720,0,0,0,0,0,0,0
774,741,681,751,729,164,480,528,720,774,164,782,720,164,0,0,0,0,789,0
774,741,681,751,729,164,480,528,720,774,164,782,720,164,0,0,0,0,789,0
774,741,681,751,745,164,480,528,720,774,164,782,720,164,0,855,0,0,0,0
774,741,681,751,745,164,480,528,720,774,164,782,720,164,0,855,0,0,0,0
774,741,681,751,748,164,480,528,720,774,164,782,720,164,0,859,0,0,823,0
774,741,683,751,748,164,480,528,720,774,164,782,720,164,0,859,0,0,823,0
774,741,683,751,761,164,480,528,720,774,164,782,720,164,0,862,0,0,890,0
774,741,683,751,761,164,480,528,720,774,164,782,720,164,0,862,0,0,890,0
774,741,683,751,766,164,480,529,750,774,164,791,741,164,0,873,0,0,900,0
774,741,683,751,766,164,504,529,750,774,164,791,741,164,0,873,0,0,900,0
808,764,683,765,772,164,504,529,750,785,164,791,741,164,0,880,0,0,909,0
808,764,683,765,772,164,504,529,750,785,164,791,741,164,0,880,0,0,909,0
808,764,683,765,0,164,504,529,750,785,164,791,741,164,0,895,0,0,941,0
808,764,683,765,0,164,504,529,750,785,164,791,741,164,0,895,0,0,941,0
808,764,683,765,779,164,504,529,750,785,164,791,741,164,0,922,0,0,0,0
808,764,683,765,779,164,504,529,750,785,164,791,741,164,0,922,0,0,0,0
808,764,738,765,300,495,504,529,750,785,0,791,741,0,0,0,0,0,0,0
808,764,738,765,300,495,504,529,750,785,0,791,741,0,0,0,0,0,0,0
808,764,738,765,300,495,504,561,765,785,0,795,750,0,0,0,0,0,356,0
808,764,738,774,300,495,504,561,765,785,0,795,750,0,0,0,0,0,356,0
819,769,738,774,300,495,508,561,765,812,0,795,750,0,0,0,0,0,806,0
819,769,738,774,300,495,508,561,765,812,0,795,750,0,0,0,0,0,806,0
819,769,738,774,300,495,508,561,765,812,0,795,750,0,0,0,0,0,0,0
819,769,738,774,300,495,508,561,765,812,0,795,750,0,0,0,0,0,0,0
819,769,738,774,300,495,508,561,765,812,0,795,750,0,0,708,0,0,0,0
819,769,738,774,300,495,508,561,765,812,0,795,750,0,0,708,0,0,0,0
819,769,738,774,571,495,508,561,765,812,0,795,750,0,0,716,0,0,389,0
819,769,742,774,571,495,508,561,765,812,0,795,750,0,0,716,0,0,389,0
819,769,742,800,571,495,508,571,769,812,0,800,765,0,0,737,0,0,0,0
819,769,742,800,571,495,508,571,769,812,0,800,765,0,0,737,0,0,0,0
826,785,742,800,571,495,508,571,769,819,0,800,765,0,0,0,0,0,0,0
826,785,742,800,571,495,553,571,769,819,0,800,765,0,0,0,0,0,0,0
826,785,742,800,571,496,553,571,769,819,0,800,765,0,0,0,0,0,915,0
826,785,742,800,571,496,553,571,769,819,0,800,765,0,0,0,0,0,915,0
826,785,742,800,571,496,553,571,769,819,0,800,765,0,0,0,0,0,946,0
826,785,742,800,571,496,553,571,769,819,0,800,765,0,0,0,0,0,946,0
826,785,742,800,687,496,553,571,769,819,0,800,765,0,0,107,0,0,0,0
826,785,742,805,687,496,553,571,769,819,0,800,765,0,0,107,0,0,0,0
826,785,782,805,687,496,553,613,784,819,0,808,769,0,0,0,0,0,0,0
826,785,782,805,687,496,553,613,784,819,0,808,769,0,0,0,0,0,0,0
828,795,782,805,687,496,553,613,784,836,0,808,769,0,0,722,0,0,437,0
828,795,782,805,687,496,553,613,784,836,0,808,769,0,0,722,0,0,437,0
828,795,782,805,687,496,558,613,784,836,0,808,769,0,0,739,0,0,499,0
828,795,782,805,687,496,558,613,784,836,0,808,769,0,0,739,0,0,499,0
828,795,782,805,687,496,558,613,784,836,0,808,769,0,0,0,0,0,499,0
828,795,782,805,687,496,558,613,784,836,0,808,769,0,0,0,0,0,499,0
828,795,782,828,701,496,558,613,784,836,0,808,769,0,0,0,0,0,499,0
828,795,782,828,701,496,558,613,784,836,0,808,769,0,0,0,0,0,499,0
828,795,782,828,701,890,558,731,788,836,0,825,784,0,0,0,0,0,499,0
828,795,788,828,701,890,558,731,788,836,0,825,784,0,0,0,0,0,499,0
837,810,788,828,701,900,558,731,788,845,0,825,784,0,0,0,0,0,499,0
837,810,788,828,701,900,558,731,788,845,0,825,784,0,0,0,0,0,499,0
837,810,788,828,701,903,558,731,788,845,0,825,784,0,0,598,0,0,499,0
837,810,788,828,701,903,570,731,788,845,0,825,784,0,0,598,0,0,499,0
837,810,788,828,701,909,570,731,788,845,0,825,784,0,0,617,0,0,499,0
837,810,788,833,703,909,570,731,788,845,0,825,784,0,0,617,0,0,499,0
837,810,788,833,703,933,570,731,788,845,0,825,784,0,0,0,0,0,499,0
837,810,788,833,703,933,570,731,788,845,0,825,784,0,0,0,0,0,499,0
837,810,788,833,703,0,570,741,810,845,0,835,788,0,0,0,0,0,839,0
837,810,788,833,703,0,570,741,810,845,0,835,788,0,0,0,0,0,839,0
838,835,791,833,703,0,570,741,810,847,0,835,788,0,0,743,0,0,0,0
838,835,791,833,703,0,570,741,810,847,0,835,788,0,0,743,0,0,0,0
838,835,791,833,703,0,570,741,810,847,0,835,788,0,0,885,0,0,0,0
838,835,791,833,703,0,570,741,810,847,0,835,788,0,0,885,0,0,0,0
838,835,791,845,712,499,586,741,810,847,0,835,788,0,0,897,0,0,407,0
838,835,791,845,712,499,586,741,810,847,0,835,788,0,0,897,0,0,407,0
838,835,791,845,712,499,586,741,810,847,0,835,788,0,0,934,0,0,0,0
838,835,791,845,712,499,586,741,810,847,0,835,788,0,0,934,0,0,0,0
838,835,791,845,712,499,586,791,837,847,0,838,810,0,0,0,0,0,0,0
838,835,791,845,712,499,586,791,837,847,0,838,810,0,0,0,0,0,0,0
845,842,791,845,712,499,586,791,837,886,0,838,810,0,0,0,0,0,948,0
845,842,812,845,712,499,586,791,837,886,0,838,810,0,0,0,0,0,948,0
845,842,812,845,712,499,586,791,837,886,0,838,810,0,0,0,0,0,0,0
845,842,812,848,715,499,586,791,837,886,0,838,810,0,0,0,0,0,0,0
845,842,812,848,715,499,586,791,837,886,0,838,810,0,0,0,0,0,0,0
845,842,812,848,715,499,648,791,837,886,0,838,810,0,0,0,0,0,0,0
845,842,812,848,715,499,648,791,837,886,0,838,810,0,0,418,0,0,477,0
845,842,812,848,715,499,648,791,837,886,0,838,810,0,0,418,0,0,477,0
845,842,812,848,715,499,648,795,842,886,0,843,826,0,0,0,0,0,0,0
845,842,812,848,715,499,648,795,842,886,0,843,826,0,0,0,0,0,0,0
850,844,812,848,715,0,648,795,842,888,0,843,826,0,0,671,0,0,0,0
850,844,812,848,715,0,648,795,842,888,0,843,826,0,0,671,0,0,0,0
850,844,825,850,785,676,648,795,842,888,0,843,826,0,0,684,0,0,482,0
850,844,825,850,785,676,648,795,842,888,0,843,826,0,0,684,0,0,482,0
850,844,825,850,785,740,648,795,842,888,0,843,826,0,0,694,0,0,753,0
850,844,825,850,785,740,648,795,842,888,0,843,826,0,0,694,0,0,753,0
850,844,825,850,785,806,705,795,842,888,0,843,826,0,0,698,0,0,0,0
850,844,825,850,785,806,705,795,842,888,0,843,826,0,0,698,0,0,0,0
850,844,825,850,785,935,705,800,846,888,0,844,837,0,0,745,0,0,760,0
850,844,825,850,785,935,705,800,846,888,0,844,837,0,0,745,0,0,760,0
853,846,825,850,785,0,705,800,846,892,0,844,837,0,0,754,0,0,0,0
853,846,825,868,819,0,705,800,846,892,0,844,837,0,0,754,0,0,0,0
853,846,825,868,819,0,705,800,846,892,0,844,837,0,0,0,0,0,771,0
853,846,836,868,819,0,705,800,846,892,0,844,837,0,0,0,0,0,771,0
853,846,836,868,819,0,705,800,846,892,0,844,837,0,0,758,0,0,0,0
853,846,836,868,819,0,705,800,846,892,0,844,837,0,0,758,0,0,0,0
853,846,836,868,819,493,705,800,846,892,480,844,837,306,0,0,0,0,0,0
853,846,836,868,819,493,738,800,846,892,480,844,837,306,0,0,0,0,0,0
853,846,836,868,819,493,738,808,850,892,480,848,842,306,0,761,0,0,0,0
853,846,836,868,819,493,738,808,850,892,480,848,842,306,0,761,0,0,0,0
854,865,836,884,835,493,738,808,850,905,480,848,842,306,0,766,0,0,495,0
854,865,836,884,835,493,738,808,850,905,480,848,842,306,0,766,0,0,495,0
854,865,836,884,835,493,738,808,850,905,480,848,842,306,0,0,0,0,495,0
854,865,836,884,835,493,738,808,850,905,480,848,842,306,0,0,0,0,495,0
854,865,841,884,835,493,738,808,850,905,480,848,842,306,0,779,0,0,495,0
854,865,841,884,835,493,738,808,850,905,480,848,842,306,0,779,0,0,495,0
854,865,841,884,835,493,738,808,850,905,480,848,842,504,0,807,0,0,495,0
854,865,841,884,835,493,738,808,850,905,628,848,842,504,0,807,0,0,495,0
854,865,841,884,835,493,782,825,853,905,628,870,846,504,0,0,0,0,495,0
870,865,841,886,853,493,782,825,853,905,628,870,846,504,0,0,0,0,495,0
870,875,841,886,853,493,782,825,853,913,628,870,846,504,0,0,0,0,495,0
870,875,841,886,853,493,782,825,853,913,628,870,846,504,0,0,0,0,495,0
870,875,841,886,853,381,782,825,853,913,628,870,846,504,0,0,0,0,495,0
870,875,841,886,853,381,782,825,853,913,628,870,846,504,0,0,0,0,495,0
870,875,841,886,853,381,782,825,853,913,628,870,846,504,0,675,0,0,495,0
870,875,843,886,853,381,782,825,853,913,628,870,846,504,0,675,0,0,495,0
870,875,843,886,853,381,782,825,853,913,628,870,846,549,0,748,0,0,740,0
870,875,843,886,853,381,782,825,853,913,628,870,846,549,0,748,0,0,740,0
886,875,843,888,854,381,805,826,868,913,648,875,854,549,0,899,0,0,0,0
886,875,843,888,854,381,805,826,868,913,648,875,854,549,0,899,0,0,0,0
886,887,843,888,854,381,805,826,868,923,648,875,854,549,0,0,0,0,0,0
886,887,843,888,854,381,805,826,868,923,648,875,854,549,0,0,0,0,0,0
886,887,843,888,854,568,805,826,868,923,648,875,854,549,0,932,0,0,0,0
886,887,843,888,854,568,805,826,868,923,648,875,854,549,0,932,0,0,0,0
886,887,843,888,854,568,805,826,868,923,648,875,854,549,0,938,0,0,637,0
886,887,843,888,854,568,805,826,868,923,648,875,854,549,0,938,0,0,637,0
886,887,847,888,854,568,805,826,868,923,648,875,854,692,0,0,0,0,676,0
888,887,847,891,865,568,805,843,868,923,648,875,854,692,0,0,0,0,676,0
888,887,847,891,865,568,833,843,887,923,666,878,865,692,0,0,0,0,730,0
888,887,847,891,865,568,833,843,887,923,666,878,865,692,0,0,0,0,730,0
888,889,847,891,865,568,833,843,887,925,666,878,865,692,0,0,0,0,0,0
888,889,847,891,865,568,833,843,887,925,666,878,865,692,0,0,0,0,0,0
888,889,847,891,865,683,833,843,887,925,666,878,865,692,0,0,0,0,0,0
888,889,847,891,865,683,833,843,887,925,666,878,865,692,0,0,0,0,0,0
888,889,847,891,865,683,833,843,887,925,666,878,865,692,0,797,0,0,0,0
888,889,847,891,865,683,833,843,887,925,666,878,865,692,0,797,0,0,0,0
891,889,847,905,878,683,833,844,887,925,666,878,865,742,0,0,0,0,148,0
891,889,904,905,878,683,833,844,887,925,666,878,865,742,0,0,0,0,148,0
891,889,904,905,878,683,838,844,891,925,703,883,868,742,0,811,0,0,0,0
891,889,904,905,878,683,838,844,891,925,703,883,868,742,0,811,0,0,0,0
891,892,904,905,878,683,838,844,891,927,703,883,868,742,0,0,0,0,532,0
891,892,904,905,878,683,838,844,891,927,703,883,868,742,0,0,0,0,532,0
891,892,904,905,878,692,838,844,891,927,703,883,868,742,0,0,0,0,0,0
891,892,904,905,878,692,838,844,891,927,703,883,868,742,0,0,0,0,0,0
891,892,904,905,878,692,838,844,891,927,703,883,868,742,0,0,0,0,0,0
907,892,904,907,883,692,838,870,891,927,703,883,868,764,0,0,0,0,0,0
907,892,904,907,883,692,838,870,891,927,703,883,868,764,0,603,0,0,0,0
907,892,904,907,883,692,838,870,891,927,703,883,868,764,0,603,0,0,0,0
907,892,930,907,883,692,841,870,901,927,805,889,901,764,0,0,0,0,559,0
907,892,930,907,883,692,841,870,901,927,805,889,901,764,0,0,0,0,559,0
907,901,930,907,883,692,841,870,901,930,805,889,901,764,0,0,0,0,0,0
907,901,930,907,883,692,841,870,901,930,805,889,901,764,0,0,0,0,0,0
907,901,930,907,883,695,841,870,901,930,805,889,901,764,0,0,0,0,0,0
907,901,930,907,883,695,841,870,901,930,805,889,901,764,0,0,0,0,0,0
913,901,930,912,887,695,841,875,901,930,805,889,901,847,0,0,0,0,0,0
913,901,930,912,887,695,841,875,901,930,805,889,901,847,0,0,0,0,0,0
913,901,930,912,887,695,841,875,901,930,805,889,901,847,0,652,0,0,874,0
913,901,930,912,887,695,841,875,901,930,805,889,901,847,0,652,0,0,874,0
913,901,944,912,887,695,848,875,911,930,828,904,911,847,0,829,0,0,917,0
913,901,944,912,887,695,848,875,911,930,828,904,911,847,0,829,0,0,917,0
913,911,944,912,887,695,848,875,911,939,828,904,911,847,0,0,0,0,0,0
913,911,944,912,887,695,848,875,911,939,828,904,911,847,0,0,0,0,0,0
913,911,944,912,887,704,848,875,911,939,828,904,911,847,0,949,0,0,0,0
923,911,944,913,892,704,848,878,911,939,828,904,911,905,0,949,0,0,0,0
923,911,944,913,892,704,848,878,911,939,828,904,911,905,0,0,0,0,0,0
923,911,944,913,892,704,848,878,911,939,828,904,911,905,0,0,0,0,0,0
923,911,944,913,892,704,848,878,911,939,828,904,911,905,0,0,0,0,164,0
923,911,944,913,892,704,848,878,911,939,828,904,911,905,0,0,0,0,164,0
923,911,945,913,892,704,884,878,912,939,833,907,912,905,0,0,0,0,164,0
923,911,945,913,892,704,884,878,912,939,833,907,912,905,0,0,0,0,164,0
923,914,945,913,892,704,884,878,912,947,833,907,912,905,0,0,0,0,164,0
923,914,945,913,892,704,884,878,912,947,833,907,912,905,0,0,0,0,164,0
925,914,945,918,927,784,884,883,912,947,833,907,912,918,0,626,0,0,164,0
925,914,945,918,927,784,884,883,912,947,833,907,912,918,0,626,0,0,164,0
925,914,945,918,927,784,884,883,912,947,833,907,912,918,0,950,0,0,164,0
925,914,945,918,927,784,884,883,912,947,833,907,912,918,0,950,0,0,164,0
925,914,945,918,927,784,884,883,912,947,833,907,912,918,0,0,0,0,164,0
925,914,945,918,927,784,884,883,912,947,833,907,912,918,0,0,0,0,164,0
925,914,952,918,927,784,918,883,914,947,841,924,914,918,0,0,0,0,164,0
925,914,952,918,927,784,918,883,914,947,841,924,914,918,0,0,0,0,164,0
925,924,952,918,927,784,918,883,914,954,841,924,914,918,0,0,0,0,164,0
940,924,952,925,947,812,918,889,914,954,841,924,914,923,0,0,0,0,164,0
940,924,952,925,947,812,918,889,914,954,841,924,914,923,0,0,0,0,0,0
940,924,952,925,947,812,918,889,914,954,841,924,914,923,0,0,0,0,0,0
940,924,952,925,947,812,918,889,914,954,841,924,914,923,0,499,0,0,0,0
940,924,952,925,947,812,918,889,914,954,841,924,914,923,0,499,0,0,0,0
940,924,952,925,947,812,918,889,914,954,841,924,914,923,0,499,0,0,0,0
940,924,952,925,947,812,918,889,914,954,841,924,914,923,0,499,0,0,0,0
940,924,956,925,947,812,924,889,945,954,884,940,945,923,0,499,0,0,0,0
940,924,956,925,947,812,924,889,945,954,884,940,945,923,0,499,0,0,0,0
947,927,956,939,954,836,924,904,945,956,884,940,945,939,0,499,0,0,0,0
947,927,956,939,954,836,924,904,945,956,884,940,945,939,0,499,0,0,0,0
947,927,956,939,954,836,924,904,945,956,884,940,945,939,0,499,0,0,0,0
947,927,956,939,954,836,924,904,945,956,884,940,945,939,0,499,0,0,0,0
947,927,956,939,954,836,924,904,945,956,884,940,945,939,0,499,0,0,0,0
947,927,956,939,954,836,924,904,945,956,884,940,945,939,0,499,0,0,0,0
947,927,956,939,954,836,924,904,945,956,884,940,945,939,0,499,0,0,0,0
947,927,956,939,954,836,924,904,945,956,884,940,945,939,0,499,0,0,0,0
947,927,959,939,954,836,944,904,952,956,944,959,952,939,0,499,0,0,0,0
954,960,959,940,960,930,944,959,952,960,944,959,952,956,0,499,0,0,0,0
954,960,959,940,960,930,944,959,952,960,944,959,952,956,0,0,0,0,0,0
954,960,959,940,960,930,944,959,952,960,944,959,952,956,0,0,0,0,0,0
954,960,959,940,960,930,944,959,952,960,944,959,952,956,0,0,0,0,0,0
954,960,959,940,960,930,944,959,952,960,944,959,952,956,0,0,0,0,0,0
954,960,959,940,960,930,944,959,952,960,944,959,952,956,0,0,0,0,0,0
954,960,959,940,960,930,944,959,952,960,944,959,952,956,0,0,0,0,0,0
954,960,959,940,960,930,944,959,952,960,944,959,952,956,0,0,0,0,0,0
954,960,959,940,960,930,944,959,952,960,944,959,952,956,0,0,0,0,0,0