223,875,657,223,517,1226,1414,936,541,1108,1253,0,952,789,1064,674,974,1265,1423,0
223,875,657,223,517,1226,1414,936,541,1108,1253,0,952,789,1064,674,974,1265,1423,0
223,875,657,223,390,1227,886,1080,1267,1391,884,1345,952,806,1064,817,980,1265,1266,425
280,875,657,280,390,1227,886,1080,1267,1391,884,1345,952,806,1064,817,980,1265,1266,425
280,875,657,280,1222,1238,1051,1392,1412,799,885,1351,952,0,1064,846,982,1265,787,425
280,875,657,280,1222,1238,1051,1392,1412,799,885,1351,952,0,1064,846,982,1265,787,425
290,875,657,290,1035,1253,1157,1389,1153,806,886,1351,952,836,1064,1190,987,1265,0,425
290,875,657,290,1035,1253,1157,1389,1153,806,886,1351,952,836,1064,1190,987,1265,0,425
290,875,657,290,281,1371,155,390,1250,810,1260,1351,952,1055,1064,1190,993,1265,1197,425
327,875,657,327,281,1371,155,390,1250,810,1260,1351,952,1055,1064,1190,993,1265,1197,425
327,875,657,327,402,1387,336,405,1226,1028,994,1351,952,1135,1064,1190,1002,1265,1266,425
327,908,670,327,402,1387,336,405,1226,1028,994,1351,952,1135,1064,1190,1002,1265,1266,425
338,908,670,338,1278,1420,336,1400,731,617,1343,1351,952,0,1064,1190,1400,1265,1266,425
338,908,670,338,1278,1420,336,1400,731,617,1343,1351,952,0,1064,1190,1400,1265,1266,425
338,908,670,338,1097,1311,336,512,1101,1025,1005,1351,952,522,1064,1190,1019,1265,775,425
346,908,670,346,1097,1311,336,512,1101,1025,1005,1351,952,522,1064,1190,1019,1265,775,425
346,908,670,346,1369,944,336,1019,733,1029,1285,1351,1132,848,583,1190,1138,1422,778,425
346,908,670,346,1369,944,336,1019,733,1029,1285,1351,1132,848,583,1190,1138,1422,778,425
370,908,670,370,659,1323,336,1409,1227,994,1307,1351,1201,0,583,1190,541,0,0,949
370,908,670,370,659,1323,336,1409,1227,994,1307,1351,1201,0,583,1190,541,0,0,949
370,908,670,370,1047,1055,336,666,736,402,1312,688,0,666,583,1190,1139,0,789,1162
375,908,670,375,1047,1055,336,666,736,402,1312,688,0,666,583,1190,1139,0,789,1162
375,942,675,375,889,1073,336,1029,1347,688,1321,0,1327,0,583,1135,1420,155,1029,1185
375,942,675,375,889,1073,336,1029,1347,688,1321,0,1327,0,583,1135,1420,155,1029,1185
441,942,675,441,733,1087,336,1201,987,1115,1330,965,1327,1025,583,1306,1219,0,1114,0
441,942,675,441,733,1087,336,1201,987,1115,1330,965,1327,1025,583,1306,1219,0,1114,0
441,942,675,441,994,1088,1107,1317,1259,996,1338,965,1327,1290,583,1306,825,1153,1210,0
463,942,675,463,994,1088,1107,1317,1259,996,1338,965,1327,1290,583,1306,825,1153,1210,0
463,942,675,463,1352,1109,819,1420,747,1414,1356,965,1327,0,583,1306,1278,1154,1295,1023
463,942,675,463,1352,1109,819,1420,747,1414,1356,965,1327,0,583,1306,1278,1154,1295,1023
483,942,675,483,1274,1118,1328,993,949,876,1386,965,1327,777,583,1306,1280,0,1295,1415
483,942,675,483,1274,1118,1328,993,949,876,1386,965,1327,777,583,1306,1280,0,1295,1415
483,942,675,483,761,1139,1148,1025,1055,1159,1325,965,1327,778,1321,731,0,1157,797,0
511,945,737,511,761,1139,1148,1025,1055,1159,1325,965,1327,778,1321,731,0,1157,797,0
511,945,737,511,1256,657,653,1175,797,884,1325,965,1327,782,1337,0,449,1158,0,0
511,945,737,511,1256,657,653,1175,797,884,1325,965,1327,782,1337,0,449,1158,0,0
528,945,737,528,155,657,1386,281,1088,885,448,965,1327,0,0,733,615,1165,1221,512
528,945,737,528,155,657,1386,281,1088,885,448,965,1327,0,0,733,615,1165,1221,512
528,945,737,528,797,892,1300,282,991,886,448,965,1377,784,1345,739,0,1208,0,1067
534,945,737,534,797,892,1300,282,991,886,448,965,1377,784,1345,739,0,1208,0,1067
534,945,737,534,1330,921,1388,1035,1158,1052,448,1349,1264,0,1346,739,617,1217,0,1115
534,945,737,534,1330,921,1388,1035,1158,1052,448,1349,1264,0,1346,739,617,1217,0,1115
544,945,737,544,799,1149,991,1189,889,892,448,1349,1264,787,1347,739,0,1299,934,1171
544,945,737,544,799,1149,991,1189,889,892,448,1349,1264,787,1347,739,0,1299,934,1171
544,976,743,544,510,1326,1281,686,995,1162,448,1349,1264,0,1351,739,620,0,0,1178
552,976,743,552,510,1326,1281,686,995,1162,448,1349,1264,0,1351,739,620,0,0,1178
552,976,743,552,1299,1185,1337,729,1354,1128,448,1349,1064,1215,1351,739,0,0,936,1182
552,976,743,552,1299,1185,1337,729,1354,1128,448,1349,1064,1215,1351,739,0,0,936,1182
591,976,743,591,1246,1187,1393,729,914,1402,448,1349,1064,0,1351,739,629,0,0,1222
591,976,743,591,1246,1187,1393,729,914,1402,448,1349,1064,0,1351,739,629,0,0,1222
591,976,743,591,1421,1187,1319,729,1023,1077,448,936,1064,688,1351,739,0,559,944,0
592,976,743,592,1421,1187,1319,729,1023,1077,448,936,1064,688,1351,739,0,559,944,0
592,976,743,592,559,1187,1219,729,667,448,1343,0,1064,1374,1351,739,532,0,0,0
592,976,743,592,559,1187,1219,729,667,448,1343,0,1064,1374,1351,739,532,0,0,0
598,976,743,598,782,1187,1079,729,712,448,490,1025,1064,0,1351,1373,756,0,993,0
598,1001,759,598,782,1187,1079,729,712,448,490,1025,1064,0,1351,1373,756,0,993,0
598,1001,759,598,784,1187,1290,729,712,448,1335,1077,1064,1206,1351,1373,1335,667,1125,1037
603,1001,759,603,784,1187,1290,729,712,448,1335,1077,1064,1206,1351,1373,1335,667,1125,1037
603,1001,759,603,1171,1187,1101,729,712,448,1335,1335,1064,1224,1351,376,1335,0,1280,1118
603,1001,759,603,1171,1187,1101,729,712,448,1335,1335,1064,1224,1351,376,1335,0,1280,1118
625,1001,759,625,1277,1187,1115,729,712,448,1335,1335,1064,0,448,376,1335,0,1266,1252
625,1001,759,625,1277,1187,1115,729,712,448,1335,1335,1064,0,448,376,1335,0,1266,1252
625,1001,759,625,282,1187,949,1195,712,448,1335,1335,1209,629,448,376,1335,0,1266,0
631,1001,759,631,282,1187,949,1195,712,448,1335,1335,1209,629,448,376,1335,0,1266,0
631,1001,759,631,819,1384,1143,761,712,448,1335,1335,1350,1253,448,376,1335,376,376,0
631,1001,759,631,819,1384,1143,761,712,448,1335,1335,1350,1253,448,376,1335,376,376,0
639,1012,847,639,703,583,974,1307,712,448,1335,1335,1350,0,448,376,1335,376,376,1007
639,1012,847,639,703,583,974,1307,712,448,1335,1335,1350,0,448,376,1335,376,376,1007
639,1012,847,639,1280,583,1128,1229,712,1072,1335,1335,1350,884,448,376,1335,376,376,1007
640,1012,847,640,1280,583,1128,1229,712,1072,1335,1335,1350,884,448,376,1335,376,376,1007
640,1012,847,640,934,583,981,775,862,1073,1335,1335,876,885,448,376,1335,376,376,1007
640,1012,847,640,934,583,981,775,862,1073,1335,1335,876,885,448,376,1335,376,376,1007
642,1012,847,642,466,583,1422,777,1040,1268,1326,1335,0,889,448,376,0,376,376,1007
642,1012,847,642,466,583,1422,777,1040,1268,1326,1335,0,889,448,376,0,376,376,1007
642,1012,847,642,1392,583,987,778,495,1297,1326,1406,1217,0,448,1307,729,376,376,1007
646,1012,847,646,1392,583,987,778,495,1297,1326,1406,1217,0,448,1307,729,376,376,1007
646,1012,847,646,686,583,995,1236,1109,1299,1028,1406,1364,892,958,1312,729,376,376,1007
646,1014,880,646,686,583,995,1236,1109,1299,1028,1406,1364,892,958,1312,729,376,376,1007
647,1014,880,647,1356,583,1191,787,1069,1313,1227,1406,1364,1191,958,1313,729,376,376,1007
647,1014,880,647,1356,583,1191,787,1069,1313,1227,1406,1364,1191,958,1313,729,376,376,1007
647,1014,880,647,1346,583,1203,1242,559,1328,1228,1406,1364,0,958,1319,729,1351,1185,1007
669,1014,880,669,1346,583,1203,1242,559,1328,1228,1406,1364,0,958,1319,729,1351,1185,1007
669,1014,880,669,854,667,1005,854,1051,1360,1228,1406,376,1198,958,1370,729,1351,1187,0
669,1014,880,669,854,667,1005,854,1051,1360,1228,1406,376,1198,958,1370,729,1351,1187,0
671,1014,880,671,1105,670,1023,1208,1079,1377,1228,1064,376,1379,958,1376,729,1351,1187,810
671,1014,880,671,1105,670,1023,1208,1079,1377,1228,1064,376,1379,958,1376,729,1351,1187,810
671,1014,880,671,1002,670,1159,1222,1107,1408,1228,1064,376,0,958,1391,729,1351,1187,982
681,1014,880,681,1002,670,1159,1222,1107,1408,1228,1064,376,0,958,1391,729,1351,1187,982
681,1058,904,681,1290,778,1404,1245,1114,911,1228,1064,376,926,958,1308,729,1351,1187,0
681,1058,904,681,1290,778,1404,1245,1114,911,1228,1064,376,926,958,1308,729,1351,1187,0
682,1058,904,682,1102,825,1345,876,166,1135,1228,1064,376,928,958,1308,0,1351,1187,0
682,1058,904,682,1102,825,1345,876,166,1135,1228,1064,376,928,958,1308,0,1351,1187,0
682,1058,904,682,490,675,1346,1247,166,1419,1228,1064,376,991,1007,1308,452,1351,1187,0
695,1058,904,695,490,675,1346,1247,166,1419,1228,1064,376,991,1007,1308,452,1351,1187,0
695,1058,904,695,698,675,1347,911,166,836,1228,1064,376,1388,1007,1308,1246,1351,1187,1064
695,1058,904,695,698,675,1347,911,166,836,1228,1064,376,1388,1007,1308,1246,1351,1187,1064
728,1058,904,728,604,376,1370,923,166,923,1343,1064,376,0,1007,980,1252,0,1187,1064
728,1058,904,728,604,376,1370,923,166,923,1343,1064,376,0,1007,980,1252,0,1187,1064
728,1058,943,728,405,376,1374,980,166,1249,819,1064,1148,448,1007,981,1290,0,448,1064
730,1083,943,730,405,376,1374,980,166,1249,819,1064,1148,448,1007,981,1290,0,448,1064
730,1083,943,730,777,376,1376,996,166,510,0,1190,1150,448,1007,1314,0,0,448,1064
730,1083,943,730,777,376,1376,996,166,510,0,1190,1150,448,1007,1314,0,0,448,1064
735,1083,943,735,936,376,1408,1037,166,517,155,1190,0,448,1007,1314,1067,1259,448,1064
735,1083,943,735,936,376,1408,1037,166,517,155,1190,0,448,1007,1314,1067,1259,448,1064
735,1083,943,735,980,376,604,1251,166,775,1109,1190,1156,448,1007,1314,0,1316,448,1064
740,1083,943,740,980,376,604,1251,166,775,1109,1190,1156,448,1007,1314,0,1316,448,1064
740,1083,943,740,964,376,1239,466,974,926,0,1190,1158,448,1007,996,1069,0,448,1064
740,1083,943,740,964,376,1239,466,974,926,0,1190,1158,448,1007,996,1069,0,448,1064
742,1083,947,742,414,376,1047,1256,1118,1197,282,1190,1231,448,0,1101,0,0,448,1064
742,1083,947,742,414,376,1047,1256,1118,1197,282,1190,1231,448,0,1101,0,0,448,1064
742,1086,947,742,914,376,620,1285,1336,612,0,1190,0,448,0,1105,1077,0,448,0
815,1086,947,815,914,376,620,1285,1336,612,0,1190,0,448,0,1105,1077,0,448,0
815,1086,947,815,1203,736,659,1257,934,1037,952,1190,1345,448,281,0,1079,914,448,0
815,1086,947,815,1203,736,659,1257,934,1037,952,1190,1345,448,281,0,1079,914,448,0
818,1086,947,818,1156,1391,862,782,1165,1201,952,1190,1346,1087,282,1219,0,926,449,964
818,1086,947,818,1156,1391,862,782,1165,1201,952,1190,1346,1087,282,1219,0,926,449,964
818,1086,947,818,449,737,1054,784,1125,817,952,583,1347,1097,1200,1323,390,0,916,965
821,1086,947,821,449,737,1054,784,1125,817,952,583,1347,1097,1200,1323,390,0,916,965
821,1086,1006,821,806,737,817,789,414,928,952,583,1352,1100,1200,1323,0,1023,1148,965
821,1086,1006,821,806,737,817,789,414,928,952,583,1352,1100,1200,1323,0,1023,1148,965
831,1086,1006,831,452,1125,0,848,1130,1423,952,583,1353,1100,1200,1323,1193,1100,1149,965
831,1095,1006,831,452,1125,0,848,1130,1423,952,583,1353,1100,1200,1323,1193,1100,1149,965
831,1095,1006,831,1224,1402,1135,982,653,1185,952,583,1360,1100,1200,712,0,1100,1150,965
834,1095,1006,834,1224,1402,1135,982,653,1185,952,583,1360,1100,1200,712,0,1100,1150,965
834,1095,1006,834,810,743,1153,1282,1421,1210,952,583,1387,1100,1200,712,490,1100,0,965
834,1095,1006,834,810,743,1153,1282,1421,1210,952,583,1387,1100,1200,712,490,1100,0,965
839,1095,1006,839,1191,743,0,1052,825,1067,952,583,1264,1100,1200,712,1051,1100,1154,965
839,1095,1006,839,1191,743,0,1052,825,1067,952,583,1264,1100,1200,712,1051,1100,1154,965
839,1095,1034,839,1370,470,846,1283,1132,1178,1329,583,1264,1100,1200,712,0,1100,1157,965
849,1095,1034,849,1370,470,846,1283,1132,1178,1329,583,1264,1100,1200,712,0,1100,1157,965
849,1095,1034,849,1412,470,1150,703,1280,1215,1329,583,1264,1100,1200,712,604,1100,1250,965
849,1095,1034,849,1412,470,1150,703,1280,1215,1329,583,1264,1100,1200,712,604,1100,1250,965
858,1096,1034,858,512,470,1252,1303,1339,1099,712,659,583,1100,1228,712,0,1100,0,0
858,1096,1034,858,512,470,1252,1303,1339,1099,712,659,583,1100,1228,712,0,1100,0,0
858,1096,1034,858,629,470,1339,1067,1140,1224,712,0,583,0,1228,712,698,1100,0,583
860,1096,1034,860,629,470,1339,1067,1140,1224,712,0,583,0,1228,712,698,1100,0,583
860,1096,1034,860,495,470,1002,1238,522,787,712,0,583,854,1228,712,0,0,949,583
860,1096,1034,860,495,470,1002,1238,522,787,712,0,583,854,1228,712,0,0,949,583
866,1096,1070,866,756,470,1206,1363,532,1260,712,825,583,862,1228,0,712,1073,0,583
866,1096,1070,866,756,470,1206,1363,532,1260,712,825,583,862,1228,0,712,1073,0,583
866,1096,1070,866,522,470,1165,916,1182,981,712,924,583,1246,1228,1102,712,0,981,583
877,1096,1070,877,522,470,1165,916,1182,981,712,924,583,1246,1228,1102,712,0,981,583
877,1096,1070,877,1206,470,756,1381,1415,1084,712,924,583,1393,1228,0,712,1270,1107,583
877,1121,1070,877,1206,470,756,1381,1415,1084,712,924,583,1393,1228,0,712,1270,1107,583
891,1121,1070,891,1154,674,1182,921,1138,1084,712,924,583,0,1228,1159,712,1270,1130,583
891,1121,1070,891,1154,674,1182,921,1138,1084,712,924,583,0,1228,1159,712,1270,1130,583
891,1121,1070,891,1054,1406,1200,1249,1198,1084,712,924,583,994,1228,1221,712,1270,1260,583
906,1121,1070,906,1054,1406,1200,1249,1198,1084,712,924,583,994,1228,1221,712,1270,1260,583
906,1121,1082,906,1375,747,1200,1253,1422,1084,0,924,1072,1402,1268,1325,712,1270,0,583
906,1121,1082,906,1375,747,1200,1253,1422,1084,0,924,1072,1402,1268,1325,712,1270,0,583
907,1121,1082,907,520,759,1200,1278,1209,1084,733,924,1270,0,1348,1325,712,1270,0,0
907,1121,1082,907,520,759,1200,1278,1209,1084,733,924,1270,0,1348,1325,712,1270,0,0
907,1121,1082,907,1193,759,1200,1321,452,1084,1360,924,1270,495,1348,1325,712,1270,854,0
912,1121,1082,912,1193,759,1200,1321,452,1084,1360,924,1270,495,1348,1325,712,1270,854,0
912,1152,1082,912,1019,848,1200,1352,1217,1084,1389,924,1270,1421,1348,777,1035,1270,1203,1097
912,1152,1082,912,1019,848,1200,1352,1217,1084,1389,924,1270,1421,1348,777,1035,1270,1203,1097
927,1152,1082,927,1252,1007,1200,1356,620,1084,1412,0,1270,0,1348,782,0,1270,1370,1099
927,1152,1082,927,1252,1007,1200,1356,620,1084,1412,0,1270,0,1348,782,0,1270,1370,1099
929,1152,1103,929,532,1007,1200,1383,1263,1102,1332,0,1270,0,1348,0,495,0,1375,1101
929,1152,1103,929,532,1007,1200,1383,1263,1102,1332,0,1270,0,1348,0,495,0,1375,1101
931,1152,1103,931,1298,1007,1200,926,944,1384,1332,0,1270,1047,1348,886,1222,0,1412,1102
931,1152,1103,931,1298,1007,1200,926,944,1384,1332,0,1270,1047,1348,886,1222,0,1412,1102
932,1152,1103,932,1415,1007,0,1087,958,916,1203,0,1270,1052,1348,889,1250,0,1266,1105
932,1152,1103,932,1415,1007,0,1087,958,916,1203,0,1270,1052,1348,889,1250,0,1266,1105
933,1152,1103,933,541,1007,520,1338,958,1148,0,0,1270,1409,1187,892,1369,964,1266,1128
933,1170,1103,933,541,1007,520,1338,958,1148,0,0,1270,1409,1187,892,1369,964,1266,1128
941,1170,1103,941,1180,1007,0,1385,958,1149,862,166,775,0,1187,0,0,1190,1019,0
941,1170,1103,941,1180,1007,0,1385,958,1149,862,166,775,0,1187,0,0,1190,1019,0
948,1170,1161,948,1338,1007,1198,964,958,1150,1035,166,0,166,1187,911,510,1190,1072,1256
948,1170,1161,948,1338,1007,1198,964,958,1150,1035,166,0,166,1187,911,510,1190,1072,1256
950,1170,1161,950,884,1007,629,965,958,1390,0,166,1200,166,1187,0,0,1190,1073,0
950,1170,1161,950,884,1007,629,965,958,1390,0,166,1200,166,1187,0,0,1190,1073,0
953,1170,1161,953,1239,1285,1105,965,958,1154,876,166,1200,166,1187,952,522,1190,1268,0
953,1170,1161,953,1239,1285,1105,965,958,1154,876,166,1200,166,1187,952,522,1190,1268,0
954,1170,1161,954,1028,1307,1209,965,958,1398,0,166,1200,166,1187,952,819,1190,1270,1079
954,1170,1161,954,1028,1307,1209,965,958,1398,0,166,1200,166,1187,952,819,1190,1270,1079
961,1176,1161,961,1316,1312,1039,965,958,1156,1029,166,1200,166,1187,952,0,1190,1270,1132
961,1176,1161,961,1316,1312,1039,965,958,1156,1029,166,1200,166,1187,952,0,1190,1270,1132
963,1176,1183,963,612,1313,1215,965,1277,1157,0,166,1200,166,1187,952,659,1190,1270,1226
963,1176,1183,963,612,1313,1215,965,1277,1157,0,166,1200,166,1187,952,659,1190,1270,1226
968,1176,1183,968,1143,1317,449,965,1274,1294,520,166,1200,166,0,952,1226,1190,1270,1228
968,1176,1183,968,1143,1317,449,965,1274,1294,520,166,1200,166,0,952,1226,1190,1270,1228
979,1176,1183,979,615,1321,615,965,1281,1413,0,425,1200,166,0,952,1227,1040,1270,1228
979,1176,1183,979,615,1321,615,965,1281,1413,0,425,1200,166,0,952,1227,1040,1270,1228
1004,1176,1183,1004,1138,1354,1221,965,1312,1298,686,425,1200,712,166,952,1228,1317,1270,1228
1004,1176,1183,1004,1138,1354,1221,965,1312,1298,686,425,1200,712,166,952,1228,1317,1270,1228
1013,1176,1183,1013,1231,1372,617,1097,1359,1300,1224,425,1199,712,166,952,1228,0,1270,1228
1013,1192,1183,1013,1231,1372,617,1097,1359,1300,1224,425,1199,712,166,952,1228,0,1270,1228
1018,1192,1186,1018,666,1407,1259,1099,1375,1316,0,425,1199,712,166,0,1228,0,1270,1228
1018,1192,1186,1018,666,1407,1259,1099,1375,1316,0,425,1199,712,166,0,1228,0,1270,1228
1020,1192,1186,1020,1158,847,688,1113,1379,1337,921,425,1199,712,166,336,1228,0,1266,1228
1020,1192,1186,1020,1158,847,688,1113,1379,1337,921,425,1199,712,166,336,1228,0,1266,1228
1022,1192,1186,1022,1108,847,0,1124,1388,1372,1265,425,921,712,166,336,1228,336,166,1228
1022,1192,1186,1022,1108,847,0,1124,1388,1372,1265,425,921,712,166,336,1228,336,166,1228
1026,1192,1186,1026,1353,1040,885,1139,1393,1387,1265,425,958,712,166,336,1228,336,166,1228
1026,1192,1186,1026,1353,1040,885,1139,1393,1387,1265,425,958,712,166,336,1228,336,166,1228
1032,1192,1186,1032,836,1069,1263,1162,1418,1416,1265,425,958,712,166,336,1228,336,166,1265
1032,1192,1186,1032,836,1069,1263,1162,1418,1416,1265,425,958,712,166,336,1228,336,166,1265
1033,1237,1199,1033,789,1113,490,1178,1407,739,1265,0,958,712,166,336,1228,336,166,1265
1033,1237,1199,1033,789,1113,490,1178,1407,739,1265,0,958,712,166,336,1228,336,166,1265
1038,1237,1199,1038,1267,1132,1231,1190,280,739,1265,736,958,736,739,336,402,336,166,1265
1038,1237,1199,1038,1267,1132,1231,1190,280,739,1265,736,958,736,739,336,402,336,166,1265
1041,1237,1199,1041,1039,1217,0,1190,280,739,1265,0,958,0,739,336,1180,336,166,1265
1041,1237,1199,1041,1039,1217,0,1190,346,739,1265,0,958,0,739,336,1180,336,166,1265
1044,1237,1199,1044,846,0,731,1190,346,739,1265,1099,958,739,739,336,1352,336,166,1265
1044,1237,1199,1044,846,0,731,1190,346,739,1265,1099,958,739,739,336,1352,336,166,1265
1049,1237,1199,1049,982,1327,1246,1190,370,739,1265,1100,958,739,739,916,0,336,166,1265
1049,1237,1199,1049,982,1327,1246,1190,370,739,1265,1100,958,739,739,916,0,336,166,1265
1050,1243,1225,1050,1319,1327,1250,1190,483,739,1002,1100,958,739,739,1149,466,0,615,1265
1050,1243,1225,1050,1319,1327,1250,1190,483,739,1002,1100,958,739,739,1149,466,0,615,1265
1059,1243,1225,1059,1208,1327,0,1190,528,739,1113,1100,0,739,739,1153,559,470,0,1265
1059,1243,1225,1059,1208,1327,0,1190,528,739,1113,1100,0,739,739,1153,559,470,0,1265
1065,1243,1225,1065,1374,1327,425,1190,544,739,1114,1100,965,739,739,1156,703,470,0,0
1065,1243,1225,1065,1374,1327,425,1190,544,739,1114,1100,965,739,739,1156,703,470,0,0
1075,1243,1225,1075,1114,1327,425,1190,552,1270,1143,1100,965,739,739,1165,0,470,739,944
1075,1243,1225,1075,1114,1327,425,1190,552,1270,1143,1100,965,739,739,1165,0,470,739,944
1076,1243,1225,1076,1376,1327,425,1193,592,1270,0,1100,965,739,1404,1231,405,470,739,0
1076,1243,1225,1076,1376,1327,425,1193,592,1270,0,1100,965,739,1404,1231,405,470,739,0
1089,1244,1255,1089,993,1327,425,1353,603,1270,281,1100,965,739,1403,1368,1354,470,739,0
1089,1244,1255,1089,993,1327,425,1353,603,1270,281,1100,965,739,1403,1368,1354,470,739,0
1098,1244,1255,1098,1005,1327,425,1369,631,1270,1039,1100,965,1420,1403,1368,0,470,739,0
1098,1244,1255,1098,1005,1327,425,1369,631,1270,1039,1100,965,1420,1403,1368,0,470,739,0
1104,1244,1255,1104,1359,1335,425,1394,639,1270,0,1128,965,0,1403,1368,1171,470,739,1084
1104,1244,1255,1104,1359,1335,425,1394,639,1270,0,1128,965,0,1403,1368,1171,470,739,1084
1106,1244,1255,1106,1219,1335,425,1072,640,1270,612,0,965,476,1403,928,1201,470,739,1084
1106,1244,1255,1106,1219,1335,425,1072,640,1270,612,0,965,476,1403,928,1201,470,739,1084
1116,1244,1255,1116,1080,1335,425,1371,671,1270,0,1187,965,476,1403,1005,0,0,739,1084
1116,1244,1255,1116,1080,1335,425,1371,671,1270,0,1187,965,476,1403,1005,0,0,739,1084
1117,1248,1264,1117,1124,1335,476,1395,681,1270,1054,1187,1037,476,1403,1039,1100,604,739,1084
1117,1248,1264,1117,1124,1335,476,1395,681,1270,1054,1187,1037,476,1403,1039,1100,604,739,1084
1131,1248,1264,1131,1130,1335,476,1077,682,223,1353,1187,1051,476,1403,0,1100,612,799,1084
1131,1248,1264,1131,1130,1335,476,1077,682,223,1353,1187,1051,476,1403,0,1100,612,799,1084
1133,1248,1264,1133,1140,1335,476,1399,735,223,1372,1187,1088,476,729,1178,1100,0,0,1084
1133,1248,1264,1133,1140,1335,476,1399,735,338,1372,1187,1088,476,729,1178,1100,0,0,1084
1146,1248,1264,1146,1360,1335,476,674,740,338,1422,1187,1162,476,729,1239,1100,729,987,1084
1146,1248,1264,1146,1360,1335,476,674,740,338,1422,1187,1162,476,729,1239,1100,729,987,1084
1166,1248,1264,1166,1197,1335,476,698,742,441,1333,1187,1238,476,729,1373,1100,729,0,1084
1166,1248,1264,1166,1197,1335,476,698,742,441,1333,1187,1238,476,729,1373,1100,729,0,1084
1173,1272,1266,1173,1210,0,476,928,821,441,1333,1187,0,476,729,1373,1100,729,1109,1088
1173,1272,1266,1173,1210,0,476,928,821,463,1333,1187,0,476,729,1373,1100,729,1109,1088
1175,1272,1266,1175,1379,924,476,1405,831,463,470,1187,0,996,729,1373,1100,729,1139,1140
1175,1272,1266,1175,1379,924,476,1405,831,463,470,1187,0,996,729,1373,1100,729,1139,1140
1179,1272,1266,1179,1221,924,476,1171,839,511,470,1327,0,1108,729,1047,1100,729,1338,0
1179,1272,1266,1179,1221,924,476,1171,839,511,470,1327,0,1108,729,1047,1100,729,1338,0
1181,1272,1266,1181,1260,924,952,1180,849,511,470,1327,470,0,729,1191,1359,729,1376,0
1181,1272,1266,1181,1260,924,952,1180,849,591,470,1327,470,0,729,1191,1359,729,1376,0
1189,1272,1266,1189,1386,924,952,1377,875,591,470,1327,470,0,729,0,0,729,1266,470
1189,1272,1266,1189,1386,924,952,1377,875,591,470,1327,470,0,729,0,0,729,1266,470
1195,1284,1286,1195,1389,924,952,1417,877,657,470,1327,470,731,1423,1327,1238,729,1266,470
1195,1284,1286,1195,1389,924,952,1417,877,657,470,1327,470,731,1423,1327,1238,729,1266,470
1205,1284,1286,1205,1419,924,952,1100,891,657,470,1327,470,1294,1334,1327,1371,761,817,470
1205,1284,1286,1205,1419,924,952,1100,891,669,470,1327,470,1294,1334,1327,1371,761,817,470
1212,1284,1286,1212,1400,924,952,1100,906,669,470,1327,470,1297,1334,1327,0,1239,1159,470
1212,1284,1286,1212,1400,924,952,1100,906,669,470,1327,470,1297,1334,1327,0,1239,1159,470
1213,1284,1286,1213,1404,924,952,1100,912,670,470,1327,470,1298,1334,1327,747,1263,1379,470
1213,1284,1286,1213,1404,924,952,1100,912,670,470,1327,470,1298,1334,1327,747,1263,1379,470
1214,1284,1286,1214,1423,1265,952,1100,929,670,1124,1327,470,1328,1334,1327,761,1421,1266,470
1214,1284,1286,1214,1423,1265,952,1100,929,675,1124,1327,470,1328,1334,1327,761,1421,1266,470
1218,1293,1287,1218,875,1265,952,1100,931,675,0,0,470,1330,1334,1327,1190,0,1266,470
1218,1293,1287,1218,875,1265,952,1100,931,675,0,0,470,1330,1334,1327,1190,0,1266,470
1223,1293,1287,1223,875,1265,1064,1100,932,730,1080,0,810,1339,1334,1327,1190,0,653,470
1223,1293,1287,1223,875,1265,1064,1100,932,730,1080,0,810,1339,1334,1327,1190,0,653,470
1229,1293,1287,1229,875,1265,1064,1100,933,730,0,0,846,1359,1334,1327,1190,0,0,0
1229,1293,1287,1229,976,1265,1064,1100,933,737,0,0,846,1359,1334,1327,1190,0,0,0
1230,1293,1287,1230,976,1265,1064,1100,948,737,653,0,1265,0,425,1402,1190,698,1193,934
1230,1293,1287,1230,976,1265,1064,1100,948,737,653,0,1265,0,425,1402,1190,698,1193,934
1232,1293,1287,1232,976,1265,1064,290,976,743,1249,666,1265,0,425,1309,1190,1200,1388,0
1232,1293,1287,1232,976,1265,1064,290,976,743,1249,666,1265,0,425,1309,1190,1200,1388,0
1234,1305,1295,1234,1001,1265,1064,290,1001,743,0,729,1265,414,425,1309,1190,1200,1266,0
1234,1305,1295,1234,1001,1265,1064,327,1001,759,0,729,1265,414,425,1309,1190,1200,1266,0
1236,1305,1295,1236,1001,1265,1064,327,1014,759,911,729,1265,0,425,1309,1190,1200,1266,958
1236,1305,1295,1236,1001,1265,1064,327,1014,759,911,729,1265,0,425,1309,1190,1200,1266,958
1240,1305,1295,1240,1001,1228,1064,375,1032,815,1125,729,1265,510,425,1309,1190,1200,425,958
1240,1305,1295,1240,1012,1228,1064,375,1032,815,1125,729,1265,510,425,1309,1190,1200,425,958
1242,1305,1295,1242,1012,1228,1064,375,1033,815,0,729,1265,1249,425,1054,0,1200,425,958
1242,1305,1295,1242,1012,1228,1064,534,1033,818,0,729,1265,1249,425,1054,0,1200,425,958
1245,1305,1295,1245,1012,1228,1351,534,1041,818,674,729,1265,0,425,1409,1080,1200,425,958
1245,1305,1295,1245,1012,1228,1351,534,1041,818,674,729,1265,0,425,1409,1080,1200,425,958
1247,1310,1306,1247,1014,1228,1351,598,1049,847,0,729,1265,0,425,1310,1377,1200,425,958
1247,1310,1306,1247,1014,1228,1351,598,1049,847,0,729,1265,0,425,1310,1377,1200,425,958
1251,1310,1306,1251,1014,1228,1351,598,1075,847,1328,729,1199,390,1334,1310,0,1200,425,958
1251,1310,1306,1251,1014,1228,1351,625,1075,880,1328,729,1199,390,1334,1310,0,1200,425,958
1254,1310,1306,1254,1014,1228,1351,625,1076,880,1336,729,1199,402,1334,1310,1040,1267,425,958
1254,1310,1306,1254,1058,1228,1351,625,1076,880,1336,729,1199,402,1334,1310,1040,1267,425,958
1257,1310,1306,1257,1058,1228,1351,642,1086,904,1354,747,1259,0,1334,1310,0,1274,425,958
1257,1310,1306,1257,1058,1228,1351,642,1086,904,1354,747,1259,0,1334,1310,0,1274,425,958
1262,1310,1306,1262,1058,1228,1351,642,1095,904,1375,1140,1414,0,1334,476,512,0,425,991
1262,1310,1306,1262,1058,1228,1351,646,1095,907,1375,1140,1414,0,1334,476,512,0,425,991
1271,1325,1308,1271,1083,880,1351,646,1104,907,1392,1198,1264,517,1334,476,1387,1281,1267,1108
1271,1325,1308,1271,1083,880,1351,646,1104,907,1392,1198,1264,517,1334,476,1387,1281,1267,1108
1275,1325,1308,1275,1083,880,1351,647,1106,908,1393,1215,1264,799,1334,476,0,1294,1274,1263
1275,1325,1308,1275,1083,880,1351,647,1106,908,1393,1215,1264,799,1334,476,0,1294,1274,1263
1282,1325,1308,1282,1083,904,1199,647,1152,908,1404,0,1264,1200,1334,476,965,0,0,0
1282,1325,1308,1282,1086,904,1199,695,1152,942,1404,0,1264,1200,1334,476,965,0,0,0
1283,1325,1308,1283,1086,904,1199,695,1176,942,1287,0,1268,1200,1334,476,965,1297,1277,0
1283,1325,1308,1283,1086,904,1199,695,1176,942,1287,0,1268,1200,1334,476,965,1297,1277,0
1289,1325,1308,1289,1086,908,1199,728,1179,943,1287,0,0,1200,1084,476,965,1407,1278,806
1289,1325,1308,1289,1086,908,1199,728,1179,943,1287,0,0,1200,1084,476,965,1407,1278,806
1303,1332,1309,1303,1095,908,1199,728,1181,943,1287,0,1277,1200,1084,476,965,0,1400,974
1303,1332,1309,1303,1095,908,1199,834,1181,945,1287,0,1277,1200,1084,476,965,0,1400,974
1314,1332,1309,1314,1095,942,1199,834,1192,945,466,0,1281,1200,1084,476,965,0,1266,995
1314,1332,1309,1314,1095,942,1199,834,1192,945,466,0,1281,1200,1084,476,965,0,1266,995
1315,1332,1309,1315,1095,942,1199,858,1213,947,532,756,1356,1200,1084,784,965,0,1266,1407
1315,1332,1309,1315,1096,942,1199,858,1213,947,532,756,1356,1200,1084,784,965,0,1266,1407
1329,1332,1309,1329,1096,943,1199,858,1214,1006,1107,1408,1372,1200,1084,836,965,476,476,0
1329,1332,1309,1329,1096,943,1199,860,1214,1006,1107,1408,1372,1200,1084,836,965,476,476,0
1340,1332,1309,1340,1096,943,1199,860,1218,1012,1130,1349,1391,1200,1084,1084,965,476,476,0
1340,1332,1309,1340,1096,943,1199,860,1218,1012,1130,1349,1391,1200,1084,1084,965,476,476,0
1341,1334,1311,1341,1121,945,1199,866,1223,1013,0,1349,1264,1208,1084,1084,0,476,476,0
1341,1334,1311,1341,1121,945,1199,866,1223,1013,0,1349,1264,1208,1084,1084,0,476,476,0
1343,1334,1311,1343,1121,945,1199,866,1232,1020,797,1349,1264,0,1084,1084,848,476,476,703
1343,1334,1311,1343,1121,945,1199,927,1232,1020,797,1349,1264,0,1084,1084,848,476,476,703
1355,1334,1311,1355,1152,947,1199,927,1234,1034,914,1349,1264,0,1285,1084,0,476,476,1319
1355,1334,1311,1355,1152,947,1199,927,1234,1034,914,1349,1264,0,1285,1084,0,476,476,1319
1357,1334,1311,1357,1152,947,1199,941,1237,1044,1138,1349,1182,405,1316,1084,517,476,476,1330
1357,1334,1311,1357,1152,947,1348,941,1237,1044,1138,1349,1182,405,1316,1084,517,476,476,1330
1358,1334,1311,1358,1170,1006,1348,941,1240,1058,0,541,1419,0,1335,1084,0,476,476,1336
1358,1334,1311,1358,1170,1006,1348,950,1240,1058,0,541,1419,0,1335,1084,0,476,476,1336
1362,1349,1323,1362,1170,1006,1348,950,1243,1070,414,0,1264,452,1335,1084,520,476,476,1337
1362,1349,1323,1362,1170,1006,1348,950,1243,1070,414,0,1264,452,1335,1084,520,476,476,1337
1363,1349,1323,1363,1176,1034,1348,953,1244,1082,0,1055,1264,0,1335,1084,1028,923,617,1339
1363,1349,1323,1363,1176,1034,1348,953,1244,1082,0,1055,1264,0,1335,1084,1028,923,617,1339
1364,1349,1323,1364,1176,1034,1348,953,1248,1083,1206,1256,1264,1084,1335,1143,1087,924,0,1351
1364,1349,1323,1364,1176,1034,1348,954,1248,1083,1206,1256,1264,1084,1335,1143,1087,924,0,1351
1366,1349,1323,1366,1192,1070,1348,954,1254,1096,0,0,995,1084,1335,1209,0,924,1298,1351
1366,1349,1323,1366,1192,1070,1348,954,1254,1096,0,0,995,1084,1335,1209,0,924,1298,1351
1373,1349,1323,1373,1192,1070,1348,961,1262,1103,923,0,1069,1084,1335,1294,686,924,1299,1351
1373,1349,1323,1373,1192,1070,1348,961,1262,1103,923,0,1069,1084,1335,1294,686,924,1299,1351
1378,1368,1326,1378,1237,1082,1348,961,1264,1121,1197,0,1115,1084,1335,1297,0,924,1300,1351
1378,1368,1326,1378,1237,1082,1348,963,1264,1121,1197,0,1115,1084,1335,1297,0,924,1300,1351
1380,1368,1326,1380,1237,1082,1348,963,1266,1133,1334,0,1392,1084,1335,1300,1113,924,1313,1351
1380,1368,1326,1380,1237,1103,1348,963,1266,1133,1334,0,1392,1084,1335,1300,1113,924,1313,1351
1381,1368,1326,1381,1243,1103,1348,968,1271,1161,1334,0,1409,1084,1334,1317,1389,924,1336,1351
1381,1368,1326,1381,1243,1103,1348,968,1271,1161,1334,0,1409,1084,1334,1317,1389,924,1336,1351
1382,1368,1326,1382,1243,1161,1348,968,1272,1166,667,336,1264,1084,1334,1369,0,924,1371,1351
1382,1368,1326,1382,1243,1161,1348,979,1272,1166,667,336,1264,1084,1334,1369,0,924,1371,1351
1383,1368,1326,1383,1244,1161,1348,979,1275,1170,1210,336,1264,1084,1334,1374,1124,924,1408,1351
1383,1368,1326,1383,1244,1183,1348,979,1275,1170,1210,336,1264,1084,1334,1374,1124,924,1408,1351
1385,1384,1333,1385,1244,1183,1349,1004,1284,1173,0,336,1264,1118,1334,1386,0,0,1266,0
1385,1384,1333,1385,1244,1183,1349,1004,1284,1173,0,336,1264,1118,1334,1386,0,0,1266,0
1390,1384,1333,1390,1248,1186,1349,1004,1289,1183,924,336,924,0,1334,1419,336,0,1266,0
1390,1384,1333,1390,1248,1186,1349,1018,1289,1183,924,336,924,0,1334,1419,336,0,1266,0
1394,1384,1333,1394,1248,1186,1349,1018,1305,1186,924,336,924,0,1334,1311,336,620,1052,1187
1394,1384,1333,1394,1248,1225,1349,1018,1305,1186,924,336,924,0,1334,1311,336,620,1052,1187
1395,1384,1333,1395,1272,1225,1349,1022,1315,1205,924,336,924,958,1270,1311,336,1415,1180,1187
1395,1384,1333,1395,1272,1225,1349,1022,1315,1205,924,336,924,958,1270,1311,336,1415,1180,1187
1397,1384,1333,1397,1272,1255,1349,1026,1333,1212,924,336,924,958,1270,1311,336,0,1414,1187
1397,1384,1333,1397,1272,1255,1349,1026,1333,1212,924,336,924,958,1270,1311,336,0,1414,1187
1398,1406,1348,1398,1284,1255,1349,1038,1357,1225,924,336,924,958,1270,1311,336,0,1266,1187
1398,1406,1348,1398,1284,1286,1349,1038,1357,1225,924,336,924,958,1270,1311,336,0,1266,1187
1399,1406,1348,1399,1284,1286,1349,1050,1358,1230,924,1007,924,958,1270,1007,336,0,1266,1187
1399,1406,1348,1399,1284,1286,1349,1050,1358,1230,924,1007,924,958,1270,1007,336,0,1266,1187
1401,1406,1348,1401,1293,1287,1349,1059,1362,1255,924,1007,924,958,1270,1007,336,1327,952,1187
1401,1406,1348,1401,1293,1287,1349,1059,1362,1255,924,1007,924,958,1270,1007,336,1327,952,1187
1403,1406,1348,1403,1293,1287,1349,1065,1366,1293,924,1007,924,958,1270,1007,336,1327,952,1187
1403,1406,1348,1403,1293,1306,1349,1065,1366,1293,924,1007,924,958,1270,1007,336,1327,952,1187
1405,1406,1348,1405,1305,1306,1349,1089,1378,1295,1286,1007,1199,958,1270,1007,0,1327,952,1187
1405,1406,1348,1405,1305,1306,1349,1089,1378,1295,1286,1007,1199,958,1270,1007,0,1327,952,1187
1410,1418,1350,1410,1305,1308,1349,1098,1382,1332,1286,1007,1199,958,1270,1007,0,1327,952,0
1410,1418,1350,1410,1305,1308,1349,1098,1382,1332,1286,1007,1199,958,1270,1007,0,1327,952,0
1411,1418,1350,1411,1368,1308,1350,1116,1397,1340,1286,1007,1199,0,0,1007,0,1327,952,0
1411,1418,1350,1411,1368,1309,1350,1116,1397,1340,1286,1007,1199,0,0,1007,0,1327,952,0
1413,1418,1350,1413,1368,1309,1350,1117,1401,1341,1286,1007,1199,0,0,1007,0,1327,952,0
1413,1418,1350,1413,1368,1309,1350,1117,1401,1341,1286,1007,1199,0,0,1007,0,1327,952,0
1416,1418,1350,1416,1418,1310,1350,1131,1410,1355,1286,1007,1199,0,0,1007,0,1327,952,0
1416,1418,1350,1416,1418,1310,1350,1131,1410,1355,1286,1007,1199,0,0,1007,0,1327,952,0
1417,1418,1350,1417,1418,1310,1350,1146,1411,1380,1286,0,1199,0,0,0,0,1327,952,0
1417,1418,1350,1417,1418,0,1350,1146,1411,1380,0,0,1199,0,0,0,0,1327,952,0