28,131,612,28,575,0,283,789,264,651,443,614,213,443,730,443,475,426,474,0
28,131,612,28,575,0,283,789,264,651,443,614,213,443,730,443,475,426,474,0
28,131,612,28,426,0,709,62,700,724,443,614,213,443,730,443,0,620,474,479
28,131,612,28,426,0,709,62,700,724,443,614,213,443,730,443,0,620,474,479
71,131,612,71,418,542,762,28,737,500,443,614,213,443,730,443,483,670,474,506
71,131,612,71,418,542,762,28,737,500,443,614,213,443,730,443,483,670,474,506
71,131,612,71,670,737,0,28,214,699,443,614,213,443,730,443,638,0,474,0
71,131,612,71,670,737,0,28,214,699,443,614,213,443,730,443,638,0,474,0
142,131,612,142,696,753,145,28,768,680,443,614,213,443,730,443,672,156,474,747
142,131,612,142,696,753,145,28,768,680,443,614,213,443,730,443,672,156,474,747
142,131,612,142,675,800,772,426,768,680,443,614,213,443,730,443,715,672,474,0
142,131,612,142,675,800,772,426,768,680,443,614,213,443,730,443,715,672,474,0
175,131,612,175,638,800,0,450,658,555,443,614,213,443,730,443,0,0,474,0
175,131,612,175,638,800,0,450,658,555,443,614,213,443,730,443,0,0,474,0
175,131,612,175,547,800,763,450,659,732,443,614,213,443,730,443,367,573,474,0
175,131,612,175,547,800,763,450,659,732,443,614,213,443,730,443,367,573,474,0
187,131,612,187,475,74,0,450,769,664,0,501,542,545,469,0,367,621,74,426
187,131,612,187,475,74,0,450,769,664,0,501,542,545,469,0,367,621,74,426
187,131,612,187,419,74,602,450,665,666,74,501,545,545,469,545,367,686,74,614
187,131,612,187,419,74,602,450,665,666,74,501,545,545,469,545,367,686,74,614
201,131,612,201,62,74,0,450,667,669,74,501,545,545,469,545,367,0,74,614
201,131,612,201,62,74,0,450,667,669,74,501,545,545,469,545,367,0,74,614
201,131,612,201,797,74,638,450,670,673,74,501,545,545,469,545,367,418,74,614
201,131,612,201,797,74,638,450,670,673,74,501,545,545,469,545,367,418,74,614
218,131,612,218,494,74,640,450,672,739,74,501,545,545,469,545,367,419,74,614
218,131,612,218,494,74,640,450,672,739,74,501,545,545,469,545,367,419,74,614
218,131,612,218,458,74,651,450,770,401,74,501,545,545,469,545,367,0,74,614
218,131,612,218,458,74,651,450,770,401,74,501,545,545,469,545,367,0,74,614
252,131,612,252,237,74,756,678,620,473,74,501,545,545,469,545,367,628,74,614
252,131,612,252,237,74,756,678,620,473,74,501,545,545,469,545,367,628,74,614
252,131,612,252,756,74,766,679,650,742,74,501,545,545,469,545,0,689,74,614
252,131,612,252,756,74,766,679,650,742,74,501,545,545,469,545,0,689,74,614
254,131,612,254,264,367,0,679,775,538,74,74,545,0,62,545,74,0,679,614
254,131,612,254,264,367,0,679,775,538,74,74,545,0,62,545,74,0,679,614
254,131,612,254,207,367,181,679,464,705,681,74,0,0,790,786,74,213,679,702
254,131,612,254,207,367,181,679,464,705,681,74,0,0,790,786,74,213,679,702
279,131,612,279,549,367,0,679,776,773,0,74,0,0,793,786,74,213,679,702
279,587,612,279,549,367,0,679,776,773,0,74,0,0,793,786,74,213,679,702
279,587,612,279,208,367,424,679,475,675,0,74,264,181,801,786,74,213,679,702
279,587,612,279,208,367,424,679,475,675,0,74,264,181,801,786,74,213,679,702
292,587,612,292,145,367,446,679,779,778,264,74,0,328,803,786,74,213,679,702
292,587,612,292,145,367,446,679,779,778,264,74,0,328,803,786,74,213,679,702
292,587,612,292,240,367,715,679,480,63,0,74,541,431,0,786,74,213,679,702
292,587,612,292,240,367,715,679,480,63,0,74,541,431,0,786,74,213,679,702
294,587,612,294,424,367,771,679,508,63,0,74,0,688,0,786,74,213,679,702
294,587,612,294,424,367,771,679,508,63,0,74,0,688,0,786,74,213,679,702
294,587,612,294,621,367,0,685,573,63,367,74,0,781,0,786,74,213,679,702
294,587,612,294,621,367,0,685,573,63,367,74,0,781,0,786,74,213,679,702
337,587,612,337,483,643,51,687,686,63,367,0,0,0,0,786,0,213,500,702
337,587,612,337,483,643,51,687,686,63,367,0,0,0,0,786,0,213,500,702
337,587,612,337,470,0,51,701,795,63,367,450,603,0,0,681,620,0,675,645
337,587,612,337,470,0,51,701,795,63,367,450,603,0,0,681,620,0,675,645
350,587,612,350,784,659,51,733,156,63,367,450,603,0,533,0,639,0,715,645
350,587,612,350,784,659,51,733,156,63,367,450,603,0,533,0,639,0,715,645
350,587,612,350,709,0,51,142,432,63,367,450,603,145,645,0,675,709,0,645
350,587,612,350,709,0,51,142,432,63,367,450,603,145,645,0,675,709,0,645
357,587,612,357,156,722,51,142,433,63,367,450,603,450,645,0,750,0,0,645
357,587,612,357,156,722,51,142,433,63,367,450,603,450,645,0,750,0,0,645
357,587,612,357,181,738,51,142,433,783,367,450,603,450,645,0,0,397,0,645
357,587,612,357,181,738,51,142,433,783,367,450,603,450,645,0,0,397,0,645
360,587,612,360,557,790,51,792,433,207,367,450,603,450,645,0,397,401,0,645
360,587,612,360,557,790,51,792,433,207,367,450,603,450,645,0,397,401,0,645
360,587,641,360,710,783,51,328,433,681,684,450,603,450,645,0,801,441,0,645
360,587,641,360,710,783,51,328,433,681,684,450,603,450,645,0,801,441,0,645
406,587,641,406,401,783,727,794,433,682,0,450,603,450,645,450,0,720,450,645
406,587,641,406,401,783,727,794,433,682,0,450,603,450,645,450,0,720,450,645
406,587,641,406,464,783,777,462,433,682,0,464,619,450,645,450,658,0,450,738
406,587,641,406,464,783,777,462,433,682,0,464,619,450,645,450,658,0,450,738
437,587,641,437,214,614,0,469,433,541,51,467,619,450,645,450,659,51,450,749
437,587,641,437,214,614,0,469,433,541,51,467,619,450,645,450,659,51,450,749
437,587,641,437,762,614,431,469,433,690,51,467,619,450,745,450,0,51,450,0
437,587,641,437,762,614,431,469,433,690,51,467,619,450,745,450,0,51,450,0
449,587,641,449,484,614,0,469,268,690,51,467,619,469,0,450,665,51,450,0
449,587,641,449,484,614,0,469,268,690,51,467,619,469,0,450,665,51,450,0
449,597,641,449,462,614,603,469,796,684,51,467,619,469,0,450,684,51,450,0
449,597,641,449,462,614,603,469,796,684,51,467,619,469,0,450,684,51,450,0
454,597,641,454,798,614,603,469,621,799,51,467,619,469,0,450,803,51,450,464
454,597,641,454,798,614,603,469,621,799,51,467,619,469,0,450,803,51,450,464
454,597,641,454,268,614,603,469,689,149,51,467,619,469,0,450,0,51,450,0
454,597,641,454,268,614,603,469,689,149,51,467,619,469,0,450,0,51,450,0
455,597,641,455,684,614,603,469,710,149,51,467,619,469,0,0,467,51,643,467
455,597,641,455,684,614,603,469,710,149,51,467,619,469,0,0,467,51,643,467
455,597,641,455,283,614,603,469,0,149,51,467,51,469,51,63,467,51,0,467
455,597,641,455,283,614,603,469,0,149,51,467,51,469,51,63,467,51,0,467
461,597,641,461,777,0,603,517,592,149,63,538,51,469,51,63,467,62,645,467
461,597,641,461,777,0,603,517,592,149,63,538,51,469,51,63,467,62,645,467
461,597,641,461,576,743,603,666,628,149,63,598,51,469,51,63,467,545,645,467
461,597,641,461,576,743,603,666,628,149,63,598,51,469,51,63,467,545,645,467
472,597,641,472,685,791,603,738,704,149,63,598,51,494,51,63,467,545,645,467
472,597,641,472,685,791,603,738,704,149,63,598,51,494,51,63,467,545,645,467
472,597,641,472,322,783,483,175,0,149,63,598,51,506,51,63,467,545,645,467
472,597,641,472,322,783,483,175,0,149,63,598,51,506,51,63,467,545,645,467
476,597,641,476,457,783,563,175,208,149,63,598,51,700,51,63,467,545,645,467
476,597,641,476,457,783,563,175,208,149,63,598,51,700,51,63,467,545,645,467
476,597,641,476,741,783,667,175,720,687,63,598,51,0,51,63,467,545,645,467
476,597,641,476,741,783,667,175,720,687,63,598,51,0,51,63,467,545,645,467
482,597,641,482,781,555,741,142,660,701,63,598,51,0,51,63,0,545,645,786
482,597,641,482,781,555,741,142,660,701,63,598,51,0,51,63,0,545,645,786
482,597,641,482,699,704,781,419,213,711,63,598,63,0,63,0,419,545,645,786
482,597,641,482,699,704,781,419,213,711,63,598,63,0,63,0,419,545,645,786
487,597,641,487,328,0,0,724,213,800,643,598,63,0,63,0,432,545,547,786
487,597,641,487,328,0,0,724,213,800,643,598,63,0,63,0,432,545,547,786
487,597,641,487,431,788,237,743,213,576,0,0,63,483,63,237,433,0,549,786
487,597,641,487,431,788,237,743,213,576,0,0,63,483,63,237,433,0,549,786
489,597,641,489,613,793,240,279,213,624,0,0,63,678,63,240,433,432,631,786
489,597,641,489,613,793,240,279,213,624,0,0,63,678,63,240,433,432,631,786
489,597,641,489,620,783,0,279,213,728,0,0,63,679,63,0,433,433,0,786
489,597,641,489,620,783,0,279,213,728,0,0,63,679,63,0,433,433,0,786
491,597,641,491,624,783,452,279,213,187,678,0,63,679,63,433,433,433,0,786
491,597,641,491,624,783,452,279,213,187,678,0,63,679,63,433,433,433,0,786
491,597,641,491,508,783,484,175,213,187,679,0,63,679,63,433,433,433,658,786
491,609,641,491,508,783,484,175,213,187,679,0,63,679,63,433,433,433,658,786
492,609,641,492,432,186,782,195,213,187,679,433,63,679,63,433,433,433,659,0
492,609,641,492,432,186,782,195,213,218,679,433,63,679,63,433,433,433,659,0
492,609,641,492,573,186,784,195,639,218,679,433,149,679,702,433,433,433,664,531
492,609,641,492,573,186,784,195,639,218,679,433,149,679,702,433,433,433,664,531
499,609,641,499,639,186,0,195,722,218,679,433,149,679,702,433,433,433,669,0
499,609,641,499,639,186,0,195,722,218,679,433,149,679,702,433,433,433,669,0
499,609,641,499,628,186,0,195,0,707,679,433,149,679,702,433,0,433,0,0
499,609,641,499,628,186,0,195,0,707,679,433,149,679,702,433,0,433,0,0
510,609,641,510,581,186,0,195,199,707,679,433,149,679,702,433,457,433,673,0
510,609,641,510,581,186,0,195,199,707,679,433,149,679,702,433,457,433,673,0
510,609,641,510,640,186,0,195,199,696,679,433,149,0,702,433,517,727,685,181
510,609,641,510,640,186,0,195,199,696,679,433,149,0,702,433,517,727,685,181
511,609,682,511,506,186,0,195,199,723,679,433,149,0,702,679,640,0,0,0
511,609,682,511,506,186,0,195,199,723,679,433,149,0,702,679,640,0,0,0
511,609,682,511,801,186,0,195,199,458,687,433,149,0,702,679,685,531,0,283
511,609,682,511,801,186,0,195,199,458,687,433,149,0,702,679,685,531,0,283
514,609,682,514,452,728,0,292,199,723,0,393,149,606,702,679,0,613,0,753
514,609,682,514,452,728,0,292,199,723,0,393,149,606,702,679,0,613,0,753
514,609,682,514,715,733,672,292,199,470,0,462,606,606,614,679,0,614,0,0
514,609,682,514,715,733,672,292,199,470,0,462,606,606,614,679,0,614,0,0
520,609,682,520,533,734,745,292,199,479,547,762,606,606,614,679,145,614,0,0
520,609,682,520,533,734,745,292,199,479,547,762,606,606,614,679,145,614,0,0
520,609,682,520,678,748,0,613,199,533,549,766,606,606,614,679,500,614,0,0
520,609,682,520,678,748,0,613,199,533,549,766,606,606,614,679,500,614,0,0
521,609,682,521,745,803,0,0,643,547,0,771,606,606,614,679,501,614,367,213
521,609,682,521,745,803,0,0,643,547,0,771,606,606,614,679,501,614,367,213
521,609,682,521,393,783,397,750,734,581,573,0,606,606,614,679,501,614,367,213
521,609,682,521,393,783,397,750,734,581,573,0,606,606,614,679,501,614,367,213
523,609,682,523,531,783,457,294,713,337,648,0,606,606,614,0,501,614,367,213
523,609,682,523,531,783,457,294,713,337,648,0,606,606,614,0,501,614,367,213
523,609,682,523,397,783,0,294,322,337,666,0,606,606,614,0,501,614,367,213
523,609,682,523,397,783,0,294,322,337,666,0,606,606,614,0,501,614,367,213
525,609,682,525,563,235,0,294,0,337,699,0,606,758,614,0,501,614,367,213
525,609,682,525,563,235,0,294,0,723,699,0,606,758,614,0,501,614,367,213
525,609,682,525,631,235,494,279,418,723,0,0,231,763,0,0,501,0,367,213
525,609,682,525,631,235,494,279,418,723,0,0,231,763,0,0,501,0,367,213
527,617,682,527,438,235,500,506,0,549,0,0,231,771,467,213,501,0,367,213
527,617,682,527,438,235,500,506,0,549,0,0,231,771,467,213,501,0,367,213
527,617,682,527,700,235,531,669,602,0,619,469,231,777,467,213,501,710,367,213
527,617,682,527,700,235,531,669,602,0,619,469,231,777,467,213,501,710,367,213
528,617,682,528,441,235,557,718,606,598,619,469,231,0,467,213,156,0,0,756
528,617,682,528,441,235,557,718,606,598,619,469,231,0,467,213,156,0,0,756
528,617,682,528,802,235,567,803,606,598,619,469,231,0,467,213,462,0,0,0
528,617,682,528,802,235,567,803,606,598,619,469,231,0,467,213,462,0,0,0
534,617,682,534,446,235,686,350,606,598,619,469,231,0,467,213,0,0,0,0
534,617,682,534,446,235,686,350,606,598,619,469,231,0,467,213,0,0,0,0
534,617,682,534,648,235,747,350,606,598,619,469,231,0,467,213,473,638,0,0
534,617,682,534,648,235,747,350,606,598,619,469,231,0,467,213,473,638,0,0
548,617,682,548,473,681,0,350,606,598,619,469,231,149,467,213,621,0,0,401
548,617,682,548,473,681,0,350,606,598,619,469,231,149,467,213,621,0,0,401
548,617,682,548,479,689,0,767,606,598,619,469,240,149,467,213,0,0,0,0
548,617,682,548,479,689,0,767,606,598,619,469,240,149,467,213,0,0,0,0
554,617,682,554,480,735,231,393,606,598,619,469,0,149,606,619,686,214,0,0
554,617,682,554,480,735,231,393,606,598,619,469,0,149,606,619,686,214,0,0
554,617,682,554,720,750,231,0,606,598,0,0,0,149,606,619,0,275,149,0
556,617,682,556,720,750,231,0,606,598,0,0,0,149,606,619,0,275,149,0
556,617,682,556,705,783,231,619,275,0,704,0,268,149,606,619,0,275,149,207
556,617,682,556,705,783,231,619,275,0,704,0,268,149,606,619,0,275,149,207
560,617,682,560,577,783,231,619,275,631,705,0,0,149,606,619,199,275,149,214
560,617,682,560,577,783,231,619,275,631,705,0,0,149,606,619,199,275,149,214
560,617,682,560,0,783,231,619,275,648,0,0,275,149,606,619,199,275,149,0
561,617,682,561,0,783,231,619,275,648,0,0,275,149,606,619,199,275,149,0
561,617,682,561,649,783,231,619,275,718,0,0,275,149,606,619,199,275,149,268
561,617,682,561,649,783,231,619,275,718,0,0,275,149,606,619,199,275,149,268
562,617,682,562,567,259,231,619,275,187,446,199,275,275,606,619,199,275,149,0
562,617,682,562,567,259,231,619,275,187,446,199,275,275,606,619,199,275,149,0
562,617,682,562,0,259,231,619,275,517,555,199,275,275,606,619,199,275,149,275
566,617,682,566,0,259,231,619,275,517,555,199,275,275,606,619,199,275,149,275
566,617,682,566,592,259,0,619,275,0,557,199,275,275,737,149,199,275,149,275
566,617,682,566,592,259,0,619,275,0,557,199,275,275,737,149,199,275,149,275
568,617,682,568,650,259,0,619,275,575,0,199,275,275,748,149,199,0,0,275
568,617,682,568,650,259,0,619,275,575,0,199,275,275,748,149,199,0,0,275
568,617,682,568,658,259,438,664,467,577,563,199,275,275,782,149,199,0,0,275
570,635,778,570,658,259,438,664,467,577,563,199,275,275,782,149,199,0,0,275
570,635,778,570,665,259,649,673,467,0,0,199,275,275,786,149,207,446,237,275
570,635,778,570,665,259,649,673,467,0,0,199,275,275,786,149,207,446,237,275
574,635,778,574,688,259,688,437,467,735,649,199,701,275,786,149,0,555,0,275
574,635,778,574,688,259,688,437,467,735,649,199,701,275,786,149,0,555,0,275
574,635,778,574,751,259,749,437,467,748,667,199,702,275,786,149,0,557,541,275
582,635,778,582,751,259,749,437,467,748,667,199,702,275,786,149,0,557,541,275
582,635,778,582,711,545,0,437,467,753,710,0,702,0,786,149,393,563,0,275
582,635,778,582,711,545,0,437,467,753,710,0,702,0,786,149,393,563,0,275
585,635,778,585,727,545,0,774,467,758,0,756,702,0,786,149,0,0,606,728
585,635,778,585,727,545,0,774,467,758,0,756,702,0,786,149,0,0,606,728
585,635,778,585,747,545,253,774,467,766,0,0,702,438,786,0,538,0,606,733
586,635,778,586,747,545,253,774,467,766,0,0,702,438,786,0,538,0,606,733
586,635,778,586,749,545,253,441,467,772,0,0,702,452,786,0,0,639,606,734
586,635,778,586,749,545,253,441,467,772,0,0,702,452,786,0,0,639,606,734
588,635,778,588,771,545,253,538,71,782,640,0,702,484,786,0,542,0,606,743
588,635,778,588,771,545,253,538,71,782,640,0,702,484,786,0,542,0,606,743
588,635,778,588,754,545,253,0,71,797,650,0,702,784,0,0,0,0,606,782
591,635,778,591,754,545,253,0,71,797,650,0,702,784,0,0,0,0,606,782
591,635,778,591,763,545,253,541,71,798,670,0,702,788,0,484,0,457,606,784
591,635,778,591,763,545,253,541,131,798,670,0,702,788,0,484,0,457,606,784
596,635,778,596,131,545,253,542,131,802,711,0,730,791,0,797,613,480,606,788
596,635,778,596,131,545,253,542,131,802,711,0,730,791,0,797,613,480,606,788
596,635,778,596,131,729,253,788,131,406,0,186,730,797,0,798,0,0,606,791
604,635,778,604,131,729,253,788,131,406,0,186,730,797,0,798,0,0,606,791
604,635,778,604,131,729,253,790,201,406,0,186,730,798,0,0,648,0,0,0
604,635,778,604,131,729,253,790,201,406,0,186,730,798,0,0,648,0,0,0
605,635,778,605,131,729,754,791,201,406,208,186,730,802,186,0,687,0,0,0
605,635,778,605,131,729,754,791,201,454,208,186,730,802,186,0,687,0,0,0
605,635,778,605,131,729,0,793,201,454,0,186,730,0,186,0,0,567,186,0
618,635,778,618,131,729,0,793,252,454,0,186,730,0,186,0,0,567,186,0
618,635,778,618,131,729,0,801,252,454,0,186,730,0,186,0,0,700,186,0
618,635,778,618,131,729,0,801,252,455,0,186,730,0,186,0,0,700,186,0
623,635,778,623,131,729,0,449,252,455,259,186,730,0,186,0,576,0,186,781
623,635,778,623,131,729,0,449,252,455,259,186,730,0,186,0,576,0,186,781
623,635,778,623,131,729,751,449,254,455,259,186,730,0,186,0,0,0,186,790
632,635,778,632,131,729,751,449,254,690,259,186,730,0,186,0,0,0,186,790
632,637,778,632,131,729,758,449,254,730,259,186,0,722,186,701,0,208,186,793
632,637,778,632,587,729,758,449,254,730,259,186,0,722,186,701,0,208,186,793
634,637,778,634,587,645,0,785,254,730,259,474,0,0,186,702,628,699,186,0
634,637,778,634,587,645,0,785,357,730,259,474,0,0,186,702,628,699,186,0
634,637,778,634,587,645,0,785,357,730,259,474,0,0,186,702,649,704,186,0
653,637,778,653,587,645,0,785,357,730,259,474,0,0,186,702,649,704,186,0
653,637,778,653,587,645,474,443,357,730,259,474,575,0,195,702,688,0,186,0
653,637,778,653,587,645,474,443,357,730,259,474,575,0,195,702,688,0,186,0
654,637,778,654,587,645,474,443,360,730,259,474,577,0,195,702,0,0,494,0
654,637,778,654,587,645,474,443,360,730,259,474,577,0,195,702,0,0,494,0
654,637,778,654,587,645,474,443,360,730,259,474,0,508,195,702,0,452,696,186
655,637,778,655,587,645,474,443,360,730,259,474,0,508,195,702,0,452,696,186
655,637,778,655,587,645,474,443,360,730,696,474,0,709,195,702,195,575,0,186
655,637,778,655,587,645,474,443,482,730,696,474,0,709,195,702,195,575,0,186
660,637,778,660,587,645,474,443,482,730,0,474,0,0,195,702,195,577,0,186
660,637,778,660,587,645,474,443,482,730,0,474,0,0,195,702,195,577,0,186
660,637,778,660,587,645,474,443,482,461,718,474,0,0,195,702,195,624,0,186
668,637,778,668,587,645,474,443,482,461,718,474,0,0,195,702,195,624,0,186
668,637,778,668,597,683,474,443,487,461,729,473,602,0,195,0,195,730,0,186
668,637,778,668,597,683,474,443,487,461,729,473,602,0,195,0,195,730,0,186
676,637,778,676,597,683,474,443,487,472,729,619,705,0,195,0,195,730,0,186
676,637,778,676,597,683,474,443,487,472,729,619,705,0,195,0,195,730,0,186
676,637,778,676,597,683,501,702,487,472,729,619,0,0,735,0,195,730,0,186
677,637,778,677,597,683,501,702,489,472,729,619,0,0,735,0,195,730,0,186
677,637,783,677,597,683,501,702,489,476,729,619,0,718,741,0,195,730,199,186
677,637,783,677,597,683,501,702,489,476,729,619,0,718,741,0,195,730,199,186
680,637,783,680,597,683,501,702,489,476,729,619,0,0,772,501,195,730,199,195
680,637,783,680,597,683,501,702,489,476,729,619,0,0,772,501,195,730,199,195
680,637,783,680,597,683,501,702,492,491,729,619,0,0,0,501,0,730,199,195
690,637,783,690,597,683,501,702,492,491,729,619,0,0,0,501,0,730,199,195
690,637,783,690,597,683,501,702,492,491,729,619,0,0,0,501,581,730,199,195
690,637,783,690,597,683,501,702,492,491,729,619,0,0,0,501,581,730,199,195
691,637,783,691,597,683,501,702,492,499,729,619,0,0,0,501,0,730,199,195
691,637,783,691,597,683,501,702,511,499,729,619,0,0,0,501,0,730,199,195
691,637,783,691,597,612,501,702,511,499,750,619,0,199,0,501,0,431,199,195
692,637,783,692,609,612,501,702,511,499,750,619,0,199,0,501,0,431,199,195
692,637,783,692,609,612,501,702,511,510,0,733,195,199,0,501,651,0,199,195
692,795,783,692,609,612,501,702,511,510,0,733,195,199,0,501,651,0,199,195
693,795,783,693,609,612,786,514,520,510,0,734,195,199,474,501,689,0,199,195
693,795,783,693,609,612,786,514,520,510,0,734,195,199,474,501,689,0,199,195
693,795,783,693,609,612,786,514,520,523,0,0,195,199,474,501,0,438,501,195
694,795,783,694,609,612,786,514,520,523,0,0,195,199,474,501,0,438,501,195
694,795,783,694,609,612,786,514,520,523,0,738,195,199,474,730,0,650,501,729
694,795,783,694,609,612,786,514,554,523,0,738,195,199,474,730,0,650,501,729
695,795,783,695,609,612,786,521,554,525,0,743,195,199,474,730,458,729,501,729
695,795,783,695,609,612,786,521,554,525,0,743,195,199,474,730,458,729,501,729
695,795,783,695,609,612,786,521,554,525,322,747,195,199,474,730,470,729,501,729
707,795,783,707,609,612,786,521,554,525,322,747,195,199,474,730,470,729,501,729
707,795,783,707,609,612,786,521,556,528,720,0,195,199,474,730,479,729,501,729
707,795,783,707,609,612,786,521,556,528,720,0,195,199,474,730,479,729,501,729
708,795,783,708,609,612,786,527,556,528,0,753,195,0,474,730,664,729,501,729
708,795,783,708,609,612,786,527,556,528,0,753,195,0,474,730,664,729,501,729
708,795,783,708,617,612,786,527,556,534,0,777,517,581,474,730,666,729,501,729
713,795,783,713,617,612,786,527,560,534,0,777,517,581,474,730,666,729,501,729
713,795,783,713,617,612,0,527,560,534,231,786,533,592,235,730,754,729,501,729
713,795,783,713,617,612,0,527,560,534,231,786,533,592,235,730,754,729,501,729
714,795,783,714,617,612,0,618,560,548,231,786,0,724,235,730,0,729,231,729
714,795,783,714,617,612,0,618,560,548,231,786,0,724,235,730,0,729,231,729
714,795,783,714,617,612,0,618,562,548,231,786,0,0,235,603,0,729,231,458
719,795,783,719,617,612,0,618,562,548,231,786,0,0,235,603,0,729,231,458
719,795,783,719,617,612,0,618,562,561,231,786,0,0,235,603,441,0,231,470
719,795,783,719,617,641,0,618,562,561,231,786,0,0,235,603,441,0,231,470
723,795,783,723,617,641,0,654,562,561,231,786,0,0,235,603,0,0,231,0
723,795,783,723,617,641,0,654,568,561,231,786,0,0,235,603,0,0,231,0
723,795,783,723,617,641,0,654,568,566,231,786,0,0,235,603,480,0,231,508
725,795,783,725,617,641,0,654,568,566,231,786,0,0,235,603,480,0,231,508
725,795,783,725,617,641,0,654,568,566,231,786,0,231,235,603,0,0,231,0
725,795,783,725,617,641,0,654,568,566,231,786,0,231,235,603,0,0,231,0
726,795,783,726,617,641,0,676,591,570,231,786,0,231,235,603,602,0,231,0
726,795,783,726,635,641,0,676,591,570,231,786,0,231,235,603,602,0,231,0
726,795,783,726,635,641,0,676,591,570,235,0,443,231,762,603,603,328,231,0
731,795,783,731,635,641,0,676,591,570,235,0,443,231,762,603,603,328,231,0
731,795,783,731,635,641,0,676,591,574,235,0,443,231,766,603,603,424,598,0
731,795,783,731,635,641,0,676,604,574,235,0,443,231,766,603,603,424,598,0
732,796,783,732,635,641,0,677,604,574,235,0,443,231,0,0,603,665,598,235
732,796,783,732,635,641,0,677,604,574,235,0,443,231,0,0,603,665,598,235
732,796,783,732,635,641,0,677,604,582,235,0,443,231,0,0,603,0,598,235
739,796,783,739,635,641,0,677,604,582,235,0,443,231,0,0,603,0,598,235
739,796,783,739,635,641,0,677,605,582,235,0,443,231,0,0,603,0,598,235
739,796,783,739,635,641,0,677,605,582,235,0,443,231,0,0,603,0,598,235
740,796,783,740,635,641,0,691,605,585,235,0,443,231,0,0,603,235,598,235
740,796,783,740,635,641,0,691,605,585,235,0,443,231,0,0,603,235,598,235
740,796,783,740,635,641,0,691,605,585,235,253,443,0,0,0,603,235,598,235
742,796,783,742,635,641,0,691,653,585,235,253,443,0,0,0,603,235,598,235
742,796,783,742,635,641,0,691,653,586,235,253,443,0,0,0,603,235,598,235
742,796,800,742,635,641,0,691,653,586,235,253,443,0,0,0,603,235,598,235
744,796,800,744,637,641,0,692,653,586,624,253,576,0,683,598,722,235,598,235
744,796,800,744,637,641,0,692,653,586,624,253,576,0,683,598,722,235,598,235
744,796,800,744,637,682,0,692,660,587,735,253,728,0,683,598,0,235,0,235
755,796,800,755,637,682,0,692,660,587,735,253,728,0,683,598,0,235,0,235
755,796,800,755,637,682,0,692,660,587,737,253,729,367,683,598,0,235,711,758
755,796,800,755,637,682,0,692,660,587,737,253,729,367,683,598,0,235,711,758
757,796,800,757,637,682,0,693,660,588,741,253,729,367,683,598,598,235,0,763
757,796,800,757,637,682,0,693,668,588,741,253,729,367,683,598,598,235,0,763
757,796,800,757,637,682,0,693,668,588,745,253,729,367,683,598,598,235,0,772
759,796,800,759,637,682,0,693,668,588,745,253,729,367,683,598,598,235,0,772
759,796,800,759,637,682,0,693,668,596,0,253,729,367,683,598,598,0,0,802
759,796,800,759,637,682,0,693,668,596,0,253,729,367,683,598,598,0,0,802
760,796,800,760,637,682,0,694,713,596,748,283,729,367,683,598,598,603,0,0
760,796,800,760,637,682,0,694,713,596,748,283,729,367,683,598,598,603,0,0
760,796,800,760,637,682,0,694,713,597,751,724,729,367,683,598,598,603,0,0
761,796,800,761,637,682,0,694,713,597,751,724,729,367,683,598,598,603,0,0
761,796,800,761,795,682,0,694,713,597,0,0,729,367,0,727,598,603,0,0
761,796,800,761,795,682,0,694,714,597,0,0,729,367,0,727,598,603,0,0
765,796,800,765,795,682,0,695,714,609,0,0,729,367,0,751,598,603,253,0
765,796,800,765,795,682,0,695,714,609,0,0,729,367,0,751,598,603,253,0
765,796,800,765,795,682,0,695,714,609,567,0,0,0,0,0,598,603,253,683
767,796,800,767,795,682,0,695,714,609,567,0,0,0,0,0,598,603,253,683
767,796,800,767,795,682,0,695,719,612,651,0,0,0,0,0,418,603,253,683
767,796,800,767,795,682,0,695,719,612,651,0,0,0,0,0,418,603,253,683
768,799,800,768,795,682,0,708,719,612,673,0,0,0,0,0,424,603,253,683
768,799,800,768,795,682,0,708,719,612,673,0,0,0,0,0,424,603,253,683
768,799,800,768,795,682,0,708,719,617,754,0,0,0,0,0,592,603,253,683
769,799,800,769,795,682,0,708,725,617,754,0,0,0,0,0,592,603,253,683
769,799,800,769,795,682,0,708,725,617,0,0,0,253,0,0,631,322,253,683
769,799,800,769,795,778,0,708,725,617,0,0,0,253,0,0,631,322,253,683
770,799,800,770,795,778,0,731,725,623,0,645,253,253,0,0,669,0,253,683
770,799,800,770,795,778,0,731,725,623,0,645,253,253,0,0,669,0,253,683
770,799,800,770,796,778,0,731,726,623,683,645,253,253,0,683,749,0,253,683
773,799,800,773,796,778,0,731,726,623,683,645,253,253,0,683,749,0,253,683
773,799,800,773,796,778,0,731,726,632,683,645,253,253,0,683,0,475,259,683
773,799,800,773,796,778,0,731,726,632,683,645,253,253,0,683,0,475,259,683
774,799,800,774,796,778,0,755,726,632,683,645,253,253,0,683,0,667,259,469
774,799,800,774,796,778,0,755,740,632,683,645,253,253,0,683,0,667,259,469
774,799,800,774,796,778,0,755,740,634,683,645,253,253,0,683,474,0,259,469
775,799,800,775,796,778,0,755,740,634,683,645,253,253,0,683,474,0,259,469
775,799,800,775,796,778,0,755,740,634,683,645,253,253,0,683,474,0,259,469
775,799,800,775,796,778,0,755,740,634,683,645,253,253,0,683,474,0,259,469
776,799,800,776,796,778,0,759,744,635,683,645,253,253,0,683,474,259,259,469
776,799,800,776,796,778,0,759,744,635,683,645,253,253,0,683,474,259,259,469
776,799,800,776,796,778,0,759,744,635,683,645,253,259,0,683,474,259,259,469
779,799,800,779,796,778,0,759,744,635,683,645,253,259,0,683,474,259,259,469
779,799,800,779,796,778,0,759,744,637,683,0,0,259,0,683,474,259,259,469
779,799,800,779,796,778,0,759,757,637,683,0,0,259,0,683,474,259,259,469
785,799,800,785,799,778,0,761,757,637,0,0,0,259,0,0,474,259,259,469
785,799,800,785,799,778,0,761,757,637,0,0,0,259,0,0,474,259,259,469
785,799,800,785,799,778,0,761,757,641,0,0,0,259,0,0,474,259,0,469
789,799,800,789,799,778,0,761,757,641,0,0,0,259,0,0,474,259,0,469
789,799,800,789,799,778,0,761,760,641,0,0,0,259,0,0,474,259,0,0
789,799,800,789,799,778,0,761,760,641,0,0,0,259,0,0,474,259,0,0
792,799,800,792,799,778,0,767,760,655,0,0,0,259,0,0,0,259,0,0
792,799,800,792,799,778,0,767,760,655,0,0,0,259,0,0,0,259,0,0
792,799,800,792,799,0,0,767,765,655,0,0,0,259,0,0,0,259,0,0
794,799,800,794,799,0,0,767,765,655,0,0,0,259,0,0,0,259,0,0
794,799,800,794,799,0,0,767,765,0,0,0,0,259,0,0,0,0,0,0
794,799,800,794,799,0,0,767,765,0,0,0,0,259,0,0,0,0,0,0