4,7,13,4,7,1,2,3,2,2,1,2,2,1,3,1,2,2,1,3
4,7,13,4,7,1,2,3,2,2,1,2,2,1,3,1,2,2,1,3
4,7,13,4,7,1,5,3,6,6,1,3,3,1,3,1,5,5,1,3
4,7,13,4,7,1,5,3,6,6,1,3,3,1,3,1,5,5,1,3
4,7,13,4,7,1,5,3,8,8,1,3,3,1,3,1,5,5,1,3
4,7,13,4,7,1,5,3,8,8,1,3,3,1,3,1,5,5,1,3
4,7,13,4,7,1,5,3,9,9,1,3,3,1,3,1,5,5,1,3
4,7,13,4,7,1,5,3,9,9,1,3,3,1,3,1,5,5,1,3
4,7,13,4,7,1,5,3,10,10,1,3,3,1,3,1,5,5,1,3
4,7,13,4,7,1,5,3,10,10,1,3,3,1,3,1,5,5,1,3
4,7,13,4,7,1,5,3,11,11,1,3,3,1,3,1,5,5,1,3
4,7,13,4,7,1,5,3,11,11,1,3,3,1,3,1,5,5,1,3
4,7,13,4,7,1,5,3,14,12,1,3,3,1,3,1,5,5,1,3
4,7,13,4,7,1,5,3,14,12,1,3,3,1,3,1,5,5,1,3
4,7,13,4,7,1,5,3,14,12,1,3,3,1,3,1,5,5,1,3
4,7,13,4,7,1,5,3,14,12,1,3,3,1,3,1,5,5,1,3
4,7,13,4,7,6,5,8,14,12,5,3,3,6,6,5,5,5,6,6
4,7,13,4,7,6,5,8,14,12,5,3,3,6,6,5,5,5,6,6
4,7,13,4,7,8,9,10,14,12,5,8,8,9,9,5,8,9,9,10
4,7,13,4,7,8,9,10,14,12,5,8,8,9,9,5,8,9,9,10
4,7,13,4,7,10,11,15,14,12,5,10,10,11,11,5,11,11,12,12
4,7,13,4,7,10,11,15,14,12,5,10,10,11,11,5,11,11,12,12
4,7,13,4,7,15,18,17,14,12,5,14,14,14,12,5,12,14,12,12
4,7,13,4,7,15,18,17,14,12,5,14,14,14,12,5,12,14,12,12
4,7,13,4,7,17,18,4,14,12,5,14,14,14,12,5,12,14,12,12
4,7,13,4,7,17,18,4,14,12,5,14,14,14,12,5,12,14,12,12
4,7,13,4,7,13,18,4,14,12,5,14,14,14,12,5,12,14,12,12
4,7,13,4,7,13,18,4,14,12,5,14,14,14,12,5,12,14,12,12
4,7,13,4,7,13,18,4,15,15,5,14,14,14,12,5,12,14,12,12
4,7,13,4,7,13,18,4,15,15,5,14,14,14,12,5,12,14,12,12
4,7,13,4,7,13,18,4,17,17,5,14,14,14,12,5,12,14,12,12
4,7,13,4,7,13,18,4,17,17,5,14,14,14,12,5,12,14,12,12
4,7,13,4,7,13,18,4,7,13,15,14,14,14,12,15,12,14,12,12
4,7,13,4,7,13,18,4,7,13,15,14,14,14,12,15,12,14,12,12
4,7,13,4,7,13,18,4,7,13,17,14,14,14,12,17,12,14,12,12
4,7,13,4,7,13,18,4,7,13,17,14,14,14,12,17,12,14,12,12
4,7,13,4,7,13,18,4,7,13,16,14,14,14,12,18,12,14,18,18
4,7,13,4,7,13,18,4,7,13,16,14,14,14,12,18,12,14,18,18
4,7,13,4,7,13,16,4,7,13,16,15,0,18,17,18,0,0,18,18
4,7,13,4,7,13,16,4,7,13,16,15,0,18,17,18,0,0,18,18
4,7,13,4,7,13,16,4,7,13,16,19,0,18,0,18,0,0,18,18
4,7,13,4,7,13,16,4,7,13,16,19,0,18,0,18,0,0,18,18
4,7,13,4,7,13,16,4,7,13,16,19,0,18,0,18,0,0,18,18
4,7,13,4,7,13,16,4,7,13,16,19,0,18,0,18,0,0,18,18
4,7,13,4,7,13,16,4,7,13,16,19,0,18,0,18,0,0,18,18
4,7,13,4,7,13,16,4,7,13,16,19,0,18,0,18,0,0,18,18
4,7,13,4,7,13,16,4,7,13,16,19,0,18,0,18,0,0,18,18
4,7,13,4,7,13,16,4,7,13,16,19,0,18,0,18,0,0,18,18
4,7,13,4,7,13,16,4,7,13,16,19,0,18,0,18,0,0,18,18
4,7,13,4,7,13,16,4,7,13,16,19,0,18,0,18,0,0,18,18
4,7,13,4,7,13,16,4,7,13,16,19,0,18,0,18,0,0,18,18
4,7,13,4,7,13,16,4,7,13,16,19,0,18,0,18,0,0,18,18
4,7,13,4,7,13,16,4,7,13,16,19,0,18,0,0,0,0,0,0
4,7,13,4,7,13,16,4,7,13,16,19,0,18,0,0,0,0,0,0
4,7,13,4,7,13,16,4,7,13,16,19,0,0,0,0,0,0,0,0
4,7,13,4,7,13,16,4,7,13,16,19,0,0,0,0,0,0,0,0
4,7,13,4,7,13,16,4,7,13,16,19,0,0,0,0,0,0,0,0
4,7,13,4,7,13,16,4,7,13,16,19,0,0,0,0,0,0,0,0
4,7,13,4,7,13,16,4,7,13,16,19,0,0,0,0,0,0,0,0
4,7,13,4,7,13,16,4,7,13,16,19,0,0,0,0,0,0,0,0
4,7,13,4,7,13,16,4,7,13,16,19,0,0,0,0,0,0,0,0
4,7,13,4,7,13,16,4,7,13,16,19,0,0,0,0,0,0,0,0
4,7,13,4,7,13,16,4,7,13,16,19,0,0,0,0,0,0,0,0
4,7,13,4,7,13,16,4,7,13,16,19,0,0,0,0,0,0,0,0
4,7,13,4,7,13,16,4,7,13,16,19,0,0,0,0,0,0,0,0
4,7,13,4,7,13,16,4,7,13,16,19,0,0,0,0,0,0,0,0
4,7,13,4,7,13,16,4,7,13,16,19,0,0,0,0,0,0,0,0
4,7,13,4,7,13,16,4,7,13,16,19,0,0,0,0,0,0,0,0
4,7,13,4,7,13,16,4,7,13,16,19,0,0,0,0,0,0,0,0
4,7,13,4,7,13,16,4,7,13,16,19,0,0,0,0,0,0,0,0
4,7,13,4,7,13,16,4,7,13,16,19,0,0,0,0,0,0,0,0
4,7,13,4,7,13,16,4,7,13,16,19,0,0,0,0,0,0,0,0
4,7,13,4,7,13,16,4,7,13,16,19,0,0,0,0,0,0,0,0
4,7,13,4,7,13,16,4,7,13,16,19,0,0,0,0,0,0,0,0
4,7,13,4,7,13,16,4,7,13,16,19,0,0,0,0,0,0,0,0
4,7,13,4,7,13,16,4,7,13,16,19,0,0,0,0,0,0,0,0
4,7,13,4,7,13,16,4,7,13,16,19,0,0,0,0,0,0,0,0
4,7,13,4,7,13,16,4,7,13,16,19,0,0,0,0,0,0,0,0
4,7,13,4,7,13,16,4,7,13,16,19,0,0,0,0,0,0,0,0
4,7,13,4,7,13,16,4,7,13,16,19,0,0,0,0,0,0,0,0
4,7,13,4,7,13,16,4,7,13,16,19,0,0,0,0,0,0,0,0
4,7,13,4,7,13,16,4,7,13,16,19,0,0,0,0,0,0,0,0
4,7,13,4,7,13,16,4,7,13,16,19,0,0,0,0,0,0,0,0
4,7,13,4,7,13,16,4,7,13,16,19,0,0,0,0,0,0,0,0
4,7,13,4,7,13,16,4,7,13,16,19,0,0,0,0,0,0,0,0
4,7,13,4,7,13,16,4,7,13,16,19,0,0,0,0,0,0,0,0
4,7,13,4,7,13,16,4,7,13,16,19,0,0,0,0,0,0,0,0
4,7,13,4,7,13,16,4,7,13,16,19,0,0,0,0,0,0,0,0
4,7,13,4,7,13,16,4,7,13,16,19,0,0,0,0,0,0,0,0
4,7,13,4,7,13,16,4,7,13,16,19,0,0,0,0,0,0,0,0
4,7,13,4,7,13,16,4,7,13,16,19,0,0,0,0,0,0,0,0
4,7,13,4,7,13,16,4,7,13,16,19,0,0,0,0,0,0,0,0
4,7,13,4,7,13,16,4,7,13,16,19,0,0,0,0,0,0,0,0
4,7,13,4,7,13,16,4,7,13,16,19,0,0,0,0,0,0,0,0
4,7,13,4,7,13,16,4,7,13,16,19,0,0,0,0,0,0,0,0
4,7,13,4,7,13,16,4,7,13,16,19,0,0,0,0,0,0,0,0
4,7,13,4,7,13,16,4,7,13,16,19,0,0,0,0,0,0,0,0
4,7,13,4,7,13,16,4,7,13,16,19,0,0,0,0,0,0,0,0
4,7,13,4,7,13,16,4,7,13,16,19,0,0,0,0,0,0,0,0
4,7,13,4,7,13,16,4,7,13,16,19,0,0,0,0,0,0,0,0
4,7,13,4,7,13,16,4,7,13,16,19,0,0,0,0,0,0,0,0
4,7,13,4,7,13,16,4,7,13,16,19,0,0,0,0,0,0,0,0
4,7,13,4,7,13,16,4,7,13,16,19,0,0,0,0,0,0,0,0
4,7,13,4,7,13,16,4,7,13,16,19,0,0,0,0,0,0,0,0
4,7,13,4,7,13,16,4,7,13,16,19,0,0,0,0,0,0,0,0
4,7,13,4,7,13,16,4,7,13,16,19,0,0,0,0,0,0,0,0
4,7,13,4,7,13,16,4,7,13,16,19,0,0,0,0,0,0,0,0
4,7,13,4,7,13,16,4,7,13,16,19,0,0,0,0,0,0,0,0
4,7,13,4,7,13,16,4,7,13,16,19,0,0,0,0,0,0,0,0
4,7,13,4,7,13,16,4,7,13,16,19,0,0,0,0,0,0,0,0
4,7,13,4,7,13,16,4,7,13,16,19,0,0,0,0,0,0,0,0
4,7,13,4,7,13,16,4,7,13,16,19,0,0,0,0,0,0,0,0
4,7,13,4,7,13,16,4,7,13,16,19,0,0,0,0,0,0,0,0
4,7,13,4,7,13,16,4,7,13,16,19,0,0,0,0,0,0,0,0
4,7,13,4,7,13,16,4,7,13,16,19,0,0,0,0,0,0,0,0
4,7,13,4,7,13,16,4,7,13,16,19,0,0,0,0,0,0,0,0
4,7,13,4,7,13,16,4,7,13,16,19,0,0,0,0,0,0,0,0
4,7,13,4,7,13,16,4,7,13,16,19,0,0,0,0,0,0,0,0
4,7,13,4,7,13,16,4,7,13,16,19,0,0,0,0,0,0,0,0
4,7,13,4,7,13,16,4,7,13,16,19,0,0,0,0,0,0,0,0
4,7,13,4,7,13,16,4,7,13,16,19,0,0,0,0,0,0,0,0
4,7,13,4,7,13,16,4,7,13,16,19,0,0,0,0,0,0,0,0
4,7,13,4,7,13,16,4,7,13,16,19,0,0,0,0,0,0,0,0
4,7,13,4,7,13,16,4,7,13,16,19,0,0,0,0,0,0,0,0
4,7,13,4,7,13,16,4,7,13,16,19,0,0,0,0,0,0,0,0
4,7,13,4,7,13,16,4,7,13,16,19,0,0,0,0,0,0,0,0
4,7,13,4,7,13,16,4,7,13,16,19,0,0,0,0,0,0,0,0
4,7,13,4,7,13,16,4,7,13,16,19,0,0,0,0,0,0,0,0
4,7,13,4,7,13,16,4,7,13,16,19,0,0,0,0,0,0,0,0
4,7,13,4,7,13,16,4,7,13,16,19,0,0,0,0,0,0,0,0
4,7,13,4,7,13,16,4,7,13,16,19,0,0,0,0,0,0,0,0
4,7,13,4,7,13,16,4,7,13,16,19,0,0,0,0,0,0,0,0
4,7,13,4,7,13,16,4,7,13,16,19,0,0,0,0,0,0,0,0
4,7,13,4,7,13,16,4,7,13,16,19,0,0,0,0,0,0,0,0
4,7,13,4,7,13,16,4,7,13,16,19,0,0,0,0,0,0,0,0
4,7,13,4,7,13,16,4,7,13,16,19,0,0,0,0,0,0,0,0
4,7,13,4,7,13,16,4,7,13,16,19,0,0,0,0,0,0,0,0
4,7,13,4,7,13,16,4,7,13,16,19,0,0,0,0,0,0,0,0
4,7,13,4,7,13,16,4,7,13,16,19,0,0,0,0,0,0,0,0
4,7,13,4,7,13,16,4,7,13,16,19,0,0,0,0,0,0,0,0
4,7,13,4,7,13,16,4,7,13,16,19,0,0,0,0,0,0,0,0
4,7,13,4,7,13,16,4,7,13,16,19,0,0,0,0,0,0,0,0
4,7,13,4,7,13,16,4,7,13,16,19,0,0,0,0,0,0,0,0
4,7,13,4,7,13,16,4,7,13,16,19,0,0,0,0,0,0,0,0
4,7,13,4,7,13,16,4,7,13,16,19,0,0,0,0,0,0,0,0
4,7,13,4,7,13,16,4,7,13,16,19,0,0,0,0,0,0,0,0
4,7,13,4,7,13,16,4,7,13,16,19,0,0,0,0,0,0,0,0
4,7,13,4,7,13,16,4,7,13,16,19,0,0,0,0,0,0,0,0
4,7,13,4,7,13,16,4,7,13,16,19,0,0,0,0,0,0,0,0
4,7,13,4,7,13,16,4,7,13,16,19,0,0,0,0,0,0,0,0
4,7,13,4,7,13,16,4,7,13,16,19,0,0,0,0,0,0,0,0
4,7,13,4,7,13,16,4,7,13,16,19,0,0,0,0,0,0,0,0
4,7,13,4,7,13,16,4,7,13,16,19,0,0,0,0,0,0,0,0
4,7,13,4,7,13,16,4,7,13,16,19,0,0,0,0,0,0,0,0
4,7,13,4,7,13,16,4,7,13,16,19,0,0,0,0,0,0,0,0
4,7,13,4,7,13,16,4,7,13,16,19,0,0,0,0,0,0,0,0
4,7,13,4,7,13,16,4,7,13,16,19,0,0,0,0,0,0,0,0
4,7,13,4,7,13,16,4,7,13,16,19,0,0,0,0,0,0,0,0
4,7,13,4,7,13,16,4,7,13,16,19,0,0,0,0,0,0,0,0
4,7,13,4,7,13,16,4,7,13,16,19,0,0,0,0,0,0,0,0
4,7,13,4,7,13,16,4,7,13,16,19,0,0,0,0,0,0,0,0
4,7,13,4,7,13,16,4,7,13,16,19,0,0,0,0,0,0,0,0
4,7,13,4,7,13,16,4,7,13,16,19,0,0,0,0,0,0,0,0
4,7,13,4,7,13,16,4,7,13,16,19,0,0,0,0,0,0,0,0
4,7,13,4,7,13,16,4,7,13,16,19,0,0,0,0,0,0,0,0
4,7,13,4,7,13,16,4,7,13,16,19,0,0,0,0,0,0,0,0
4,7,13,4,7,13,16,4,7,13,16,19,0,0,0,0,0,0,0,0
4,7,13,4,7,13,16,4,7,13,16,19,0,0,0,0,0,0,0,0
4,7,13,4,7,13,16,4,7,13,16,19,0,0,0,0,0,0,0,0
4,7,13,4,7,13,16,4,7,13,16,19,0,0,0,0,0,0,0,0
4,7,13,4,7,13,16,4,7,13,16,19,0,0,0,0,0,0,0,0
4,7,13,4,7,13,16,4,7,13,16,19,0,0,0,0,0,0,0,0
4,7,13,4,7,13,16,4,7,13,16,19,0,0,0,0,0,0,0,0
4,7,13,4,7,13,16,4,7,13,16,19,0,0,0,0,0,0,0,0
4,7,13,4,7,13,16,4,7,13,16,19,0,0,0,0,0,0,0,0
4,7,13,4,7,13,16,4,7,13,16,19,0,0,0,0,0,0,0,0
4,7,13,4,7,13,16,4,7,13,16,19,0,0,0,0,0,0,0,0
4,7,13,4,7,13,16,4,7,13,16,19,0,0,0,0,0,0,0,0
4,7,13,4,7,13,16,4,7,13,16,19,0,0,0,0,0,0,0,0
4,7,13,4,7,13,16,4,7,13,16,19,0,0,0,0,0,0,0,0
4,7,13,4,7,13,16,4,7,13,16,19,0,0,0,0,0,0,0,0
4,7,13,4,7,13,16,4,7,13,16,19,0,0,0,0,0,0,0,0
4,7,13,4,7,13,16,4,7,13,16,19,0,0,0,0,0,0,0,0
4,7,13,4,7,13,16,4,7,13,16,19,0,0,0,0,0,0,0,0
16,19,13,4,19,13,16,4,7,13,16,19,0,0,0,0,0,0,0,0
16,19,13,4,19,13,16,4,7,13,16,19,0,0,0,0,0,0,0,0
16,19,13,4,19,13,16,4,7,13,16,19,0,0,0,0,0,0,0,0
16,19,13,4,19,13,16,4,7,13,16,19,0,0,0,0,0,0,0,0
16,19,13,4,19,13,16,4,7,13,16,19,0,0,0,0,0,0,0,0
16,19,13,4,19,13,16,4,7,13,16,19,0,0,0,0,0,0,0,0
16,19,13,4,19,13,16,4,7,13,16,19,0,0,0,0,0,0,0,0
16,19,13,4,19,13,16,4,7,13,16,19,0,0,0,0,0,0,0,0
16,19,13,4,19,13,16,4,7,13,16,19,0,0,0,0,0,0,0,0
16,19,13,4,19,13,16,4,7,13,16,19,0,0,0,0,0,0,0,0
16,19,13,4,19,13,16,4,7,13,16,19,0,0,0,0,0,0,0,0
16,19,13,4,19,13,16,4,7,13,16,19,0,0,0,0,0,0,0,0
16,19,13,4,19,13,16,4,7,13,16,19,0,0,0,0,0,0,0,0
16,19,13,4,19,13,16,4,7,13,16,19,0,0,0,0,0,0,0,0
16,19,13,4,19,13,16,4,7,13,16,19,0,0,0,0,0,0,0,0
16,19,13,4,19,13,16,4,7,13,16,19,0,0,0,0,0,0,0,0
16,19,13,4,19,13,16,4,7,13,16,19,0,0,0,0,0,0,0,0
16,19,13,4,19,13,16,4,7,13,16,19,0,0,0,0,0,0,0,0
16,19,13,4,19,13,16,4,7,13,16,19,0,0,0,0,0,0,0,0
16,19,13,4,19,13,16,4,7,13,16,19,0,0,0,0,0,0,0,0
16,19,13,4,19,13,16,4,7,13,16,19,0,0,0,0,0,0,0,0
16,19,13,4,19,13,16,4,7,13,16,19,0,0,0,0,0,0,0,0
16,19,13,4,19,13,16,4,7,13,16,19,0,0,0,0,0,0,0,0
16,19,13,4,19,13,16,4,7,13,16,19,0,0,0,0,0,0,0,0
16,19,13,4,19,13,16,4,7,13,16,19,0,0,0,0,0,0,0,0
16,19,13,4,19,13,16,4,7,13,16,19,0,0,0,0,0,0,0,0
16,19,13,4,19,13,16,4,7,13,16,19,0,0,0,0,0,0,0,0
16,19,13,4,19,13,16,4,7,13,16,19,0,0,0,0,0,0,0,0
16,19,13,4,19,13,16,4,7,13,16,19,0,0,0,0,0,0,0,0
16,19,13,4,19,13,16,4,7,13,16,19,0,0,0,0,0,0,0,0
16,19,13,4,19,13,16,4,7,13,16,19,0,0,0,0,0,0,0,0
16,19,13,4,19,13,16,4,7,13,16,19,0,0,0,0,0,0,0,0
16,19,13,4,19,13,16,4,7,13,16,19,0,0,0,0,0,0,0,0
16,19,13,4,19,13,16,4,7,13,16,19,0,0,0,0,0,0,0,0
16,19,13,4,19,13,16,4,7,13,16,19,0,0,0,0,0,0,0,0
16,19,13,4,19,13,16,4,7,13,16,19,0,0,0,0,0,0,0,0
16,19,13,4,19,13,16,4,7,13,16,19,0,0,0,0,0,0,0,0
16,19,13,4,19,13,16,4,7,13,16,19,0,0,0,0,0,0,0,0
16,19,13,4,19,13,16,4,7,13,16,19,0,0,0,0,0,0,0,0
16,19,13,4,19,13,16,4,7,13,16,19,0,0,0,0,0,0,0,0
16,19,13,4,19,13,16,4,7,13,16,19,0,0,0,0,0,0,0,0
16,19,13,4,19,13,16,4,7,13,16,19,0,0,0,0,0,0,0,0
16,19,13,4,19,13,16,4,7,13,16,19,0,0,0,0,0,0,0,0
16,19,13,4,19,13,16,4,7,13,16,19,0,0,0,0,0,0,0,0
16,19,13,4,19,13,16,4,7,13,16,19,0,0,0,0,0,0,0,0
16,19,13,4,19,13,16,4,7,13,16,19,0,0,0,0,0,0,0,0
16,19,13,4,19,13,16,4,7,13,16,19,0,0,0,0,0,0,0,0
16,19,13,4,19,13,16,4,7,13,16,19,0,0,0,0,0,0,0,0
16,19,13,4,19,13,16,4,7,13,16,19,0,0,0,0,0,0,0,0
16,19,13,4,19,13,16,4,7,13,16,19,0,0,0,0,0,0,0,0
16,19,13,4,19,13,16,4,7,13,16,19,0,0,0,0,0,0,0,0
16,19,13,4,19,13,16,4,7,13,16,19,0,0,0,0,0,0,0,0
16,19,13,4,19,13,16,4,7,13,16,19,0,0,0,0,0,0,0,0
16,19,13,4,19,13,16,4,7,13,16,19,0,0,0,0,0,0,0,0
16,19,13,4,19,13,16,4,7,13,16,19,0,0,0,0,0,0,0,0
16,19,13,4,19,13,16,4,7,13,16,19,0,0,0,0,0,0,0,0
16,19,13,4,19,13,16,4,7,13,16,19,0,0,0,0,0,0,0,0
16,19,13,4,19,13,16,4,7,13,16,19,0,0,0,0,0,0,0,0
16,19,13,4,19,13,16,4,7,13,16,19,0,0,0,0,0,0,0,0
16,19,13,4,19,13,16,4,7,13,16,19,0,0,0,0,0,0,0,0
16,19,13,4,19,13,16,4,7,13,16,19,0,0,0,0,0,0,0,0
16,19,13,4,19,13,16,4,7,13,16,19,0,0,0,0,0,0,0,0
16,19,13,4,19,13,16,4,7,13,16,19,0,0,0,0,0,0,0,0
16,19,13,4,19,13,16,4,7,13,16,19,0,0,0,0,0,0,0,0
16,19,13,4,19,13,16,4,7,13,16,19,0,0,0,0,0,0,0,0
16,19,13,4,19,13,16,4,7,13,16,19,0,0,0,0,0,0,0,0
16,19,13,4,19,13,16,4,7,13,16,19,0,0,0,0,0,0,0,0
16,19,13,4,19,13,16,4,7,13,16,19,0,0,0,0,0,0,0,0
16,19,13,4,19,13,16,4,7,13,16,19,0,0,0,0,0,0,0,0
16,19,13,4,19,13,16,4,7,13,16,19,0,0,0,0,0,0,0,0
16,19,13,4,19,13,16,4,7,13,16,19,0,0,0,0,0,0,0,0
16,19,13,4,19,13,16,4,7,13,16,19,0,0,0,0,0,0,0,0
16,19,13,4,19,13,16,4,7,13,16,19,0,0,0,0,0,0,0,0
16,19,13,4,19,13,16,4,7,13,16,19,0,0,0,0,0,0,0,0
16,19,13,4,19,13,16,4,7,13,16,19,0,0,0,0,0,0,0,0
16,19,13,4,19,13,16,4,7,13,16,19,0,0,0,0,0,0,0,0
16,19,13,4,19,13,16,4,7,13,16,19,0,0,0,0,0,0,0,0
16,19,13,4,19,13,16,4,7,13,16,19,0,0,0,0,0,0,0,0
16,19,13,4,19,13,16,4,7,13,16,19,0,0,0,0,0,0,0,0
16,19,13,4,19,13,16,4,7,13,16,19,0,0,0,0,0,0,0,0
16,19,13,4,19,13,16,4,7,13,16,19,0,0,0,0,0,0,0,0
16,19,13,4,19,13,16,4,7,13,16,19,0,0,0,0,0,0,0,0
16,19,13,4,19,13,16,4,7,13,16,19,0,0,0,0,0,0,0,0
16,19,13,4,19,13,16,4,7,13,16,19,0,0,0,0,0,0,0,0
16,19,13,4,19,13,16,4,7,13,16,19,0,0,0,0,0,0,0,0
16,19,13,4,19,13,16,4,7,13,16,19,0,0,0,0,0,0,0,0
16,19,13,4,19,13,16,4,7,13,16,19,0,0,0,0,0,0,0,0
16,19,13,4,19,13,16,4,7,13,16,19,0,0,0,0,0,0,0,0
16,19,13,4,19,13,16,4,7,13,16,19,0,0,0,0,0,0,0,0
16,19,13,4,19,13,16,4,7,13,16,19,0,0,0,0,0,0,0,0
16,19,13,4,19,13,16,4,7,13,16,19,0,0,0,0,0,0,0,0
16,19,13,4,19,13,16,4,7,13,16,19,0,0,0,0,0,0,0,0
16,19,13,4,19,13,16,4,7,13,16,19,0,0,0,0,0,0,0,0
16,19,13,4,19,13,16,4,7,13,16,19,0,0,0,0,0,0,0,0
16,19,13,4,19,13,16,4,7,13,16,19,0,0,0,0,0,0,0,0
16,19,13,4,19,13,16,4,7,13,16,19,0,0,0,0,0,0,0,0
16,19,13,4,19,13,16,4,7,13,16,19,0,0,0,0,0,0,0,0
16,19,13,4,19,13,16,4,7,13,16,19,0,0,0,0,0,0,0,0
16,19,13,4,19,13,16,4,7,13,16,19,0,0,0,0,0,0,0,0
16,19,13,4,19,13,16,4,7,13,16,19,0,0,0,0,0,0,0,0
16,19,13,4,19,13,16,4,7,13,16,19,0,0,0,0,0,0,0,0
16,19,13,4,19,13,16,4,7,13,16,19,0,0,0,0,0,0,0,0
16,19,13,4,19,13,16,4,7,13,16,19,0,0,0,0,0,0,0,0
16,19,13,4,19,13,16,4,7,13,16,19,0,0,0,0,0,0,0,0
16,19,13,4,19,13,16,4,7,13,16,19,0,0,0,0,0,0,0,0
16,19,13,4,19,13,16,4,7,13,16,19,0,0,0,0,0,0,0,0
16,19,13,4,19,13,16,4,7,13,16,19,0,0,0,0,0,0,0,0
16,19,13,4,19,13,16,4,7,13,16,19,0,0,0,0,0,0,0,0
16,19,13,4,19,13,16,4,7,13,16,19,0,0,0,0,0,0,0,0
16,19,13,4,19,13,16,4,7,13,16,19,0,0,0,0,0,0,0,0
16,19,13,4,19,13,16,4,7,13,16,19,0,0,0,0,0,0,0,0
16,19,13,4,19,13,16,4,7,13,16,19,0,0,0,0,0,0,0,0
16,19,13,4,19,13,16,4,7,13,16,19,0,0,0,0,0,0,0,0
16,19,13,4,19,13,16,4,7,13,16,19,0,0,0,0,0,0,0,0
16,19,13,4,19,13,16,4,7,13,16,19,0,0,0,0,0,0,0,0
16,19,13,4,19,13,16,4,7,13,16,19,0,0,0,0,0,0,0,0
16,19,13,4,19,13,16,4,7,13,16,19,0,0,0,0,0,0,0,0
16,19,13,4,19,13,16,4,7,13,16,19,0,0,0,0,0,0,0,0
16,19,13,4,19,13,16,4,7,13,16,19,0,0,0,0,0,0,0,0
16,19,13,4,19,13,16,4,7,13,16,19,0,0,0,0,0,0,0,0
16,19,13,4,19,13,16,4,7,13,16,19,0,0,0,0,0,0,0,0
16,19,13,4,19,13,16,4,7,13,16,19,0,0,0,0,0,0,0,0
16,19,13,4,19,13,16,4,7,13,16,19,0,0,0,0,0,0,0,0
16,19,13,4,19,13,16,4,7,13,16,19,0,0,0,0,0,0,0,0
16,19,13,4,19,13,16,4,7,13,16,19,0,0,0,0,0,0,0,0
16,19,13,4,19,13,16,4,7,13,16,19,0,0,0,0,0,0,0,0
16,19,13,4,19,13,16,4,7,13,16,19,0,0,0,0,0,0,0,0
16,19,13,4,19,13,16,4,7,13,16,19,0,0,0,0,0,0,0,0
16,19,13,4,19,13,16,4,7,13,16,19,0,0,0,0,0,0,0,0
16,19,13,4,19,13,16,4,7,13,16,19,0,0,0,0,0,0,0,0
16,19,13,4,19,13,16,4,7,13,16,19,0,0,0,0,0,0,0,0
16,19,13,4,19,13,16,4,7,13,16,19,0,0,0,0,0,0,0,0
16,19,13,4,19,13,16,4,7,13,16,19,0,0,0,0,0,0,0,0
16,19,13,4,19,13,16,4,7,13,16,19,0,0,0,0,0,0,0,0
16,19,13,4,19,13,16,4,7,13,16,19,0,0,0,0,0,0,0,0
16,19,13,4,19,13,16,4,7,13,16,19,0,0,0,0,0,0,0,0
16,19,13,4,19,13,16,4,7,13,16,19,0,0,0,0,0,0,0,0
16,19,13,4,19,13,16,4,7,13,16,19,0,0,0,0,0,0,0,0
16,19,13,4,19,13,16,4,7,13,16,19,0,0,0,0,0,0,0,0
16,19,13,4,19,13,16,4,7,13,16,19,0,0,0,0,0,0,0,0
16,19,13,4,19,13,16,4,7,13,16,19,0,0,0,0,0,0,0,0
16,19,13,4,19,13,16,4,7,13,16,19,0,0,0,0,0,0,0,0
16,19,13,4,19,13,16,4,7,13,16,19,0,0,0,0,0,0,0,0
16,19,13,4,19,13,16,4,7,13,16,19,0,0,0,0,0,0,0,0
16,19,13,4,19,13,16,4,7,13,16,19,0,0,0,0,0,0,0,0
16,19,13,4,19,13,16,4,7,13,16,19,0,0,0,0,0,0,0,0
16,19,13,4,19,13,16,4,7,13,16,19,0,0,0,0,0,0,0,0
16,19,13,4,19,13,16,4,7,13,16,19,0,0,0,0,0,0,0,0
16,19,13,4,19,13,16,4,7,13,16,19,0,0,0,0,0,0,0,0
16,19,13,4,19,13,16,4,7,13,16,19,0,0,0,0,0,0,0,0
16,19,13,4,19,13,16,4,7,13,16,19,0,0,0,0,0,0,0,0
16,19,13,4,19,13,16,4,7,13,16,19,0,0,0,0,0,0,0,0
16,19,13,4,19,13,16,4,7,13,16,19,0,0,0,0,0,0,0,0
16,19,13,4,19,13,16,4,7,13,16,19,0,0,0,0,0,0,0,0
16,19,13,4,19,13,16,4,7,13,16,19,0,0,0,0,0,0,0,0
16,19,13,4,19,13,16,4,7,13,16,19,0,0,0,0,0,0,0,0
16,19,13,4,19,13,16,4,7,13,16,19,0,0,0,0,0,0,0,0
16,19,13,4,19,13,16,4,7,13,16,19,0,0,0,0,0,0,0,0
16,19,13,4,19,13,16,4,7,13,16,19,0,0,0,0,0,0,0,0
16,19,13,4,19,13,16,4,7,13,16,19,0,0,0,0,0,0,0,0
16,19,13,4,19,13,16,4,7,13,16,19,0,0,0,0,0,0,0,0
16,19,13,4,19,13,16,4,7,13,16,19,0,0,0,0,0,0,0,0
16,19,13,4,19,13,16,4,7,13,16,19,0,0,0,0,0,0,0,0
16,19,13,4,19,13,16,4,7,13,16,19,0,0,0,0,0,0,0,0
16,19,13,4,19,13,16,4,7,13,16,19,0,0,0,0,0,0,0,0
16,19,13,4,19,13,16,4,7,13,16,19,0,0,0,0,0,0,0,0
16,19,13,4,19,13,16,4,7,13,16,19,0,0,0,0,0,0,0,0
16,19,13,4,19,13,16,4,7,13,16,19,0,0,0,0,0,0,0,0
16,19,13,4,19,13,16,4,7,13,16,19,0,0,0,0,0,0,0,0
16,19,13,4,19,13,16,4,7,13,16,19,0,0,0,0,0,0,0,0
16,19,13,4,19,13,16,4,7,13,16,19,0,0,0,0,0,0,0,0
16,19,13,4,19,13,16,4,7,13,16,19,0,0,0,0,0,0,0,0
16,19,13,4,19,13,16,4,7,13,16,19,0,0,0,0,0,0,0,0
16,19,13,4,19,13,16,4,7,13,16,19,0,0,0,0,0,0,0,0
16,19,13,4,19,13,16,4,7,13,16,19,0,0,0,0,0,0,0,0
16,19,13,4,19,13,16,4,7,13,16,19,0,0,0,0,0,0,0,0
16,19,13,4,19,13,16,4,7,13,16,19,0,0,0,0,0,0,0,0
16,19,13,4,19,13,16,4,7,13,16,19,0,0,0,0,0,0,0,0
16,19,13,4,19,13,16,4,7,13,16,19,0,0,0,0,0,0,0,0
16,19,13,4,19,13,16,4,7,13,16,19,0,0,0,0,0,0,0,0
16,19,13,4,19,13,16,4,7,13,16,19,0,0,0,0,0,0,0,0
16,19,13,4,19,13,16,4,7,13,16,19,0,0,0,0,0,0,0,0
16,19,13,4,19,13,16,4,7,13,16,19,0,0,0,0,0,0,0,0
16,19,13,4,19,13,16,4,7,13,16,19,0,0,0,0,0,0,0,0