93,565,557,93,533,406,402,355,469,117,0,406,393,406,375,643,0,393,628,396
93,565,557,93,533,406,402,355,469,117,0,406,393,406,375,643,0,393,628,396
93,565,557,93,337,406,646,359,510,580,0,406,402,406,375,643,0,0,646,396
93,565,557,93,337,406,646,359,510,580,0,406,402,406,375,643,0,0,646,396
158,565,557,158,610,406,667,360,554,628,246,406,592,406,375,643,0,399,246,396
158,565,557,158,610,406,667,360,554,628,246,406,592,406,375,643,0,399,246,396
158,565,557,158,526,406,0,648,589,654,566,406,651,406,375,643,464,402,649,396
158,565,557,158,526,406,0,648,589,654,566,406,651,406,375,643,464,402,649,396
165,565,557,165,286,406,419,587,629,315,566,406,663,406,375,643,464,583,265,396
165,565,557,165,286,406,419,587,629,315,566,406,663,406,375,643,464,583,265,396
165,565,557,165,552,406,0,656,670,655,566,406,670,406,375,643,464,586,284,396
165,565,557,165,552,406,0,656,670,655,566,406,670,406,375,643,464,586,284,396
170,565,557,170,343,406,528,515,615,344,566,406,595,406,375,643,464,600,651,396
170,565,557,170,343,406,528,515,615,344,566,406,595,406,375,643,464,600,651,396
170,565,557,170,544,406,586,590,615,351,566,406,673,406,375,643,464,0,459,396
170,565,557,170,544,406,586,590,615,351,566,406,673,406,375,643,464,0,459,396
184,565,557,184,344,480,670,658,350,585,566,375,117,464,0,489,464,304,668,0
184,565,557,184,344,480,670,658,350,585,566,375,117,464,0,489,464,304,668,0
184,565,557,184,289,480,0,441,639,644,566,375,305,464,0,489,464,305,671,117
184,565,557,184,289,480,0,441,639,644,566,375,305,464,0,489,464,305,671,117
191,565,557,191,516,480,132,622,639,661,566,375,0,464,0,489,464,664,515,594
191,565,557,191,516,480,132,622,639,661,566,375,0,464,0,489,464,664,515,594
191,565,557,191,402,480,185,659,416,289,607,375,438,464,0,489,567,669,541,600
191,565,557,191,402,480,185,659,416,289,607,375,438,464,0,489,567,669,541,600
210,565,557,210,287,480,185,246,594,662,607,375,439,464,0,489,567,0,591,0
210,565,557,210,287,480,185,246,594,662,607,375,439,464,0,489,567,0,591,0
210,565,557,210,569,480,185,278,600,438,607,375,440,464,0,489,567,328,644,149
210,565,557,210,569,480,185,278,600,438,607,375,440,464,0,489,567,328,644,149
225,565,557,225,496,480,185,389,635,449,607,375,534,464,0,489,567,328,645,0
225,565,557,225,496,480,185,389,635,449,607,375,534,464,0,489,567,328,645,0
225,565,557,225,508,480,185,674,675,587,607,375,544,464,328,489,567,328,673,261
225,565,557,225,508,480,185,674,675,587,607,375,544,464,328,489,567,328,673,261
251,565,557,251,573,614,185,508,640,651,607,464,605,607,328,401,567,328,286,261
251,565,557,251,573,614,185,508,640,651,607,464,605,607,328,401,567,328,286,261
251,565,557,251,591,616,185,573,640,557,607,464,0,607,328,401,567,328,669,261
251,565,557,251,591,616,185,573,640,557,607,464,0,607,328,401,567,328,669,261
253,565,557,253,117,650,185,627,231,149,607,464,149,607,328,401,567,328,675,261
253,565,557,253,117,650,185,627,231,149,607,464,149,607,328,401,567,328,675,261
253,565,557,253,466,675,507,677,286,671,608,464,480,607,328,401,212,328,508,261
253,565,557,253,466,675,507,677,286,671,608,464,480,607,328,401,212,328,508,261
260,565,557,260,469,654,507,466,377,597,608,464,480,607,328,401,212,328,576,261
260,565,557,260,469,654,507,466,377,597,608,464,480,607,328,401,212,328,576,261
260,565,557,260,515,654,507,468,640,592,608,464,480,607,328,401,212,336,676,261
260,565,557,260,515,654,507,468,640,592,608,464,480,607,328,401,212,336,676,261
268,565,557,268,592,654,507,678,434,673,608,464,480,607,328,401,212,0,480,261
268,565,557,268,592,654,507,678,434,673,608,464,480,607,328,401,212,0,480,261
268,565,557,268,132,654,507,552,645,597,608,464,480,607,657,401,212,359,480,177
268,565,557,268,132,654,507,552,645,597,608,464,480,607,657,401,212,359,480,177
270,565,557,270,389,654,507,604,93,247,608,0,480,0,657,0,212,604,480,0
270,565,557,270,389,654,507,604,93,247,608,0,480,0,657,0,212,604,480,0
270,565,557,270,468,441,507,611,93,0,608,0,480,197,657,0,212,611,480,438
270,565,557,270,468,441,507,611,93,0,608,0,480,197,657,0,212,611,480,438
271,565,557,271,449,0,507,612,93,459,608,142,480,197,657,212,212,0,480,439
271,565,557,271,449,0,507,612,93,459,608,142,480,197,657,212,212,0,480,439
271,565,557,271,336,607,589,630,177,0,0,142,247,197,657,212,142,284,480,440
271,565,557,271,336,607,589,630,177,0,0,142,247,197,657,212,142,284,480,440
279,565,557,279,149,607,676,677,184,595,480,142,0,197,657,212,142,348,480,515
279,565,557,279,149,607,676,677,184,595,480,142,0,197,657,212,142,348,480,515
279,565,557,279,663,607,0,212,184,619,480,142,379,197,657,212,142,619,480,604
279,565,557,279,663,607,0,212,184,619,480,142,379,197,657,212,142,619,480,604
280,565,557,280,231,607,336,212,184,597,480,142,0,197,657,212,142,0,287,624
280,565,557,280,231,607,336,212,184,597,480,142,0,197,657,212,142,0,287,624
280,565,557,280,278,607,425,212,393,597,480,142,576,197,0,212,142,533,623,0
280,565,557,280,278,607,425,212,393,597,480,142,576,197,0,212,142,533,623,0
285,565,557,285,177,607,0,212,396,534,480,142,614,197,216,212,142,541,630,387
285,565,557,285,177,607,0,212,396,534,480,142,614,197,216,212,142,541,630,387
285,565,557,285,576,607,541,212,396,538,480,142,616,489,216,212,142,589,0,638
285,565,557,285,576,607,541,212,396,538,480,142,616,489,216,212,142,589,0,638
291,565,557,291,387,607,591,212,396,0,480,0,617,489,216,464,142,622,355,0
291,565,557,291,387,607,591,212,396,0,480,0,617,489,216,464,142,622,355,0
291,565,557,291,634,654,593,212,396,560,480,0,617,489,216,464,220,0,360,416
291,565,557,291,634,654,593,212,396,560,480,0,617,489,216,464,220,0,360,416
297,565,557,297,304,654,0,212,396,614,626,396,617,489,216,464,220,142,0,422
297,565,557,297,304,654,0,212,396,614,626,396,617,489,216,464,220,142,0,422
297,575,557,297,246,654,0,210,396,620,626,396,617,489,216,464,220,142,510,526
297,575,557,297,246,654,0,210,396,620,626,396,617,489,216,464,220,142,510,526
302,575,557,302,247,654,363,94,396,620,626,396,617,489,216,464,220,142,0,580
302,575,557,302,247,654,363,94,396,620,626,396,617,489,216,464,220,142,0,580
302,575,557,302,305,654,363,94,396,287,626,396,617,489,216,464,220,142,389,614
302,575,557,302,305,654,363,94,396,287,626,396,617,489,216,464,220,142,389,614
330,575,557,330,580,654,363,94,584,566,626,396,617,489,617,464,220,142,544,616
330,575,557,330,580,654,363,94,584,566,626,396,617,489,617,464,220,142,544,616
330,575,557,330,348,558,363,94,623,566,626,396,617,220,617,464,220,142,592,617
330,575,557,330,348,558,363,94,623,566,626,396,617,220,617,464,220,142,592,617
333,575,557,333,265,560,363,94,649,566,626,396,623,220,617,511,220,142,0,617
333,575,557,333,265,560,363,94,649,566,626,396,623,220,617,511,220,142,0,617
333,575,557,333,284,657,363,94,260,566,626,396,0,220,617,511,507,142,558,617
333,575,557,333,284,657,363,94,260,566,626,396,0,220,617,511,507,142,558,617
345,575,557,345,315,657,363,94,260,566,0,507,351,220,617,511,507,441,0,617
345,575,557,345,315,657,363,94,260,566,0,507,351,220,617,511,507,441,0,617
345,575,557,345,593,657,363,94,260,566,0,507,667,220,617,511,507,666,289,617
345,575,557,345,593,657,363,94,260,566,0,507,667,220,617,511,507,666,289,617
362,575,596,362,355,657,516,666,113,566,511,507,0,220,617,511,507,675,0,617
362,575,596,362,355,657,516,666,113,566,511,507,0,220,617,511,507,675,0,617
362,575,596,362,664,657,517,625,113,566,511,507,569,220,617,511,507,0,466,617
362,575,596,362,664,657,517,625,113,566,511,507,569,220,617,511,507,0,466,617
365,575,596,365,619,657,518,643,113,663,511,507,573,220,0,511,507,449,468,617
365,575,596,365,619,657,518,643,113,663,511,507,573,220,0,511,507,449,468,617
365,575,596,365,350,657,0,643,113,665,511,507,580,511,142,511,507,496,469,507
365,575,596,365,350,657,0,643,113,665,511,507,580,511,142,511,507,496,469,507
366,575,596,366,351,657,544,643,113,668,511,507,624,511,142,0,507,627,0,507
366,575,596,366,351,657,544,643,113,668,511,507,624,511,142,0,507,627,0,507
366,575,596,366,583,624,600,643,113,632,511,507,0,511,142,372,355,0,552,507
366,575,596,366,583,624,600,643,113,632,511,507,0,511,142,372,355,0,552,507
373,575,596,373,604,626,0,643,113,632,511,598,359,511,142,372,489,416,560,507
373,575,596,373,604,626,0,643,113,632,511,598,359,511,142,372,489,416,560,507
373,575,596,373,359,626,0,643,113,496,511,598,360,511,142,372,489,0,634,507
373,575,596,373,359,626,0,643,113,496,511,598,360,511,142,372,489,0,634,507
380,575,596,380,360,626,220,643,279,533,442,598,0,511,142,372,489,0,0,507
380,575,596,380,360,626,220,643,279,533,442,598,0,511,142,372,489,0,0,507
380,575,596,380,605,626,220,643,279,610,442,598,552,511,142,372,489,554,569,507
380,575,596,380,605,626,220,643,279,610,442,598,552,511,142,372,489,554,569,507
382,575,596,382,622,626,220,284,279,634,442,598,0,511,142,372,489,590,0,507
382,575,596,382,622,626,220,284,279,634,442,598,0,511,142,372,489,590,0,507
382,575,596,382,0,626,220,379,440,637,442,598,558,442,507,372,489,629,441,0
382,575,596,382,0,626,220,379,440,637,442,598,558,442,507,372,489,629,441,0
392,575,596,392,649,626,220,0,650,633,442,598,584,442,507,372,489,0,584,459
392,575,596,392,649,626,220,0,650,633,442,598,584,442,507,372,489,0,584,459
392,575,596,392,377,626,220,539,285,633,442,598,627,442,507,598,489,177,0,645
392,575,596,392,377,626,220,539,285,633,442,598,627,442,507,598,489,177,0,645
395,575,596,395,594,597,220,638,285,320,442,0,0,442,507,598,657,0,449,0
395,575,596,395,594,597,220,638,285,320,442,0,0,442,507,598,657,0,449,0
395,575,596,395,379,597,220,601,285,320,442,0,363,442,507,598,657,427,496,466
395,575,596,395,379,597,220,601,285,320,442,0,363,442,507,598,657,427,496,466
398,575,596,398,393,597,133,134,142,320,300,0,363,442,507,598,657,630,573,468
398,575,596,398,393,597,133,134,142,320,300,0,363,442,507,598,657,630,573,468
398,575,596,398,611,597,133,134,142,320,300,0,363,442,507,598,657,0,585,0
398,575,596,398,611,597,133,134,142,320,300,0,363,442,507,598,657,0,585,0
410,575,596,410,399,597,133,134,142,320,300,0,363,442,507,598,657,363,598,528
410,575,596,410,399,597,133,134,142,320,300,0,363,442,507,598,657,363,598,528
410,575,596,410,665,598,133,134,142,320,300,363,363,598,566,598,657,363,598,583
410,575,596,410,665,598,133,134,142,320,300,363,363,598,566,598,657,363,598,583
414,575,596,414,459,598,133,134,142,320,300,363,363,598,566,598,657,363,598,650
414,575,596,414,459,598,133,134,142,320,300,363,363,598,566,598,657,363,598,650
414,575,596,414,666,598,133,134,142,320,300,363,363,598,566,567,657,363,598,0
414,575,596,414,666,598,133,134,142,320,300,363,363,598,566,567,657,363,598,0
423,575,596,423,623,598,133,134,142,641,300,363,363,598,566,567,572,363,598,363
423,575,596,423,623,598,133,134,142,641,300,363,363,598,566,567,572,363,598,363
423,575,596,423,416,598,133,134,142,641,300,363,0,598,566,567,572,363,598,363
423,575,596,423,416,598,133,134,142,641,300,363,0,598,566,567,572,363,598,363
426,575,596,426,627,598,664,583,304,422,133,363,377,598,566,567,572,363,598,363
426,575,596,426,627,598,664,583,304,422,133,363,377,598,566,567,572,363,598,363
426,575,596,426,667,598,0,669,305,616,133,363,0,598,566,567,572,363,598,363
426,575,596,426,667,598,0,669,305,616,133,363,0,598,566,567,572,363,598,363
428,575,596,428,419,598,0,625,672,647,133,363,585,598,566,567,572,389,610,363
428,575,596,428,419,598,0,625,672,647,133,363,585,598,566,567,572,389,610,363
428,575,596,428,517,197,523,387,672,647,133,0,628,132,396,567,572,0,0,363
428,575,596,428,517,197,523,387,672,647,133,0,628,132,396,567,572,0,0,363
430,597,596,430,422,197,0,399,329,172,133,0,0,286,396,567,572,455,336,363
430,597,596,430,422,197,0,399,329,172,133,0,0,286,396,567,572,455,336,363
430,597,596,430,425,197,569,558,329,172,133,0,94,396,396,607,572,455,337,363
430,597,596,430,425,197,569,558,329,172,133,0,94,396,396,607,572,455,337,363
435,597,596,435,427,197,605,671,329,172,133,94,94,396,396,607,94,455,0,425
435,597,596,435,427,197,605,671,329,172,133,94,94,396,396,607,94,455,0,425
435,597,596,435,554,197,0,636,329,172,133,94,94,396,396,607,94,455,344,434
435,597,596,435,554,197,0,636,329,172,133,94,94,396,396,607,94,455,344,434
443,597,596,443,434,197,0,216,329,172,401,94,94,396,396,607,94,455,534,455
443,597,596,443,434,197,0,216,329,172,401,94,94,396,396,607,94,455,534,455
443,597,596,443,584,197,265,216,329,172,401,94,94,396,396,607,94,455,587,455
443,597,596,443,584,197,265,216,329,172,401,94,94,396,396,607,94,455,587,455
445,597,596,445,438,197,439,216,329,172,401,94,94,396,396,607,94,455,0,455
445,597,596,445,438,197,439,216,329,172,401,94,94,396,396,607,94,455,0,455
445,597,596,445,439,521,526,216,329,172,401,94,94,396,406,607,94,455,94,455
445,597,596,445,439,521,526,216,329,172,401,94,94,396,406,607,94,455,94,455
450,597,596,450,440,521,576,216,653,337,401,94,94,396,406,607,94,508,94,455
450,597,596,450,440,521,576,216,653,337,401,94,94,396,406,607,94,508,94,455
450,597,596,450,644,521,653,216,297,0,401,94,0,566,406,521,94,516,94,455
450,597,596,450,644,521,653,216,297,0,401,94,0,566,406,521,94,516,94,455
454,597,596,454,518,521,660,216,297,343,401,521,455,566,406,521,521,518,94,455
454,597,596,454,518,521,660,216,297,343,401,521,455,566,406,521,521,518,94,455
454,597,596,454,523,521,660,216,297,348,401,521,455,566,406,521,521,0,94,455
454,597,596,454,523,521,660,216,297,348,401,521,455,566,406,521,521,0,94,455
456,597,596,456,612,521,660,238,300,427,567,521,455,566,406,521,521,526,94,469
456,597,596,456,612,521,660,238,300,427,567,521,455,566,406,521,521,526,94,469
456,597,596,456,534,521,660,238,300,624,567,521,455,566,406,521,521,528,94,644
456,597,596,456,534,521,660,238,300,624,567,521,455,566,406,521,521,528,94,644
457,597,596,457,645,521,660,238,300,652,567,521,455,566,406,521,521,539,94,665
457,597,596,457,645,521,660,238,300,652,567,521,455,566,406,521,521,539,94,665
457,597,596,457,628,442,660,238,300,652,567,521,455,566,567,521,521,560,566,0
457,597,596,457,628,442,660,238,300,652,567,521,455,566,567,521,521,560,566,0
467,597,596,467,528,442,660,238,300,311,567,521,455,566,567,521,521,593,566,538
467,597,596,467,528,442,660,238,300,311,567,521,455,566,567,521,521,593,566,538
467,597,596,467,595,442,660,238,300,311,567,521,455,0,567,0,521,635,566,586
467,597,596,467,595,442,660,238,300,311,567,521,455,0,567,0,521,635,566,586
470,597,652,470,538,442,0,238,300,311,567,261,643,0,567,0,261,0,566,668
470,597,652,470,538,442,0,238,300,311,567,261,643,0,567,0,261,0,566,668
470,597,652,470,539,442,0,238,300,311,567,261,643,0,567,0,261,375,566,0
470,597,652,470,539,442,0,238,300,311,567,261,643,0,567,0,261,375,566,0
475,597,652,475,541,442,372,401,261,311,329,261,643,0,567,113,261,375,566,231
475,597,652,475,541,442,372,401,261,311,329,261,643,0,567,113,261,375,566,231
475,597,652,475,585,442,372,401,261,311,329,261,643,0,567,113,261,375,566,328
486,597,652,486,585,442,372,401,261,311,329,261,643,0,567,113,261,375,566,328
486,597,652,486,586,442,372,401,261,311,329,261,643,0,567,113,261,375,566,328
486,597,652,486,586,442,372,401,261,311,329,261,643,0,567,113,261,375,566,328
488,597,652,488,590,510,372,401,261,311,329,261,643,480,442,113,261,375,593,328
488,597,652,488,590,510,372,401,261,311,329,261,643,480,442,113,261,375,593,328
488,597,652,488,629,669,372,401,261,328,329,261,643,480,442,113,261,375,0,328
493,597,652,493,629,669,372,401,261,328,329,261,643,480,442,113,261,375,0,328
493,597,652,493,630,655,372,401,261,328,329,261,643,480,442,113,261,375,247,328
493,597,652,493,630,655,372,401,261,328,329,261,643,480,442,113,261,375,247,328
498,597,652,498,635,655,372,401,261,328,329,133,0,480,442,113,132,375,343,328
498,597,652,498,635,655,372,401,261,328,329,133,0,480,442,113,132,375,343,328
498,597,652,498,637,655,372,401,261,328,329,133,629,480,442,113,0,0,0,328
500,597,652,500,637,655,372,401,261,328,329,133,629,480,442,113,0,0,0,328
500,597,652,500,638,655,572,165,489,328,0,133,0,480,442,608,311,113,350,328
500,597,652,500,638,655,572,165,489,328,0,133,0,480,442,608,311,113,350,328
502,597,652,502,646,655,572,165,489,328,0,133,278,480,442,608,311,113,594,589
502,597,652,502,646,655,572,165,489,328,0,133,278,480,442,608,311,113,594,589
502,597,652,502,651,655,572,165,489,328,0,133,517,480,442,608,311,113,0,671
506,597,652,506,651,655,572,191,489,328,0,133,517,480,442,608,311,113,0,671
506,597,652,506,668,455,572,191,489,328,278,133,0,113,220,608,311,113,113,0
506,597,652,506,668,455,572,191,489,328,278,133,0,113,220,608,311,113,113,0
522,597,652,522,673,455,572,191,489,464,287,133,523,113,220,608,311,113,113,289
522,597,652,522,673,455,572,191,489,464,287,133,523,113,220,608,311,113,113,289
522,597,652,522,676,455,572,210,489,464,653,133,533,113,220,608,311,113,113,0
524,597,652,524,676,455,572,210,489,464,653,133,533,113,220,608,311,113,113,0
524,597,652,524,565,455,572,210,489,464,0,220,0,113,220,608,311,113,113,344
524,597,652,524,565,455,572,210,489,464,0,220,0,113,220,608,311,113,113,344
527,597,652,527,565,455,572,210,489,464,0,220,587,113,220,608,311,113,113,676
527,597,652,527,565,455,572,251,489,464,0,220,587,113,220,608,311,113,113,676
527,597,652,527,565,455,375,251,567,464,0,220,634,113,220,300,372,643,113,0
529,597,652,529,565,455,375,251,567,464,0,220,634,113,220,300,372,643,113,0
529,654,652,529,565,455,375,251,567,464,0,220,0,113,220,300,372,643,113,375
529,654,652,529,565,455,375,251,567,464,0,220,0,113,220,300,372,643,113,375
530,654,652,530,565,455,375,253,567,464,0,220,320,113,220,300,372,643,113,375
530,654,652,530,565,455,375,253,567,464,0,220,320,113,220,300,372,643,113,375
530,654,652,530,565,511,375,253,567,464,0,220,320,300,311,300,372,643,643,375
531,654,652,531,565,511,375,253,567,464,0,220,320,300,311,300,372,643,643,375
531,654,652,531,565,511,375,253,567,158,0,220,320,300,311,300,372,643,643,375
531,654,652,531,565,511,375,270,567,158,0,220,320,300,311,300,372,643,643,375
537,654,652,537,565,511,375,270,567,158,320,220,320,300,311,300,372,643,643,375
537,654,652,537,565,511,375,270,567,158,320,220,320,300,311,300,372,643,643,375
537,654,652,537,565,511,375,270,567,158,320,0,320,300,311,300,372,643,643,375
540,654,652,540,565,511,375,270,567,170,320,0,320,300,311,300,372,643,643,375
540,654,652,540,565,511,375,271,567,170,320,0,320,300,311,300,372,643,643,375
540,654,652,540,565,511,375,271,567,170,320,0,320,300,311,300,372,643,643,375
542,654,652,542,565,511,608,271,302,170,320,372,320,300,311,134,0,434,643,375
542,654,652,542,565,511,608,271,302,170,320,372,320,300,311,134,0,434,643,375
542,654,652,542,565,511,608,271,302,225,320,372,320,300,311,134,0,638,643,0
543,654,652,543,565,511,608,330,302,225,320,372,320,300,311,134,0,638,643,0
543,654,652,543,565,511,608,330,302,225,320,372,0,300,311,134,0,0,643,0
543,654,652,543,565,511,608,330,373,225,320,372,0,300,311,134,0,0,643,0
545,654,652,545,565,617,608,330,373,225,320,372,538,372,320,134,0,343,595,134
545,654,652,545,565,617,608,330,373,268,320,372,538,372,320,134,0,343,595,134
545,654,652,545,565,617,608,333,373,268,320,372,591,372,320,134,0,350,0,134
546,654,652,546,565,617,608,333,373,268,320,372,591,372,320,134,0,350,0,134
546,654,652,546,565,617,608,333,380,268,0,372,637,372,320,134,0,0,377,134
546,654,652,546,565,617,608,333,380,268,0,372,637,372,320,134,0,0,377,134
547,654,652,547,565,617,608,333,380,280,0,372,0,372,320,134,133,510,379,134
547,654,652,547,565,617,608,362,380,280,0,372,0,372,320,134,133,510,379,134
547,654,652,547,565,617,608,362,380,280,0,372,212,372,320,134,133,650,387,134
548,654,652,548,565,617,608,362,382,280,0,372,212,372,320,134,133,650,387,134
548,654,652,548,565,617,0,362,382,280,212,572,212,372,320,172,133,0,0,134
548,654,652,548,565,617,0,362,382,291,212,572,212,372,320,172,133,0,0,134
549,654,652,549,565,617,0,365,382,291,212,572,212,372,320,172,133,265,635,134
549,654,652,549,565,617,0,365,382,291,212,572,212,372,320,172,133,265,635,134
549,654,652,549,565,617,0,365,392,291,212,572,212,372,320,172,133,0,0,134
551,654,652,551,565,617,0,365,392,291,212,572,212,372,320,172,133,0,0,134
551,654,652,551,565,557,0,365,392,345,212,572,212,133,572,172,133,419,134,172
551,654,652,551,565,557,0,366,392,345,212,572,212,133,572,172,133,419,134,172
555,654,652,555,565,557,0,366,392,345,212,572,212,133,572,172,133,0,134,172
555,654,652,555,565,557,0,366,395,345,212,572,212,133,572,172,133,0,134,172
555,654,652,555,565,557,0,366,395,345,212,572,212,133,572,172,133,0,134,172
556,654,652,556,565,557,0,366,395,410,212,572,212,133,572,172,133,0,134,172
556,654,652,556,565,557,0,398,395,410,212,572,212,133,572,172,608,422,134,172
556,654,652,556,565,557,0,398,395,410,212,572,212,133,572,172,608,422,134,172
559,654,652,559,565,557,0,398,414,410,212,572,231,133,572,172,608,425,134,172
559,654,652,559,565,557,0,398,414,410,212,572,231,133,572,172,608,425,134,172
559,654,652,559,575,557,0,398,414,430,185,0,0,133,572,185,608,605,134,172
564,654,652,564,575,557,0,445,414,430,185,0,0,133,572,185,608,605,134,172
564,654,652,564,575,557,0,445,414,430,185,0,328,133,572,185,608,0,134,172
564,654,652,564,575,557,0,445,423,430,185,0,328,133,572,185,608,0,134,172
568,654,652,568,575,557,0,445,423,430,185,0,328,133,572,185,608,0,134,172
568,654,652,568,575,557,0,445,423,435,185,0,328,133,572,185,608,0,134,172
568,654,652,568,575,557,0,454,423,435,185,0,328,134,172,185,608,315,0,419
571,654,652,571,575,557,0,454,423,435,185,0,328,134,172,185,608,315,0,419
571,654,655,571,575,557,0,454,426,435,185,0,328,134,172,185,608,0,304,0
571,654,655,571,575,557,0,454,426,435,185,0,328,134,172,185,608,0,304,0
577,654,655,577,575,557,0,454,426,443,185,0,328,134,172,185,608,320,0,0
577,654,655,577,575,557,0,470,426,443,185,0,328,134,172,185,608,320,0,0
577,654,655,577,575,557,0,470,426,443,185,511,328,134,172,185,401,320,315,427
579,654,655,579,575,557,0,470,428,443,185,511,328,134,172,185,401,320,315,427
579,654,655,579,575,557,0,470,428,443,185,511,328,134,172,185,401,320,348,539
579,654,655,579,575,557,0,470,428,457,185,511,328,134,172,185,401,320,348,539
581,654,655,581,575,596,0,486,428,457,197,511,328,134,172,442,401,320,351,590
581,654,655,581,575,596,0,486,428,457,197,511,328,134,172,442,401,320,351,590
581,654,655,581,575,596,0,486,450,457,197,511,0,134,172,442,401,320,637,0
582,654,655,582,575,596,0,486,450,457,197,511,0,134,172,442,401,320,637,0
582,654,655,582,575,596,0,486,450,475,197,511,399,134,172,442,401,320,0,0
582,654,655,582,575,596,0,488,450,475,197,511,399,134,172,442,401,320,0,0
588,654,655,588,575,596,0,488,450,475,197,511,401,185,455,442,401,320,185,197
588,654,655,588,575,596,0,488,456,475,197,511,401,185,455,442,401,320,185,197
588,654,655,588,575,596,0,488,456,475,197,511,401,185,455,442,401,320,185,197
601,654,655,601,575,596,0,488,456,498,197,511,401,185,455,442,401,320,185,197
601,654,655,601,575,596,0,493,456,498,197,511,401,185,455,442,401,337,185,197
601,661,655,601,575,596,0,493,456,498,197,511,401,185,455,442,401,337,185,197
602,661,655,602,575,596,0,493,467,498,197,657,401,185,455,442,329,0,185,197
602,661,655,602,575,596,0,493,467,498,197,657,401,185,455,442,329,0,185,197
602,661,655,602,575,596,0,493,467,506,197,657,401,185,455,442,329,607,185,197
603,661,655,603,575,596,0,549,467,506,197,657,401,185,455,442,329,607,185,197
603,661,655,603,575,596,0,549,467,506,657,657,401,185,455,660,329,607,185,197
603,661,655,603,575,596,0,549,500,506,657,657,401,185,455,660,329,607,185,197
609,661,655,609,575,596,0,549,500,506,657,657,401,185,455,660,329,607,185,197
609,661,655,609,575,596,0,549,500,522,657,657,401,185,455,660,329,607,185,197
609,661,655,609,575,596,0,551,500,522,657,657,401,185,455,660,329,607,185,197
615,661,655,615,575,596,0,551,500,522,657,657,401,185,455,660,329,607,185,197
615,661,655,615,575,596,0,551,502,522,657,657,646,660,329,660,329,607,197,216
615,661,655,615,575,596,0,551,502,522,657,657,646,660,329,660,329,607,197,216
618,661,655,618,575,596,0,551,502,529,657,657,0,660,329,660,329,607,197,216
618,661,655,618,575,596,0,555,502,529,657,657,0,660,329,660,329,607,197,216
618,661,655,618,575,597,0,555,502,529,657,657,172,660,329,660,329,607,197,216
620,661,655,620,575,597,0,555,524,529,657,657,172,660,329,660,329,607,197,216
620,661,655,620,575,597,0,555,524,529,657,216,172,660,329,660,626,607,197,216
620,661,655,620,575,597,0,555,524,531,657,216,172,660,329,660,626,607,197,216
625,661,655,625,575,597,0,568,524,531,657,216,172,660,329,660,626,0,197,216
625,661,655,625,575,597,0,568,524,531,657,216,172,660,329,660,626,0,197,216
625,661,655,625,575,597,0,568,527,531,521,216,172,660,329,311,626,238,197,216
632,661,655,632,575,597,0,568,527,531,521,216,172,660,329,311,626,238,197,216
632,661,655,632,575,597,0,568,527,537,521,216,172,660,329,311,626,238,197,216
632,661,655,632,661,597,0,571,527,537,521,216,172,660,329,311,626,238,197,216
633,661,655,633,661,597,0,571,527,537,521,216,172,660,329,311,626,238,197,216
633,661,655,633,661,597,0,571,530,537,521,216,172,660,329,311,626,238,197,216
633,661,655,633,661,597,0,571,530,537,521,216,172,617,238,311,626,238,653,516
636,661,655,636,661,597,0,571,530,543,521,216,172,617,238,311,626,238,653,516
636,661,655,636,661,597,0,577,530,543,521,216,172,617,238,311,626,238,663,517
636,661,655,636,661,597,0,577,530,543,521,216,172,617,238,311,626,238,663,517
639,661,655,639,661,597,0,577,540,543,521,216,0,617,238,311,626,238,664,518
639,661,655,639,661,597,0,577,540,543,521,216,0,617,238,311,626,238,664,518
639,661,655,639,661,597,0,577,540,545,521,626,610,617,238,311,406,238,665,523
640,661,655,640,661,597,0,581,540,545,521,626,610,617,238,311,406,238,665,523
640,661,655,640,661,597,0,581,540,545,521,626,611,617,238,311,406,238,666,554
640,661,655,640,661,597,0,581,542,545,521,626,611,617,238,311,406,238,666,554
641,661,655,641,661,597,0,581,542,545,660,626,612,617,238,238,406,300,667,612
641,661,655,641,661,597,0,581,542,546,660,626,612,617,238,238,406,300,667,612
641,661,655,641,661,597,0,601,542,546,660,626,619,617,238,238,406,300,670,0
642,661,655,642,661,597,0,601,542,546,660,626,619,617,238,238,406,300,670,0
642,661,655,642,661,652,0,601,559,546,660,626,622,617,238,238,406,300,0,0
642,661,655,642,661,652,0,601,559,546,660,626,622,617,238,238,406,300,0,0
647,661,655,647,661,652,0,601,559,547,660,626,649,261,608,238,406,300,489,626
647,661,655,647,661,652,0,602,559,547,660,626,649,261,608,238,406,300,489,626
647,661,655,647,661,652,0,602,559,547,660,626,0,261,608,238,406,300,489,626
648,661,655,648,661,652,0,602,564,547,660,626,0,261,608,238,406,300,489,626
648,661,655,648,661,652,0,602,564,547,660,626,216,261,608,238,406,300,489,626
648,661,655,648,661,652,0,602,564,548,660,626,216,261,608,238,406,300,489,626
656,661,655,656,661,652,0,603,564,548,660,311,216,261,608,238,660,300,489,626
656,661,655,656,661,652,0,603,564,548,660,311,216,261,608,238,660,300,489,626
656,661,655,656,661,652,0,603,565,548,660,311,216,261,608,238,660,300,489,626
658,661,655,658,661,652,0,603,565,548,660,311,216,261,608,238,660,300,489,626
658,661,655,658,661,652,0,609,565,556,238,311,216,261,608,329,660,572,489,626
658,661,655,658,661,652,0,609,565,556,238,311,216,261,608,329,660,572,489,626
659,661,655,659,661,652,0,609,565,556,238,311,216,261,608,329,660,572,489,626
659,661,655,659,661,652,0,609,579,556,238,311,216,261,608,329,660,572,489,626
659,661,655,659,661,652,0,618,579,556,238,311,216,261,608,329,660,572,489,626
662,661,655,662,661,652,0,618,579,557,238,311,216,261,608,329,660,572,489,626
662,661,655,662,661,652,0,618,579,557,238,311,216,0,0,329,660,572,0,0
662,661,655,662,661,652,0,618,579,557,238,311,216,0,0,329,660,572,0,0
672,661,655,672,661,652,0,625,582,557,238,311,216,0,0,329,660,572,0,0
672,661,655,672,661,652,0,625,582,557,238,311,216,0,0,329,660,572,0,0
672,661,655,672,661,652,0,625,582,575,238,311,0,0,0,329,660,572,0,0
674,661,655,674,661,652,0,625,582,575,238,311,0,0,0,329,660,572,0,0
674,661,655,674,661,652,0,636,582,575,238,0,0,0,0,329,0,572,0,0
674,661,655,674,661,652,0,636,588,575,238,0,0,0,0,329,0,572,0,0
677,661,655,677,661,0,0,636,588,575,238,0,0,0,0,329,0,572,0,0
677,661,655,677,661,0,0,636,588,596,238,0,0,0,0,329,0,572,0,0
677,661,655,677,661,0,0,642,588,596,0,0,0,0,0,0,0,0,0,0
678,661,655,678,661,0,0,642,588,596,0,0,0,0,0,0,0,0,0,0
678,661,655,678,661,0,0,642,0,596,0,0,0,0,0,0,0,0,0,0
678,661,655,678,661,0,0,642,0,596,0,0,0,0,0,0,0,0,0,0