9,207,194,9,164,105,67,9,105,67,119,164,87,189,67,322,87,189,131,137
9,207,194,9,164,105,67,9,105,67,119,164,87,189,67,322,87,189,131,137
9,207,194,9,164,105,67,9,105,67,119,164,87,189,67,322,87,189,131,137
121,360,330,87,207,194,290,119,286,189,290,360,105,276,119,374,121,194,277,207
121,360,330,87,207,194,290,119,286,189,290,360,105,276,119,374,121,194,277,207
121,360,330,87,207,194,290,119,286,189,290,360,105,276,119,374,121,194,277,207
131,361,339,137,360,330,299,164,349,240,299,374,121,364,131,428,240,257,386,339
131,361,339,137,360,330,299,164,349,240,299,374,121,364,131,428,240,257,386,339
131,361,339,137,360,330,299,164,349,240,299,374,121,364,131,428,240,257,386,339
137,409,367,257,361,339,336,324,364,276,324,412,240,371,277,502,286,276,389,361
137,409,367,257,361,339,336,324,364,276,324,412,240,371,277,502,286,276,389,361
137,409,367,257,361,339,336,324,364,276,324,412,240,371,277,502,286,276,389,361
257,459,379,290,389,367,348,374,389,322,336,428,286,385,299,542,349,318,399,367
257,459,379,290,389,367,348,374,389,322,336,428,286,385,299,542,349,318,399,367
257,459,379,290,389,367,348,374,389,322,336,428,286,385,299,542,349,318,399,367
277,475,388,318,409,388,379,427,412,330,348,502,349,407,324,551,401,348,408,393
277,475,388,318,409,388,379,427,412,330,348,502,349,407,324,551,401,348,408,393
277,475,388,318,409,388,379,427,412,330,348,502,349,407,324,551,401,348,408,393
318,506,393,322,437,393,460,502,428,385,379,542,388,420,386,582,407,364,455,413
318,506,393,322,437,393,460,502,428,385,379,542,388,420,386,582,407,364,455,413
318,506,393,322,437,393,460,502,428,385,379,542,388,420,386,582,407,364,455,413
371,553,413,336,459,413,478,542,446,401,427,551,401,454,408,584,412,371,459,484
371,553,413,336,459,413,478,542,446,401,427,551,401,454,408,584,412,371,459,484
371,553,413,336,459,413,478,542,446,401,427,551,401,454,408,584,412,371,459,484
386,571,455,399,475,455,491,575,473,420,478,584,407,460,427,601,437,385,475,506
386,571,455,399,475,455,491,575,473,420,478,584,407,460,427,601,437,385,475,506
386,571,455,399,475,455,491,575,473,420,478,584,407,460,427,601,437,385,475,506
399,585,478,501,506,484,501,582,584,452,491,601,446,465,487,639,446,409,516,553
399,585,478,501,506,484,501,582,584,452,491,601,446,465,487,639,446,409,516,553
399,585,478,501,506,484,501,582,584,452,491,601,446,465,487,639,446,409,516,553
408,626,484,516,553,540,528,601,592,460,499,639,452,487,491,659,452,420,545,575
408,626,484,516,553,540,528,601,592,460,499,639,452,487,491,659,452,420,545,575
408,626,484,516,553,540,528,601,592,460,499,639,452,487,491,659,452,420,545,575
437,648,540,528,571,586,551,634,602,465,501,649,473,522,540,667,473,454,548,582
437,648,540,528,571,586,551,634,602,465,501,649,473,522,540,667,473,454,548,582
437,648,540,528,571,586,551,634,602,465,501,649,473,522,540,667,473,454,548,582
454,655,586,545,585,596,567,639,621,586,528,653,571,577,567,678,499,465,594,585
454,655,586,545,585,596,567,639,621,586,528,653,571,577,567,678,499,465,594,585
454,655,586,545,585,596,567,639,621,586,528,653,571,577,567,678,499,465,594,585
499,663,596,548,626,620,606,649,648,596,567,659,577,593,593,684,577,487,623,597
499,663,596,548,626,620,606,649,648,596,567,659,577,593,593,684,577,487,623,597
499,663,596,548,626,620,606,649,648,596,567,659,577,593,593,684,577,487,623,597
516,668,620,575,648,673,614,653,650,612,606,670,592,597,614,695,592,522,653,626
516,668,620,575,648,673,614,653,650,612,606,670,592,597,614,695,592,522,653,626
516,668,620,575,648,673,614,653,650,612,606,670,592,597,614,695,592,522,653,626
522,682,673,578,649,685,658,659,668,614,634,678,602,609,634,697,597,578,655,663
522,682,673,578,649,685,658,659,668,614,634,678,602,609,634,697,597,578,655,663
522,682,673,578,649,685,658,659,668,614,634,678,602,609,634,697,597,578,655,663
545,684,685,594,655,699,665,670,679,620,658,697,621,612,665,699,602,593,722,667
545,684,685,594,655,699,665,670,679,620,658,697,621,612,665,699,602,593,722,667
545,684,685,594,655,699,665,670,679,620,658,697,621,612,665,699,602,593,722,667
548,695,691,606,663,708,709,678,711,673,665,700,650,633,672,711,621,609,739,682
548,695,691,606,663,708,709,678,711,673,665,700,650,633,672,711,621,609,739,682
548,695,691,606,663,708,709,678,711,673,665,700,650,633,672,711,621,609,739,682
578,722,700,623,668,718,725,691,723,685,725,711,667,672,691,741,650,612,749,695
578,722,700,623,668,718,725,691,723,685,725,711,667,672,691,741,650,612,749,695
578,722,700,623,668,718,725,691,723,685,725,711,667,672,691,741,650,612,749,695
594,739,708,658,682,723,733,697,743,693,731,741,679,709,715,743,679,633,793,727
594,739,708,658,682,723,733,697,743,693,731,741,679,709,715,743,679,633,793,727
594,739,708,658,682,723,733,697,743,693,731,741,679,709,715,743,679,633,793,727
609,784,718,670,684,749,786,700,751,699,733,743,693,715,725,751,693,672,797,752
609,784,718,670,684,749,786,700,751,699,733,743,693,715,725,751,693,672,797,752
609,784,718,670,684,749,786,700,751,699,733,743,693,715,725,751,693,672,797,752
623,793,749,728,722,757,795,731,768,709,753,751,712,727,731,752,708,715,812,770
623,793,749,728,722,757,795,731,768,709,753,751,712,727,731,752,708,715,812,770
623,793,749,728,722,757,795,731,768,709,753,751,712,727,731,752,708,715,812,770
633,803,757,736,739,765,815,741,773,712,786,767,723,762,733,770,712,728,814,784
633,803,757,736,739,765,815,741,773,712,786,767,723,762,733,770,712,728,814,784
633,803,757,736,739,765,815,741,773,712,786,767,723,762,733,770,712,728,814,784
728,812,765,795,767,773,822,753,775,718,795,780,768,776,776,780,727,736,827,794
728,812,765,795,767,773,822,753,775,718,795,780,768,776,776,780,727,736,827,794
728,812,765,795,767,773,822,753,775,718,795,780,768,776,776,780,727,736,827,794
736,833,774,815,784,774,831,767,789,752,822,789,773,777,782,789,768,762,837,803
736,833,774,815,784,774,831,767,789,752,822,789,773,777,782,789,768,762,837,803
736,833,774,815,784,774,831,767,789,752,822,789,773,777,782,789,768,762,837,803
753,837,794,822,793,794,839,780,798,757,831,796,775,782,786,796,775,776,858,806
753,837,794,822,793,794,839,780,798,757,831,796,775,782,786,796,775,776,858,806
753,837,794,822,793,794,839,780,798,757,831,796,775,782,786,796,775,776,858,806
770,858,804,827,803,804,844,796,817,762,840,802,798,799,804,817,798,777,873,815
770,858,804,827,803,804,844,796,817,762,840,802,798,799,804,817,798,777,873,815
770,858,804,827,803,804,844,796,817,762,840,802,798,799,804,817,798,777,873,815
797,866,806,844,812,806,867,802,841,765,844,817,811,839,831,841,802,782,896,857
797,866,806,844,812,806,867,802,841,765,844,817,811,839,831,841,802,782,896,857
797,866,806,844,812,806,867,802,841,765,844,817,811,839,831,841,802,782,896,857
811,873,814,875,833,814,875,840,863,774,852,841,842,855,840,847,811,799,900,863
811,873,814,875,833,814,875,840,863,774,852,841,842,855,840,847,811,799,900,863
811,873,814,875,833,814,875,840,863,774,852,841,842,855,840,847,811,799,900,863
827,880,825,890,837,825,882,847,868,777,857,847,854,885,852,849,833,855,903,871
827,880,825,890,837,825,882,847,868,777,857,847,854,885,852,849,833,855,903,871
827,880,825,890,837,825,882,847,868,777,857,847,854,885,852,849,833,855,903,871
842,888,867,900,863,866,890,849,877,797,867,849,858,895,882,857,842,895,920,880
842,888,867,900,863,866,890,849,877,797,867,849,858,895,882,857,842,895,920,880
842,888,867,900,863,866,890,849,877,797,867,849,858,895,882,857,842,895,920,880
855,920,874,903,873,874,905,852,885,799,875,876,868,900,896,871,854,919,928,885
855,920,874,903,873,874,905,852,885,799,875,876,868,900,896,871,854,919,928,885
855,920,874,903,873,874,905,852,885,799,875,876,868,900,896,871,854,919,928,885
871,929,905,908,880,921,922,876,908,825,882,892,877,919,928,876,868,938,947,921
871,929,905,908,880,921,922,876,908,825,882,892,877,919,928,876,868,938,947,921
871,929,905,908,880,921,922,876,908,825,882,892,877,919,928,876,868,938,947,921
896,939,921,922,888,939,946,892,917,839,890,906,917,941,934,892,877,941,985,929
896,939,921,922,888,939,946,892,917,839,890,906,917,941,934,892,877,941,985,929
896,939,921,922,888,939,946,892,917,839,890,906,917,941,934,892,877,941,985,929
903,951,952,938,920,952,953,906,937,854,905,916,937,946,941,906,888,946,990,951
903,951,952,938,920,952,953,906,937,854,905,916,937,946,941,906,888,946,990,951
903,951,952,938,920,952,953,906,937,854,905,916,937,946,941,906,888,946,990,951
908,963,961,947,929,961,958,916,944,866,922,925,944,954,953,916,917,954,992,961
908,963,961,947,929,961,958,916,944,866,922,925,944,954,953,916,917,954,992,961
908,963,961,947,929,961,958,916,944,866,922,925,944,954,953,916,917,954,992,961
919,968,969,958,951,969,962,925,956,874,934,983,956,959,979,925,937,959,1004,968
919,968,969,958,951,969,962,925,956,874,934,983,956,959,979,925,937,959,1004,968
919,968,969,958,951,969,962,925,956,874,934,983,956,959,979,925,937,959,1004,968
928,976,991,962,968,991,970,934,988,895,953,1000,988,963,985,983,944,963,1011,970
928,976,991,962,968,991,970,934,988,895,953,1000,988,963,985,983,944,963,1011,970
928,976,991,962,968,991,970,934,988,895,953,1000,988,963,985,983,944,963,1011,970
938,993,1009,971,972,1009,971,979,1001,939,958,1016,996,970,986,993,956,986,1013,971
938,993,1009,971,972,1009,971,979,1001,939,958,1016,996,970,986,993,956,986,1013,971
938,993,1009,971,972,1009,971,979,1001,939,958,1016,996,970,986,993,956,986,1013,971
947,996,1018,999,976,1018,999,983,1007,952,962,1033,1001,972,990,994,996,1003,1021,976
947,996,1018,999,976,1018,999,983,1007,952,962,1033,1001,972,990,994,996,1003,1021,976
947,996,1018,999,976,1018,999,983,1007,952,962,1033,1001,972,990,994,996,1003,1021,976
954,1004,1022,1002,988,1022,1002,1000,1017,969,979,1045,1007,986,992,1033,1001,1010,1024,993
954,1004,1022,1002,988,1022,1002,1000,1017,969,979,1045,1007,986,992,1033,1001,1010,1024,993
954,1004,1022,1002,988,1022,1002,1000,1017,969,979,1045,1007,986,992,1033,1001,1010,1024,993
959,1013,1025,1003,994,1025,1015,1016,1019,972,999,1052,1017,1010,1002,1042,1007,1020,1038,994
959,1013,1025,1003,994,1025,1015,1016,1019,972,999,1052,1017,1010,1002,1042,1007,1020,1038,994
959,1013,1025,1003,994,1025,1015,1016,1019,972,999,1052,1017,1010,1002,1042,1007,1020,1038,994
985,1021,1027,1015,1000,1027,1039,1033,1031,991,1010,1062,1019,1020,1011,1045,1017,1034,1050,1018
985,1021,1027,1015,1000,1027,1039,1033,1031,991,1010,1062,1019,1020,1011,1045,1017,1034,1050,1018
985,1021,1027,1015,1000,1027,1039,1033,1031,991,1010,1062,1019,1020,1011,1045,1017,1034,1050,1018
990,1024,1030,1051,1004,1030,1051,1052,1040,1009,1015,1066,1031,1034,1020,1052,1019,1040,1057,1042
990,1024,1030,1051,1004,1030,1051,1052,1040,1009,1015,1066,1031,1034,1020,1052,1019,1040,1057,1042
990,1024,1030,1051,1004,1030,1051,1052,1040,1009,1015,1066,1031,1034,1020,1052,1019,1040,1057,1042
992,1046,1037,1061,1013,1037,1053,1062,1045,1022,1051,1072,1038,1040,1034,1062,1031,1048,1067,1046
992,1046,1037,1061,1013,1037,1053,1062,1045,1022,1051,1072,1038,1040,1034,1062,1031,1048,1067,1046
992,1046,1037,1061,1013,1037,1053,1062,1045,1022,1051,1072,1038,1040,1034,1062,1031,1048,1067,1046
1003,1049,1050,1067,1016,1050,1061,1065,1074,1025,1061,1074,1039,1048,1038,1072,1039,1056,1078,1059
1003,1049,1050,1067,1016,1050,1061,1065,1074,1025,1061,1074,1039,1048,1038,1072,1039,1056,1078,1059
1003,1049,1050,1067,1016,1050,1061,1065,1074,1025,1061,1074,1039,1048,1038,1072,1039,1056,1078,1059
1011,1059,1060,1079,1021,1060,1079,1066,1088,1027,1079,1106,1068,1053,1057,1075,1049,1073,1128,1065
1011,1059,1060,1079,1021,1060,1079,1066,1088,1027,1079,1106,1068,1053,1057,1075,1049,1073,1128,1065
1011,1059,1060,1079,1021,1060,1079,1066,1088,1027,1079,1106,1068,1053,1057,1075,1049,1073,1128,1065
1042,1065,1070,1117,1024,1070,1109,1072,1102,1030,1117,1120,1075,1056,1081,1100,1066,1081,1136,1069
1042,1065,1070,1117,1024,1070,1109,1072,1102,1030,1117,1120,1075,1056,1081,1100,1066,1081,1136,1069
1042,1065,1070,1117,1024,1070,1109,1072,1102,1030,1117,1120,1075,1056,1081,1100,1066,1081,1136,1069
1048,1069,1078,1125,1049,1078,1117,1073,1105,1037,1119,1132,1088,1073,1127,1106,1068,1094,1150,1074
1048,1069,1078,1125,1049,1078,1117,1073,1105,1037,1119,1132,1088,1073,1127,1106,1068,1094,1150,1074
1048,1069,1078,1125,1049,1078,1117,1073,1105,1037,1119,1132,1088,1073,1127,1106,1068,1094,1150,1074
1057,1094,1092,1131,1059,1092,1118,1120,1121,1046,1124,1157,1103,1081,1143,1120,1088,1098,1151,1075
1057,1094,1092,1131,1059,1092,1118,1120,1121,1046,1124,1157,1103,1081,1143,1120,1088,1098,1151,1075
1057,1094,1092,1131,1059,1092,1118,1120,1121,1046,1124,1157,1103,1081,1143,1120,1088,1098,1151,1075
1067,1102,1103,1141,1069,1105,1119,1124,1126,1053,1125,1181,1105,1094,1151,1132,1103,1114,1161,1100
1067,1102,1103,1141,1069,1105,1119,1124,1126,1053,1125,1181,1105,1094,1151,1132,1103,1114,1161,1100
1067,1102,1103,1141,1069,1105,1119,1124,1126,1053,1125,1181,1105,1094,1151,1132,1103,1114,1161,1100
1068,1107,1108,1142,1102,1108,1125,1132,1133,1056,1131,1188,1121,1098,1154,1157,1107,1124,1164,1106
1068,1107,1108,1142,1102,1108,1125,1132,1133,1056,1131,1188,1121,1098,1154,1157,1107,1124,1164,1106
1068,1107,1108,1142,1102,1108,1125,1132,1133,1056,1131,1188,1121,1098,1154,1157,1107,1124,1164,1106
1100,1114,1119,1150,1114,1128,1131,1181,1142,1060,1141,1192,1126,1107,1163,1188,1108,1127,1168,1145
1100,1114,1119,1150,1114,1128,1131,1181,1142,1060,1141,1192,1126,1107,1163,1188,1108,1127,1168,1145
1100,1114,1119,1150,1114,1128,1131,1181,1142,1060,1141,1192,1126,1107,1163,1188,1108,1127,1168,1145
1144,1136,1128,1164,1136,1153,1141,1188,1152,1070,1154,1197,1133,1109,1169,1197,1121,1140,1172,1149
1144,1136,1128,1164,1136,1153,1141,1188,1152,1070,1154,1197,1133,1109,1169,1197,1121,1140,1172,1149
1144,1136,1128,1164,1136,1153,1141,1188,1152,1070,1154,1197,1133,1109,1169,1197,1121,1140,1172,1149
1150,1140,1153,1168,1140,1162,1147,1192,1156,1092,1163,1205,1142,1118,1172,1205,1126,1143,1187,1157
1150,1140,1153,1168,1140,1162,1147,1192,1156,1092,1163,1205,1142,1118,1172,1205,1126,1143,1187,1157
1150,1140,1153,1168,1140,1162,1147,1192,1156,1092,1163,1205,1142,1118,1172,1205,1126,1143,1187,1157
1151,1145,1162,1175,1145,1180,1154,1197,1166,1098,1175,1213,1156,1127,1204,1209,1133,1144,1204,1191
1151,1145,1162,1175,1145,1180,1154,1197,1166,1098,1175,1213,1156,1127,1204,1209,1133,1144,1204,1191
1151,1145,1162,1175,1145,1180,1154,1197,1166,1098,1175,1213,1156,1127,1204,1209,1133,1144,1204,1191
1164,1152,1180,1187,1152,1195,1163,1205,1177,1109,1196,1219,1166,1143,1214,1213,1149,1146,1214,1194
1164,1152,1180,1187,1152,1195,1163,1205,1177,1109,1196,1219,1166,1143,1214,1213,1149,1146,1214,1194
1164,1152,1180,1187,1152,1195,1163,1205,1177,1109,1196,1219,1166,1143,1214,1213,1149,1146,1214,1194
1168,1161,1195,1191,1161,1209,1175,1210,1189,1118,1204,1229,1177,1144,1222,1219,1156,1169,1222,1217
1168,1161,1195,1191,1161,1209,1175,1210,1189,1118,1204,1229,1177,1144,1222,1219,1156,1169,1222,1217
1168,1161,1195,1191,1161,1209,1175,1210,1189,1118,1204,1229,1177,1144,1222,1219,1156,1169,1222,1217
1172,1194,1209,1196,1192,1211,1191,1219,1203,1146,1214,1231,1189,1146,1233,1229,1166,1181,1252,1230
1172,1194,1209,1196,1192,1211,1191,1219,1203,1146,1214,1231,1189,1146,1233,1229,1166,1181,1252,1230
1172,1194,1209,1196,1192,1211,1191,1219,1203,1146,1214,1231,1189,1146,1233,1229,1166,1181,1252,1230
1187,1216,1211,1206,1194,1217,1196,1229,1213,1147,1218,1246,1203,1147,1259,1231,1177,1206,1264,1235
1187,1216,1211,1206,1194,1217,1196,1229,1213,1147,1218,1246,1203,1147,1259,1231,1177,1206,1264,1235
1187,1216,1211,1206,1194,1217,1196,1229,1213,1147,1218,1246,1203,1147,1259,1231,1177,1206,1264,1235
1206,1235,1217,1218,1210,1230,1212,1231,1220,1153,1228,1248,1215,1149,1260,1246,1189,1210,1265,1242
1206,1235,1217,1218,1210,1230,1212,1231,1220,1153,1228,1248,1215,1149,1260,1246,1189,1210,1265,1242
1206,1235,1217,1218,1210,1230,1212,1231,1220,1153,1228,1248,1215,1149,1260,1246,1189,1210,1265,1242
1215,1242,1230,1228,1216,1245,1218,1246,1227,1162,1251,1254,1220,1169,1275,1248,1203,1216,1289,1245
1215,1242,1230,1228,1216,1245,1218,1246,1227,1162,1251,1254,1220,1169,1275,1248,1203,1216,1289,1245
1215,1242,1230,1228,1216,1245,1218,1246,1227,1162,1251,1254,1220,1169,1275,1248,1203,1216,1289,1245
1222,1252,1245,1251,1235,1253,1228,1254,1232,1195,1257,1268,1227,1180,1292,1266,1215,1233,1292,1266
1222,1252,1245,1251,1235,1253,1228,1254,1232,1195,1257,1268,1227,1180,1292,1266,1215,1233,1292,1266
1222,1252,1245,1251,1235,1253,1228,1254,1232,1195,1257,1268,1227,1180,1292,1266,1215,1233,1292,1266
1241,1267,1253,1261,1254,1257,1251,1268,1239,1211,1260,1270,1232,1212,1311,1268,1220,1241,1308,1279
1241,1267,1253,1261,1254,1257,1251,1268,1239,1211,1260,1270,1232,1212,1311,1268,1220,1241,1308,1279
1241,1267,1253,1261,1254,1257,1251,1268,1239,1211,1260,1270,1232,1212,1311,1268,1220,1241,1308,1279
1266,1279,1257,1263,1267,1271,1260,1270,1248,1212,1261,1273,1239,1233,1335,1270,1227,1247,1311,1312
1266,1279,1257,1263,1267,1271,1260,1270,1248,1212,1261,1273,1239,1233,1335,1270,1227,1247,1311,1312
1266,1279,1257,1263,1267,1271,1260,1270,1248,1212,1261,1273,1239,1233,1335,1270,1227,1247,1311,1312
1288,1289,1271,1272,1279,1280,1261,1273,1258,1242,1263,1284,1258,1241,1344,1273,1232,1259,1335,1317
1288,1289,1271,1272,1279,1280,1261,1273,1258,1242,1263,1284,1258,1241,1344,1273,1232,1259,1335,1317
1288,1289,1271,1272,1279,1280,1261,1273,1258,1242,1263,1284,1258,1241,1344,1273,1232,1259,1335,1317
1292,1294,1280,1291,1289,1282,1263,1277,1264,1247,1265,1296,1264,1247,1353,1284,1239,1275,1344,1326
1292,1294,1280,1291,1289,1282,1263,1277,1264,1247,1265,1296,1264,1247,1353,1284,1239,1275,1344,1326
1292,1294,1280,1291,1289,1282,1263,1277,1264,1247,1265,1296,1264,1247,1353,1284,1239,1275,1344,1326
1297,1308,1282,1295,1294,1299,1272,1284,1274,1252,1272,1310,1274,1259,1373,1294,1258,1288,1362,1336
1297,1308,1282,1295,1294,1299,1272,1284,1274,1252,1272,1310,1274,1259,1373,1294,1258,1288,1362,1336
1297,1308,1282,1295,1294,1299,1272,1284,1274,1252,1272,1310,1274,1259,1373,1294,1258,1288,1362,1336
1298,1317,1299,1298,1308,1304,1291,1296,1281,1253,1291,1322,1277,1265,1388,1296,1267,1297,1364,1354
1298,1317,1299,1298,1308,1304,1291,1296,1281,1253,1291,1322,1277,1265,1388,1296,1267,1297,1364,1354
1298,1317,1299,1298,1308,1304,1291,1296,1281,1253,1291,1322,1277,1265,1388,1296,1267,1297,1364,1354
1311,1336,1304,1326,1317,1312,1295,1310,1287,1271,1295,1339,1281,1275,1391,1310,1274,1298,1380,1365
1311,1336,1304,1326,1317,1312,1295,1310,1287,1271,1295,1339,1281,1275,1391,1310,1274,1298,1380,1365
1311,1336,1304,1326,1317,1312,1295,1310,1287,1271,1295,1339,1281,1275,1391,1310,1274,1298,1380,1365
1323,1370,1312,1349,1339,1321,1305,1322,1300,1280,1328,1341,1287,1288,1395,1322,1277,1299,1388,1370
1323,1370,1312,1349,1339,1321,1305,1322,1300,1280,1328,1341,1287,1288,1395,1322,1277,1299,1388,1370
1323,1370,1312,1349,1339,1321,1305,1322,1300,1280,1328,1341,1287,1288,1395,1322,1277,1299,1388,1370
1335,1374,1346,1356,1351,1333,1326,1328,1302,1282,1349,1351,1300,1297,1397,1328,1281,1301,1397,1374
1335,1374,1346,1356,1351,1333,1326,1328,1302,1282,1349,1351,1300,1297,1397,1328,1281,1301,1397,1374
1335,1374,1346,1356,1351,1333,1326,1328,1302,1282,1349,1351,1300,1297,1397,1328,1281,1301,1397,1374
1344,1380,1350,1359,1370,1346,1349,1339,1309,1301,1359,1360,1302,1301,1405,1336,1287,1307,1410,1381
1344,1380,1350,1359,1370,1346,1349,1339,1309,1301,1359,1360,1302,1301,1405,1336,1287,1307,1410,1381
1344,1380,1350,1359,1370,1346,1349,1339,1309,1301,1359,1360,1302,1301,1405,1336,1287,1307,1410,1381
1354,1389,1362,1361,1374,1362,1359,1341,1315,1304,1361,1377,1309,1305,1414,1354,1300,1334,1418,1389
1354,1389,1362,1361,1374,1362,1359,1341,1315,1304,1361,1377,1309,1305,1414,1354,1300,1334,1418,1389
1354,1389,1362,1361,1374,1362,1359,1341,1315,1304,1361,1377,1309,1305,1414,1354,1300,1334,1418,1389
1356,1403,1364,1365,1380,1364,1361,1351,1321,1305,1372,1392,1315,1307,1425,1360,1302,1341,1435,1403
1356,1403,1364,1365,1380,1364,1361,1351,1321,1305,1372,1392,1315,1307,1425,1360,1302,1341,1435,1403
1356,1403,1364,1365,1380,1364,1361,1351,1321,1305,1372,1392,1315,1307,1425,1360,1302,1341,1435,1403
1363,1412,1381,1366,1389,1381,1372,1360,1330,1307,1373,1399,1321,1324,1442,1377,1309,1343,1441,1415
1363,1412,1381,1366,1389,1381,1372,1360,1330,1307,1373,1399,1321,1324,1442,1377,1309,1343,1441,1415
1363,1412,1381,1366,1389,1381,1372,1360,1330,1307,1373,1399,1321,1324,1442,1377,1309,1343,1441,1415
1366,1417,1383,1372,1399,1383,1373,1377,1333,1323,1376,1406,1324,1334,1453,1403,1315,1350,1453,1438
1366,1417,1383,1372,1399,1383,1373,1377,1333,1323,1376,1406,1324,1334,1453,1403,1315,1350,1453,1438
1366,1417,1383,1372,1399,1383,1373,1377,1333,1323,1376,1406,1324,1334,1453,1403,1315,1350,1453,1438
1379,1435,1397,1376,1410,1400,1376,1392,1342,1334,1382,1415,1330,1343,1460,1415,1323,1353,1470,1448
1379,1435,1397,1376,1410,1400,1376,1392,1342,1334,1382,1415,1330,1343,1460,1415,1323,1353,1470,1448
1379,1435,1397,1376,1410,1400,1376,1392,1342,1334,1382,1415,1330,1343,1460,1415,1323,1353,1470,1448
1388,1439,1418,1382,1412,1413,1382,1399,1358,1343,1395,1420,1333,1350,1461,1420,1324,1363,1474,1467
1388,1439,1418,1382,1412,1413,1382,1399,1358,1343,1395,1420,1333,1350,1461,1420,1324,1363,1474,1467
1388,1439,1418,1382,1412,1413,1382,1399,1358,1343,1395,1420,1333,1350,1461,1420,1324,1363,1474,1467
1438,1474,1428,1398,1417,1418,1395,1406,1365,1346,1398,1431,1342,1353,1462,1431,1330,1366,1491,1473
1438,1474,1428,1398,1417,1418,1395,1406,1365,1346,1398,1431,1342,1353,1462,1431,1330,1366,1491,1473
1438,1474,1428,1398,1417,1418,1395,1406,1365,1346,1398,1431,1342,1353,1462,1431,1330,1366,1491,1473
1445,1480,1448,1406,1437,1428,1398,1420,1378,1367,1410,1459,1358,1363,1470,1438,1342,1379,1492,1481
1445,1480,1448,1406,1437,1428,1398,1420,1378,1367,1410,1459,1358,1363,1470,1438,1342,1379,1492,1481
1445,1480,1448,1406,1437,1428,1398,1420,1378,1367,1410,1459,1358,1363,1470,1438,1342,1379,1492,1481
1453,1486,1455,1419,1439,1448,1414,1431,1385,1383,1414,1462,1367,1379,1492,1459,1356,1386,1499,1486
1453,1486,1455,1419,1439,1448,1414,1431,1385,1383,1414,1462,1367,1379,1492,1459,1356,1386,1499,1486
1453,1486,1455,1419,1439,1448,1414,1431,1385,1383,1414,1462,1367,1379,1492,1459,1356,1386,1499,1486
1464,1499,1461,1430,1474,1455,1419,1442,1400,1386,1419,1472,1378,1386,1495,1472,1358,1391,1501,1496
1464,1499,1461,1430,1474,1455,1419,1442,1400,1386,1419,1472,1378,1386,1495,1472,1358,1391,1501,1496
1464,1499,1461,1430,1474,1455,1419,1442,1400,1386,1419,1472,1378,1386,1495,1472,1358,1391,1501,1496
1470,1501,1475,1441,1480,1468,1425,1459,1412,1413,1424,1483,1385,1391,1511,1483,1367,1392,1515,1507
1470,1501,1475,1441,1480,1468,1425,1459,1412,1413,1424,1483,1385,1391,1511,1483,1367,1392,1515,1507
1470,1501,1475,1441,1480,1468,1425,1459,1412,1413,1424,1483,1385,1391,1511,1483,1367,1392,1515,1507
1485,1507,1481,1449,1486,1475,1430,1469,1421,1428,1425,1484,1400,1405,1514,1496,1378,1405,1525,1516
1485,1507,1481,1449,1486,1475,1430,1469,1421,1428,1425,1484,1400,1405,1514,1496,1378,1405,1525,1516
1485,1507,1481,1449,1486,1475,1430,1469,1421,1428,1425,1484,1400,1405,1514,1496,1378,1405,1525,1516
1491,1516,1494,1476,1499,1481,1441,1472,1447,1437,1430,1496,1421,1413,1520,1509,1385,1417,1532,1530
1491,1516,1494,1476,1499,1481,1441,1472,1447,1437,1430,1496,1421,1413,1520,1509,1385,1417,1532,1530
1491,1516,1494,1476,1499,1481,1441,1472,1447,1437,1430,1496,1421,1413,1520,1509,1385,1417,1532,1530
1493,1532,1502,1482,1501,1494,1449,1483,1451,1444,1442,1497,1444,1424,1525,1517,1421,1424,1540,1534
1493,1532,1502,1482,1501,1494,1449,1483,1451,1444,1442,1497,1444,1424,1525,1517,1421,1424,1540,1534
1493,1532,1502,1482,1501,1494,1449,1483,1451,1444,1442,1497,1444,1424,1525,1517,1421,1424,1540,1534
1500,1541,1505,1485,1507,1502,1476,1497,1460,1455,1449,1509,1447,1435,1527,1528,1439,1445,1565,1541
1500,1541,1505,1485,1507,1502,1476,1497,1460,1455,1449,1509,1447,1435,1527,1528,1439,1445,1565,1541
1500,1541,1505,1485,1507,1502,1476,1497,1460,1455,1449,1509,1447,1435,1527,1528,1439,1445,1565,1541
1515,1550,1524,1487,1516,1505,1482,1509,1467,1475,1461,1517,1451,1437,1540,1536,1444,1462,1580,1548
1515,1550,1524,1487,1516,1505,1482,1509,1467,1475,1461,1517,1451,1437,1540,1536,1444,1462,1580,1548
1529,1551,1524,1492,1532,1505,1482,1509,1467,1475,1461,1517,1451,1437,1540,1536,1444,1462,1580,1548
1529,1551,1525,1492,1532,1524,1487,1528,1468,1491,1476,1528,1464,1445,1546,1544,1447,1469,1585,1551
1540,1554,1525,1493,1541,1524,1487,1528,1468,1491,1476,1528,1464,1445,1546,1544,1447,1469,1585,1551
1540,1554,1525,1493,1541,1524,1487,1528,1468,1491,1476,1528,1464,1445,1546,1544,1447,1469,1585,1551
1559,1558,1530,1497,1550,1526,1495,1536,1478,1494,1482,1536,1467,1460,1559,1547,1451,1480,1596,1552
1559,1558,1530,1497,1550,1526,1495,1536,1478,1494,1482,1536,1467,1460,1559,1547,1451,1480,1596,1552
1565,1560,1533,1506,1554,1530,1506,1544,1484,1505,1487,1544,1468,1469,1569,1548,1464,1485,1605,1553
1565,1560,1533,1506,1554,1530,1506,1544,1484,1505,1487,1544,1468,1469,1569,1548,1464,1485,1605,1553
1569,1564,1534,1508,1558,1533,1508,1547,1489,1519,1495,1547,1478,1473,1575,1560,1473,1500,1606,1558
1569,1564,1534,1508,1558,1533,1508,1547,1489,1519,1495,1547,1478,1473,1575,1560,1473,1500,1606,1558
1579,1570,1542,1512,1560,1534,1512,1553,1493,1524,1502,1548,1489,1500,1585,1572,1478,1511,1610,1559
1579,1570,1542,1512,1560,1534,1512,1553,1493,1524,1502,1548,1489,1500,1585,1572,1478,1511,1610,1559
1587,1580,1552,1515,1570,1542,1519,1557,1510,1533,1506,1572,1510,1511,1586,1573,1484,1514,1630,1568
1587,1580,1552,1515,1570,1542,1519,1557,1510,1533,1506,1572,1510,1511,1586,1573,1484,1514,1630,1568
1592,1588,1555,1535,1580,1551,1520,1572,1517,1539,1508,1573,1522,1514,1588,1583,1489,1539,1634,1569
1592,1588,1555,1535,1580,1551,1520,1572,1517,1539,1508,1573,1522,1514,1588,1583,1489,1539,1634,1569
1595,1596,1561,1553,1587,1555,1527,1573,1522,1542,1512,1583,1529,1519,1591,1608,1510,1546,1650,1581
1595,1596,1561,1553,1587,1555,1527,1573,1522,1542,1512,1583,1529,1519,1591,1608,1510,1546,1650,1581
1605,1600,1562,1565,1591,1561,1535,1583,1526,1555,1520,1608,1538,1539,1599,1609,1522,1564,1658,1588
1605,1600,1562,1565,1591,1561,1535,1583,1526,1555,1520,1608,1538,1539,1599,1609,1522,1564,1658,1588
1610,1608,1567,1590,1596,1562,1552,1591,1538,1561,1527,1609,1545,1546,1606,1613,1526,1570,1666,1594
1610,1608,1567,1590,1596,1562,1552,1591,1538,1561,1527,1609,1545,1546,1606,1613,1526,1570,1666,1594
1616,1615,1576,1592,1600,1567,1590,1599,1545,1562,1535,1613,1557,1564,1610,1616,1529,1575,1667,1597
1616,1615,1576,1592,1600,1567,1590,1599,1545,1562,1535,1613,1557,1564,1610,1616,1529,1575,1667,1597
1624,1634,1581,1620,1615,1576,1598,1609,1550,1567,1554,1618,1574,1568,1611,1618,1538,1576,1673,1600
1624,1634,1581,1620,1615,1576,1598,1609,1550,1567,1554,1618,1574,1568,1611,1618,1538,1576,1673,1600
1633,1643,1594,1624,1634,1581,1619,1611,1568,1587,1585,1619,1575,1579,1615,1619,1545,1579,1682,1616
1633,1643,1594,1624,1634,1581,1619,1611,1568,1587,1585,1619,1575,1579,1615,1619,1545,1579,1682,1616
1650,1646,1626,1641,1643,1594,1621,1613,1574,1598,1590,1628,1578,1586,1621,1628,1557,1586,1690,1623
1650,1646,1626,1641,1643,1594,1621,1613,1574,1598,1590,1628,1578,1586,1621,1628,1557,1586,1690,1623
1657,1658,1630,1645,1646,1605,1627,1618,1578,1606,1599,1631,1584,1595,1627,1629,1574,1592,1691,1629
1657,1658,1630,1645,1646,1605,1627,1618,1578,1606,1599,1631,1584,1595,1627,1629,1574,1592,1691,1629
1666,1669,1642,1650,1658,1612,1641,1620,1584,1626,1611,1637,1612,1597,1649,1631,1578,1595,1703,1643
1666,1669,1642,1650,1658,1612,1641,1620,1584,1626,1611,1637,1612,1597,1649,1631,1578,1595,1703,1643
1667,1685,1644,1660,1669,1626,1645,1628,1612,1639,1621,1647,1614,1598,1654,1637,1584,1620,1711,1646
1667,1685,1644,1660,1669,1626,1645,1628,1612,1639,1621,1647,1614,1598,1654,1637,1584,1620,1711,1646
1673,1688,1652,1673,1679,1630,1654,1631,1614,1644,1627,1655,1629,1623,1666,1647,1597,1624,1716,1659
1673,1688,1652,1673,1679,1630,1654,1631,1614,1644,1627,1655,1629,1623,1666,1647,1597,1624,1716,1659
1675,1690,1653,1677,1686,1644,1660,1637,1642,1652,1641,1661,1642,1633,1667,1655,1614,1633,1717,1665
1675,1690,1653,1677,1686,1644,1660,1637,1642,1652,1641,1661,1642,1633,1667,1655,1614,1633,1717,1665
1682,1691,1659,1678,1688,1652,1676,1647,1648,1653,1645,1668,1648,1639,1681,1661,1623,1639,1719,1669
1682,1691,1659,1678,1688,1652,1676,1647,1648,1653,1645,1668,1648,1639,1681,1661,1623,1639,1719,1669
1693,1696,1665,1682,1690,1653,1678,1655,1656,1663,1654,1670,1656,1649,1699,1668,1648,1649,1727,1680
1693,1696,1665,1682,1690,1653,1678,1655,1656,1663,1654,1670,1656,1649,1699,1668,1648,1649,1727,1680
1703,1704,1671,1694,1691,1659,1681,1661,1662,1671,1660,1672,1662,1657,1703,1670,1656,1657,1734,1689
1703,1704,1671,1694,1691,1659,1681,1661,1662,1671,1660,1672,1662,1657,1703,1670,1656,1657,1734,1689
1710,1709,1674,1707,1697,1665,1694,1668,1677,1674,1676,1679,1677,1663,1708,1672,1662,1663,1737,1697
1710,1709,1674,1707,1697,1665,1694,1668,1677,1674,1676,1679,1677,1663,1708,1672,1662,1663,1737,1697
1711,1715,1680,1713,1704,1671,1699,1670,1684,1692,1678,1700,1684,1675,1711,1688,1676,1675,1741,1705
1711,1715,1680,1713,1704,1671,1699,1670,1684,1692,1678,1700,1684,1675,1711,1688,1676,1675,1741,1705
1717,1716,1692,1717,1715,1674,1707,1672,1695,1708,1681,1701,1693,1685,1722,1700,1684,1685,1743,1708
1717,1716,1692,1717,1715,1674,1707,1672,1695,1708,1681,1701,1693,1685,1722,1700,1684,1685,1743,1708
1723,1724,1705,1720,1728,1680,1719,1679,1696,1709,1694,1713,1695,1686,1727,1701,1689,1686,1746,1710
1723,1724,1705,1720,1728,1680,1719,1679,1696,1709,1694,1713,1695,1686,1727,1701,1689,1686,1746,1710
1727,1728,1718,1730,1741,1692,1724,1697,1700,1719,1699,1732,1702,1689,1733,1710,1693,1696,1751,1718
1727,1728,1718,1730,1741,1692,1724,1697,1700,1719,1699,1732,1702,1689,1733,1710,1693,1696,1751,1718
1734,1741,1729,1732,1746,1705,1730,1701,1706,1725,1707,1745,1706,1702,1734,1723,1695,1704,1753,1721
1734,1741,1729,1732,1746,1705,1730,1701,1706,1725,1707,1745,1706,1702,1734,1723,1695,1704,1753,1721
1740,1746,1737,1738,1750,1709,1732,1713,1714,1729,1730,1758,1714,1716,1739,1745,1702,1715,1755,1723
1740,1746,1737,1738,1750,1709,1732,1713,1714,1729,1730,1758,1714,1716,1739,1745,1702,1715,1755,1723
1743,1750,1744,1740,1752,1718,1739,1745,1721,1738,1742,1765,1720,1722,1742,1765,1706,1720,1756,1744
1743,1750,1744,1740,1752,1718,1739,1745,1721,1738,1742,1765,1720,1722,1742,1765,1706,1720,1756,1744
1752,1753,1751,1743,1753,1729,1742,1748,1731,1739,1748,1772,1721,1733,1748,1772,1714,1722,1760,1761
1752,1753,1751,1743,1753,1729,1742,1748,1731,1739,1748,1772,1721,1733,1748,1772,1714,1722,1760,1761
1760,1755,1754,1760,1755,1737,1747,1756,1757,1747,1756,1776,1725,1738,1767,1776,1724,1728,1767,1768
1760,1755,1754,1760,1755,1737,1747,1756,1757,1747,1756,1776,1725,1738,1767,1776,1724,1728,1767,1768
1767,1761,1762,1763,1761,1744,1762,1765,1758,1754,1762,1779,1731,1747,1774,1779,1725,1733,1773,1777
1767,1761,1762,1763,1761,1744,1762,1765,1758,1754,1762,1779,1731,1747,1774,1779,1725,1733,1773,1777
1773,1769,1770,1771,1769,1754,1763,1772,1764,1766,1763,1783,1751,1766,1784,1786,1731,1740,1778,1782
1773,1769,1770,1771,1769,1754,1763,1772,1764,1766,1763,1783,1751,1766,1784,1786,1731,1740,1778,1782
1778,1781,1775,1778,1783,1764,1771,1776,1769,1770,1771,1791,1757,1768,1790,1795,1757,1750,1788,1786
1778,1781,1775,1778,1783,1764,1771,1776,1769,1770,1771,1791,1757,1768,1790,1795,1757,1750,1788,1786
1787,1788,1780,1787,1788,1770,1784,1779,1781,1775,1786,1792,1764,1774,1802,1800,1758,1752,1798,1795
1787,1788,1780,1787,1788,1770,1784,1779,1781,1775,1786,1792,1764,1774,1802,1800,1758,1752,1798,1795
1795,1796,1782,1799,1792,1775,1790,1783,1785,1784,1790,1800,1773,1777,1805,1806,1768,1766,1801,1814
1795,1796,1782,1799,1792,1775,1790,1783,1785,1784,1790,1800,1773,1777,1805,1806,1768,1766,1801,1814
1802,1813,1789,1803,1796,1780,1799,1791,1793,1789,1799,1810,1780,1794,1808,1810,1777,1774,1802,1822
1802,1813,1789,1803,1796,1780,1799,1791,1793,1789,1799,1810,1780,1794,1808,1810,1777,1774,1802,1822
1805,1821,1791,1807,1813,1782,1804,1792,1797,1794,1807,1815,1785,1801,1809,1828,1781,1787,1805,1823
1805,1821,1791,1807,1813,1782,1804,1792,1797,1794,1807,1815,1785,1801,1809,1828,1781,1787,1805,1823
1833,1822,1798,1833,1822,1789,1807,1800,1803,1801,1809,1828,1793,1804,1832,1835,1785,1794,1813,1824
1833,1822,1798,1833,1822,1789,1807,1800,1803,1801,1809,1828,1793,1804,1832,1835,1785,1794,1813,1824
1837,1824,1806,1834,1824,1793,1808,1809,1810,1804,1814,1835,1797,1811,1848,1839,1796,1825,1820,1827
1837,1824,1806,1834,1824,1793,1808,1809,1810,1804,1814,1835,1797,1811,1848,1839,1796,1825,1820,1827
1842,1826,1816,1844,1826,1798,1814,1815,1821,1808,1816,1840,1803,1820,1854,1850,1797,1840,1826,1838
1842,1826,1816,1844,1826,1798,1814,1815,1821,1808,1816,1840,1803,1820,1854,1850,1797,1840,1826,1838
1848,1840,1818,1845,1838,1806,1816,1828,1829,1818,1832,1844,1811,1823,1856,1851,1811,1841,1843,1839
1848,1840,1818,1845,1838,1806,1816,1828,1829,1818,1832,1844,1811,1823,1856,1851,1811,1841,1843,1839
1851,1847,1825,1852,1846,1818,1832,1838,1833,1839,1834,1846,1820,1841,1863,1855,1815,1842,1844,1847
1851,1847,1825,1852,1846,1818,1832,1838,1833,1839,1834,1846,1820,1841,1863,1855,1815,1842,1844,1847
1855,1849,1827,1861,1847,1825,1834,1846,1835,1841,1845,1854,1821,1842,1866,1859,1823,1856,1849,1848
1855,1849,1827,1861,1847,1825,1834,1846,1835,1841,1845,1854,1821,1842,1866,1859,1823,1856,1849,1848
1866,1850,1843,1865,1849,1827,1845,1862,1850,1853,1861,1862,1829,1853,1867,1862,1829,1860,1854,1851
1866,1850,1843,1865,1849,1827,1845,1862,1850,1853,1861,1862,1829,1853,1867,1862,1829,1860,1854,1851
1867,1857,1858,1869,1853,1843,1861,1864,1852,1858,1871,1864,1837,1856,1872,1864,1837,1870,1866,1855
1867,1857,1858,1869,1853,1843,1861,1864,1852,1858,1871,1864,1837,1856,1872,1864,1837,1870,1866,1855
1870,1859,1860,1870,1857,1858,1863,1868,1859,1863,1876,1865,1852,1871,1879,1865,1857,1871,1867,1868
1870,1859,1860,1870,1857,1858,1863,1868,1859,1863,1876,1865,1852,1871,1879,1865,1857,1871,1867,1868
1873,1874,1868,1876,1874,1860,1876,1877,1869,1875,1881,1872,1869,1879,1881,1873,1874,1879,1872,1873
1873,1874,1868,1876,1874,1860,1876,1877,1869,1875,1881,1872,1869,1879,1881,1873,1874,1879,1872,1873
1880,1883,1875,1880,1883,1875,1881,1882,1878,1884,1882,1877,1878,1884,1882,1877,1878,1884,1880,1883
1880,1883,1875,1880,1883,1875,1881,1882,1878,1884,1882,1877,1878,1884,1882,1877,1878,1884,1880,1883