16,22,66,16,254,134,254,308,22,66,134,82,22,134,0,167,308,254,271,0
16,22,66,16,254,134,254,308,22,66,134,82,22,134,0,167,308,254,271,0
16,22,66,16,308,134,104,153,22,66,134,82,22,134,0,189,153,104,299,0
16,22,66,16,308,134,104,153,22,66,134,82,22,134,0,189,153,104,299,0
16,22,66,16,153,134,251,48,22,66,134,82,22,134,0,190,48,251,0,0
16,22,66,16,153,134,251,48,22,66,134,82,22,134,0,190,48,251,0,0
16,22,66,16,104,134,239,195,22,66,134,82,22,134,0,198,195,239,0,0
16,22,66,16,104,134,239,195,22,66,134,82,22,134,0,198,195,239,0,0
16,22,66,16,251,134,216,94,22,66,134,82,22,134,0,208,94,216,0,0
16,22,66,16,251,134,216,94,22,66,134,82,22,134,0,208,94,216,0,0
16,22,66,16,48,134,258,274,22,66,134,82,22,134,0,216,274,258,0,0
16,22,66,16,48,134,258,274,22,66,134,82,22,134,0,216,274,258,0,0
16,22,66,16,195,134,171,264,22,66,134,82,22,134,0,0,264,171,0,0
16,22,66,16,195,134,171,264,22,66,134,82,22,134,0,0,264,171,0,0
16,22,66,16,239,134,132,271,22,66,134,82,22,134,0,226,271,132,0,0
16,22,66,16,239,134,132,271,22,66,134,82,22,134,0,226,271,132,0,0
16,22,66,16,216,294,226,173,22,66,0,82,22,0,0,0,173,226,0,0
16,22,66,16,216,294,226,173,22,66,0,82,22,0,0,0,173,226,0,0
47,22,66,16,94,302,245,117,22,66,0,82,22,0,0,231,117,245,0,0
47,143,69,86,94,302,245,117,86,66,0,84,22,0,0,231,117,245,0,0
47,143,69,86,274,0,213,283,86,69,0,84,143,0,0,239,283,213,0,0
47,143,69,86,274,0,213,283,86,69,0,84,143,0,0,239,283,213,0,0
47,143,69,86,257,0,150,273,86,69,0,84,143,0,0,245,128,190,0,0
47,143,69,86,257,0,150,273,86,69,0,84,143,0,0,245,128,190,0,0
47,143,69,86,289,0,190,128,86,69,0,84,143,0,0,0,273,150,0,0
47,143,69,86,289,0,190,128,86,69,0,84,143,0,0,0,273,150,0,0
47,143,69,86,171,0,129,133,86,69,0,84,143,0,0,251,133,129,230,0
47,143,69,86,171,0,129,133,86,69,0,84,143,0,0,251,133,129,230,0
47,143,69,86,132,0,189,257,86,69,0,84,143,0,0,254,257,189,0,0
47,143,69,86,132,0,189,257,86,69,0,84,143,0,0,254,257,189,0,0
47,143,69,86,271,0,289,196,86,69,0,84,143,0,0,258,196,289,244,0
47,143,69,86,271,0,289,196,86,69,0,84,143,0,0,258,196,289,244,0
47,143,69,86,285,0,285,154,86,69,0,84,143,0,0,0,154,285,0,0
47,143,69,86,285,0,285,154,86,69,0,84,143,0,0,0,154,285,0,0
47,143,69,86,173,0,191,166,86,69,0,84,143,0,0,278,166,191,0,0
47,143,69,86,173,0,191,166,86,69,0,84,143,0,0,278,166,191,0,0
86,143,69,86,283,0,167,175,86,69,0,84,143,0,0,285,175,167,257,0
86,143,69,86,283,0,167,175,86,69,0,84,143,0,0,285,175,167,257,0
86,174,82,99,117,0,278,170,137,69,0,99,143,0,0,289,170,278,264,0
86,174,82,99,117,0,278,170,137,69,0,99,143,0,0,289,170,278,264,0
86,174,82,99,213,0,290,284,137,142,0,99,157,0,0,293,284,290,273,0
86,174,82,99,213,0,290,284,137,142,0,99,157,0,0,293,284,290,273,0
86,174,82,99,244,0,198,230,137,142,0,99,157,0,0,298,230,198,302,0
86,174,82,99,244,0,198,230,137,142,0,99,157,0,0,298,230,198,302,0
86,174,82,99,150,0,203,279,137,142,0,99,157,0,0,0,279,203,0,0
86,174,82,99,150,0,203,279,137,142,0,99,157,0,0,0,279,203,0,0
86,174,82,99,190,0,208,286,137,142,0,99,157,0,0,0,286,208,0,0
86,174,82,99,190,0,208,286,137,142,0,99,157,0,0,0,286,208,0,0
86,174,82,99,273,0,231,244,137,142,0,99,157,0,0,0,244,231,0,0
86,174,82,99,273,0,231,244,137,142,0,99,157,0,0,0,244,231,0,0
86,174,82,99,128,0,293,292,137,142,0,99,157,0,0,0,292,293,0,0
86,174,82,99,128,0,293,292,137,142,0,99,157,0,0,0,292,293,0,0
86,174,82,99,129,0,295,294,137,142,0,99,157,0,0,0,294,295,0,0
86,174,82,99,129,0,295,294,137,142,0,99,157,0,0,0,294,295,0,0
137,174,82,99,133,0,298,297,137,142,0,99,157,0,0,0,297,298,0,0
137,174,82,99,133,0,298,297,137,142,0,99,157,0,0,0,297,298,0,0
137,174,82,99,189,0,300,299,137,142,0,99,157,0,0,0,299,300,0,0
137,177,84,137,189,0,300,299,143,142,0,159,157,0,0,0,299,300,0,0
137,177,84,137,258,0,309,302,143,142,0,159,157,0,0,0,302,309,0,0
137,177,84,137,258,0,309,302,143,142,0,159,157,0,0,0,302,309,0,0
137,177,84,137,245,0,47,310,143,179,0,159,162,0,0,0,310,0,0,0
137,177,84,137,245,0,47,310,143,179,0,159,162,0,0,0,310,0,0,0
137,177,84,137,196,0,47,16,143,179,0,159,162,0,0,0,0,0,0,0
137,177,84,137,196,0,47,16,143,179,0,159,162,0,0,0,0,0,0,0
137,177,84,137,154,12,47,16,143,179,12,159,162,12,0,0,0,0,0,0
137,177,84,137,154,12,47,16,143,179,12,159,162,12,0,0,0,0,0,0
137,177,84,137,284,12,47,16,143,179,12,159,162,12,0,0,0,0,12,0
137,177,84,137,284,12,47,16,143,179,12,159,162,12,0,0,0,0,12,0
137,177,84,137,175,12,47,16,143,179,12,159,162,12,0,12,0,0,12,0
137,177,84,137,175,12,47,16,143,179,12,159,162,12,0,12,0,0,12,0
137,177,84,137,166,12,47,16,143,179,12,159,162,12,0,12,0,0,12,0
137,177,84,137,166,12,47,16,143,179,12,159,162,12,0,12,0,0,12,0
179,177,84,137,167,12,47,16,143,179,12,159,162,12,0,12,0,0,12,0
179,177,84,137,167,12,47,16,143,179,12,159,162,12,0,12,0,0,12,0
179,177,84,137,191,12,47,16,143,179,12,159,162,12,0,12,0,0,12,0
179,177,84,137,191,12,47,16,143,179,12,159,162,12,0,12,0,0,12,0
179,182,157,159,264,12,47,16,157,179,12,174,162,12,0,12,0,0,12,0
179,182,157,159,264,12,47,16,157,179,12,174,162,12,0,12,0,0,12,0
179,182,157,159,170,12,47,16,157,179,12,174,162,12,0,12,0,0,12,0
179,182,157,159,170,12,99,16,157,179,12,174,162,12,0,12,0,0,12,0
179,182,157,159,226,0,99,82,157,192,0,174,165,0,0,12,0,0,12,0
179,182,157,159,226,0,99,82,157,192,0,174,165,0,0,12,0,0,12,0
179,182,157,159,286,0,99,82,157,192,0,174,165,0,0,12,0,0,0,0
179,182,157,159,286,0,99,82,157,192,0,174,165,0,0,12,0,0,0,0
179,182,157,159,198,0,99,82,157,192,0,174,165,0,0,0,0,0,0,0
179,182,157,159,198,0,99,82,157,192,0,174,165,0,0,0,0,0,0,0
179,182,157,159,230,0,99,82,157,192,0,174,165,0,0,191,0,0,87,0
179,182,157,159,230,0,99,82,157,192,0,174,165,0,0,191,0,0,87,0
179,182,157,159,203,0,99,82,157,192,0,174,165,0,0,203,0,0,87,0
179,182,157,159,203,0,99,82,157,192,0,174,165,0,0,203,0,0,87,0
192,182,157,159,278,0,99,82,157,192,0,174,165,0,0,213,0,0,87,0
192,182,157,159,278,0,99,82,157,192,0,174,165,0,0,213,0,0,87,0
192,182,157,159,208,0,99,82,157,192,0,174,165,0,0,300,0,0,87,0
192,182,157,159,208,0,99,82,157,192,0,174,165,0,0,300,0,0,87,0
192,182,157,159,290,0,99,82,157,192,0,174,165,0,0,0,0,0,87,0
192,186,162,176,290,0,99,82,162,192,0,176,165,0,0,0,0,0,87,0
192,186,162,176,231,0,99,82,162,192,0,176,165,0,0,0,0,0,87,0
192,186,162,176,231,0,99,82,162,192,0,176,165,0,0,0,0,0,87,0
192,186,162,176,279,0,142,84,162,192,0,176,165,0,0,0,0,0,87,0
192,186,162,176,279,0,142,84,162,192,0,176,165,0,0,0,0,0,87,0
192,186,162,176,292,0,142,84,162,215,0,176,178,0,0,0,0,0,87,0
192,186,162,176,292,0,142,84,162,215,0,176,178,0,0,0,0,0,87,0
192,186,162,176,293,0,142,84,162,215,0,176,178,0,0,0,0,0,48,0
192,186,162,176,293,0,142,84,162,215,0,176,178,0,0,0,0,0,48,0
192,186,162,176,295,0,142,84,162,215,0,176,178,0,0,0,0,0,0,0
192,186,162,176,295,0,142,84,162,215,0,176,178,0,0,0,0,0,0,0
192,186,162,176,298,0,142,84,162,215,0,176,178,0,0,0,0,0,0,0
192,186,162,176,298,0,142,84,162,215,0,176,178,0,0,0,0,0,0,0
206,186,162,176,300,0,142,84,162,215,0,176,178,0,0,0,0,0,0,0
206,186,162,176,300,0,142,84,162,215,0,176,178,0,0,0,0,0,0,0
206,186,162,176,309,0,142,84,162,215,0,176,178,0,0,0,0,0,94,0
206,186,162,176,309,0,142,84,162,215,0,176,178,0,0,0,0,0,94,0
206,186,162,176,165,25,142,84,162,215,25,176,178,25,0,0,0,0,0,0
206,186,162,176,165,25,142,84,162,215,25,176,178,25,0,0,0,0,0,0
206,194,178,179,165,25,142,84,165,215,25,182,178,25,0,0,0,0,0,0
206,194,178,179,165,25,142,84,165,215,25,182,178,25,0,0,0,0,0,0
206,194,178,179,165,25,159,174,165,215,25,182,178,25,0,0,0,0,25,0
206,194,178,179,165,25,159,174,165,215,25,182,178,25,0,0,0,0,25,0
206,194,178,179,165,25,159,174,165,215,25,182,178,25,0,25,0,0,25,0
206,194,178,179,165,25,159,174,165,215,25,182,178,25,0,25,0,0,25,0
206,194,178,179,165,25,159,174,165,235,25,182,184,25,0,25,0,0,25,0
206,194,178,179,165,25,159,174,165,235,25,182,184,25,0,25,0,0,25,0
206,194,178,179,165,25,159,174,165,235,25,182,184,25,0,25,0,0,25,0
206,194,178,179,165,25,159,174,165,235,25,182,184,25,0,25,0,0,25,0
206,194,178,179,165,25,159,174,165,235,25,182,184,25,0,25,0,0,25,0
206,194,178,179,165,25,159,174,165,235,25,182,184,25,0,25,0,0,25,0
215,194,178,179,165,25,159,174,165,235,25,182,184,25,0,25,0,0,25,0
215,194,178,179,165,25,159,174,165,235,25,182,184,25,0,25,0,0,25,0
215,194,178,179,165,26,159,174,165,235,26,182,184,26,0,25,0,0,25,0
215,194,178,179,165,26,159,174,165,235,26,182,184,26,0,25,0,0,25,0
215,194,178,179,165,26,159,174,165,235,26,182,184,26,0,25,0,0,25,0
215,194,178,179,177,26,159,174,165,235,26,182,184,26,0,25,0,0,25,0
215,194,178,179,177,26,159,174,165,235,26,182,184,26,0,25,0,0,26,0
215,219,184,188,177,26,159,174,177,235,26,187,184,26,0,25,0,0,26,0
215,219,184,188,177,26,178,176,177,235,26,187,184,26,0,26,0,0,26,0
215,219,184,188,177,26,178,176,177,235,26,187,184,26,0,26,0,0,26,0
215,219,184,188,177,26,178,176,177,235,26,187,184,26,0,26,0,0,26,0
215,219,184,188,177,26,178,176,177,235,26,187,184,26,0,26,0,0,26,0
215,219,184,188,177,26,178,176,177,235,26,187,184,26,0,26,0,0,26,0
215,219,184,188,177,26,178,176,177,235,26,187,184,26,0,26,0,0,26,0
215,219,184,188,177,26,178,176,177,237,26,187,188,26,0,26,0,0,26,0
215,219,184,188,177,26,178,176,177,237,26,187,188,26,0,26,0,0,26,0
215,219,184,188,177,26,178,176,177,237,26,187,188,26,0,26,0,0,26,0
215,219,184,188,177,26,178,176,177,237,26,187,188,26,0,26,0,0,26,0
221,219,184,188,177,297,178,176,177,237,0,187,188,0,0,26,0,0,26,0
221,219,184,188,177,297,178,176,177,237,0,187,188,0,0,26,0,0,26,0
221,219,184,188,177,310,178,176,177,237,0,187,188,0,0,26,0,0,26,0
221,219,184,188,177,310,178,176,177,237,0,187,188,0,0,26,0,0,26,0
221,219,184,188,177,0,178,176,177,237,0,187,188,0,0,26,0,0,0,0
221,219,184,188,177,0,178,176,177,237,0,187,188,0,0,26,0,0,0,0
221,219,184,188,186,0,178,176,177,237,0,187,188,0,0,309,0,0,0,0
221,219,184,188,186,0,178,176,177,237,0,187,188,0,0,309,0,0,0,0
221,223,187,206,186,0,187,182,184,237,0,194,188,0,0,0,0,0,0,0
221,223,187,206,186,0,187,182,184,237,0,194,188,0,0,0,0,0,0,0
221,223,187,206,186,0,187,182,184,237,0,194,188,0,0,0,0,0,0,0
221,223,187,206,186,0,187,182,184,237,0,194,188,0,0,0,0,0,0,0
221,223,187,206,186,0,187,182,184,237,0,194,188,0,0,0,0,0,0,0
221,223,187,206,186,0,187,182,184,237,0,194,188,0,0,0,0,0,0,0
221,223,187,206,186,0,187,182,184,237,0,194,188,0,0,0,0,0,0,0
221,223,187,206,186,0,187,182,184,246,0,194,219,0,0,0,0,0,0,0
221,223,187,206,186,0,187,182,184,246,0,194,219,0,0,0,0,0,0,0
221,223,187,206,186,0,187,182,184,246,0,194,219,0,0,0,0,0,0,0
227,223,187,206,186,0,187,182,184,246,0,194,219,0,0,0,0,0,0,0
227,223,187,206,186,0,187,182,184,246,0,194,219,0,0,0,0,0,0,0
227,223,187,206,186,0,187,182,184,246,0,194,219,0,0,0,0,0,0,0
227,223,187,206,186,0,187,182,184,246,0,194,219,0,0,0,0,0,0,0
227,223,187,206,186,0,187,182,184,246,0,194,219,0,0,0,0,0,0,0
227,223,187,206,186,0,187,182,184,246,0,194,219,0,0,0,0,0,0,0
227,223,187,206,186,0,187,182,184,246,0,194,219,0,0,0,0,0,117,0
227,223,187,206,192,0,187,182,184,246,0,194,219,0,0,0,0,0,117,0
227,224,211,215,192,0,194,188,186,246,0,202,219,0,0,0,0,0,308,0
227,224,211,215,192,0,194,188,186,246,0,202,219,0,0,0,0,0,308,0
227,224,211,215,192,0,194,188,186,246,0,202,219,0,0,0,0,0,0,0
227,224,211,215,192,0,194,188,186,246,0,202,219,0,0,0,0,0,0,0
227,224,211,215,192,0,194,188,186,246,0,202,219,0,0,0,0,0,0,0
227,224,211,215,192,0,194,188,186,246,0,202,219,0,0,0,0,0,0,0
227,224,211,215,192,0,194,188,186,246,0,202,219,0,0,171,0,0,0,0
227,224,211,215,192,0,194,188,186,246,0,202,219,0,0,171,0,0,0,0
227,224,211,215,192,0,194,188,186,248,0,202,220,0,0,0,0,0,0,0
227,224,211,215,192,0,194,188,186,248,0,202,220,0,0,0,0,0,0,0
248,224,211,215,192,0,194,188,186,248,0,202,220,0,0,0,0,0,0,0
248,224,211,215,192,0,194,188,186,248,0,202,220,0,0,0,0,0,0,0
248,224,211,215,192,0,194,188,186,248,0,202,220,0,0,0,0,0,0,0
248,224,211,215,192,0,194,188,186,248,0,202,220,0,0,0,0,0,0,0
248,224,211,215,192,0,194,188,186,248,0,202,220,0,0,0,0,0,0,0
248,224,211,215,192,0,194,188,186,248,0,202,220,0,0,0,0,0,0,0
248,224,211,215,192,0,194,188,186,248,0,202,220,0,0,0,0,0,0,0
248,224,211,215,192,0,194,188,186,248,0,202,220,0,0,0,0,0,0,0
248,233,220,221,202,0,211,202,206,248,0,211,220,0,0,0,0,0,0,0
248,233,220,221,202,0,211,202,206,248,0,211,220,0,0,0,0,0,0,0
248,233,220,221,202,0,211,202,206,248,0,211,220,0,0,0,0,0,0,0
248,233,220,221,202,0,211,202,206,248,0,211,220,0,0,0,0,0,0,0
248,233,220,221,202,56,211,202,206,248,56,211,220,56,0,0,0,0,0,0
248,233,220,221,202,56,211,202,206,248,56,211,220,56,0,0,0,0,0,0
248,233,220,221,202,56,211,202,206,248,56,211,220,56,0,0,0,0,128,0
248,233,220,221,202,56,211,202,206,248,56,211,220,56,0,0,0,0,128,0
248,233,220,221,202,56,211,202,206,248,56,211,220,56,0,0,0,0,0,0
248,233,220,221,202,56,211,202,206,263,56,211,236,56,0,0,0,0,0,0
265,233,220,221,202,56,211,202,206,263,56,211,236,56,0,0,0,0,0,0
265,233,220,221,202,56,211,202,206,263,56,211,236,56,0,0,0,0,0,0
265,233,220,221,202,56,211,202,206,263,56,211,236,56,0,0,0,0,0,0
265,233,220,221,202,56,211,202,206,263,56,211,236,56,0,0,0,0,0,0
265,233,220,221,202,56,211,202,206,263,56,211,236,56,0,129,0,0,0,0
265,233,220,221,202,56,211,202,206,263,56,211,236,56,0,129,0,0,0,0
265,233,220,221,202,56,211,202,206,263,56,211,236,56,0,0,0,0,0,0
265,233,220,221,202,56,211,202,206,263,56,211,236,56,0,0,0,0,0,0
265,240,235,236,227,56,219,220,221,263,56,223,236,56,0,0,0,0,0,0
265,240,235,236,227,56,219,220,221,263,56,223,236,56,0,0,0,0,0,0
265,240,235,236,227,299,219,220,221,263,0,223,236,0,0,0,0,0,0,0
265,240,235,236,227,299,219,220,221,263,0,223,236,0,0,0,0,0,0,0
265,240,235,236,227,0,219,220,221,263,0,223,236,0,0,0,0,0,0,0
265,240,235,236,227,0,219,220,221,263,0,223,236,0,0,0,0,0,0,0
265,240,235,236,227,0,219,220,221,263,0,223,236,0,0,0,0,0,0,0
265,240,235,236,227,0,219,220,221,263,0,223,236,0,0,0,0,0,0,0
265,240,235,236,227,0,219,220,221,263,0,223,236,0,0,0,0,0,0,0
272,240,235,236,227,0,219,220,221,263,0,223,236,0,0,0,0,0,0,0
272,240,235,236,227,0,219,220,221,265,0,223,241,0,0,0,0,0,56,0
272,240,235,236,227,0,219,220,221,265,0,223,241,0,0,0,0,0,56,0
272,240,235,236,227,0,219,220,221,265,0,223,241,0,0,56,0,0,56,0
272,240,235,236,227,0,219,220,221,265,0,223,241,0,0,56,0,0,56,0
272,240,235,236,227,0,219,220,221,265,0,223,241,0,0,56,0,0,56,0
272,240,235,236,227,0,219,220,221,265,0,223,241,0,0,56,0,0,56,0
272,240,235,236,227,0,219,220,221,265,0,223,241,0,0,56,0,0,56,0
272,240,235,236,227,0,219,220,221,265,0,223,241,0,0,56,0,0,56,0
272,256,241,248,233,0,223,224,227,265,0,224,241,0,0,56,0,0,56,0
272,256,241,248,233,0,223,224,227,265,0,224,241,0,0,56,0,0,56,0
272,256,241,248,233,0,223,224,227,265,0,224,241,0,0,56,0,0,56,0
272,256,241,248,233,0,223,224,227,265,0,224,241,0,0,56,0,0,56,0
272,256,241,248,233,0,223,224,227,265,0,224,241,0,0,56,0,0,56,0
272,256,241,248,233,0,223,224,227,265,0,224,241,0,0,56,0,0,56,0
272,256,241,248,233,0,223,224,227,265,0,224,241,0,0,56,0,0,56,0
272,256,241,248,233,0,223,224,227,265,0,224,241,0,0,56,0,0,56,0
276,256,241,248,233,0,223,224,227,265,0,224,241,0,0,56,0,0,133,0
276,256,241,248,233,0,223,224,227,265,0,224,241,0,0,56,0,0,133,0
276,256,241,248,233,0,223,224,227,265,0,224,241,0,0,132,0,0,166,0
276,256,241,248,233,0,223,224,227,272,0,224,243,0,0,132,0,0,166,0
276,256,241,248,233,0,223,224,227,272,0,224,243,0,0,290,0,0,0,0
276,256,241,248,233,0,223,224,227,272,0,224,243,0,0,290,0,0,0,0
276,256,241,248,233,0,223,224,227,272,0,224,243,0,0,295,0,0,170,0
276,256,241,248,233,0,223,224,227,272,0,224,243,0,0,295,0,0,170,0
276,256,241,248,233,0,223,224,227,272,0,224,243,0,0,0,0,0,173,0
276,256,241,248,233,0,223,224,227,272,0,224,243,0,0,0,0,0,173,0
276,261,243,265,263,0,237,249,233,272,0,249,243,0,0,0,0,0,175,0
276,261,243,265,263,0,237,249,233,272,0,249,243,0,0,0,0,0,175,0
276,261,243,265,263,0,237,249,233,272,0,249,243,0,0,0,0,0,0,0
276,261,243,265,263,0,237,249,233,272,0,249,243,0,0,0,0,0,0,0
276,261,243,265,263,0,237,249,233,272,0,249,243,0,0,0,0,0,0,0
276,261,243,265,263,0,237,249,233,272,0,249,243,0,0,0,0,0,0,0
276,261,243,265,263,0,237,249,233,272,0,249,243,0,0,0,0,0,0,0
280,261,243,265,263,0,237,249,233,272,0,249,243,0,0,0,0,0,0,0
280,261,243,265,263,0,237,249,233,272,0,249,243,0,0,0,0,0,0,0
280,261,243,265,263,0,237,249,233,272,0,249,243,0,0,0,0,0,0,0
280,261,243,265,263,0,237,249,233,272,0,249,243,0,0,0,0,0,0,0
280,261,243,265,263,0,237,249,233,272,0,249,243,0,0,0,0,0,0,0
280,261,243,265,263,0,237,249,233,276,0,249,253,0,0,0,0,0,0,0
280,261,243,265,263,0,237,249,233,276,0,249,253,0,0,0,0,0,0,0
280,261,243,265,263,87,237,249,233,276,87,249,253,87,0,0,0,0,0,0
280,261,243,265,263,87,237,249,233,276,87,249,253,87,0,0,0,0,0,0
280,261,243,265,263,87,237,249,233,276,87,249,253,87,0,0,0,0,0,0
280,261,243,265,263,87,237,249,233,276,87,249,253,87,0,0,0,0,0,0
280,263,246,272,277,87,240,253,236,276,87,269,253,87,0,0,0,0,0,0
280,263,246,272,277,87,240,253,236,276,87,269,253,87,0,0,0,0,0,0
280,263,246,272,277,87,240,253,236,276,87,269,253,87,0,0,0,0,0,0
280,263,246,272,277,87,240,253,236,276,87,269,253,87,0,0,0,0,0,0
280,263,246,272,277,87,240,253,236,276,87,269,253,87,0,0,0,0,153,0
280,263,246,272,277,87,240,253,236,276,87,269,253,87,0,0,0,0,153,0
282,263,246,272,277,87,240,253,236,276,87,269,253,87,0,150,0,0,195,0
282,263,246,272,277,87,240,253,236,276,87,269,253,87,0,150,0,0,195,0
282,263,246,272,277,87,240,253,236,276,87,269,253,87,0,0,0,0,196,0
282,263,246,272,277,87,240,253,236,276,87,269,253,87,0,0,0,0,196,0
282,263,246,272,277,87,240,253,236,276,87,269,253,87,0,0,0,0,274,0
282,263,246,272,277,87,240,253,236,276,87,269,253,87,0,0,0,0,274,0
282,263,246,272,277,0,240,253,236,276,0,269,253,0,0,0,0,0,0,0
282,263,246,272,277,0,240,253,236,280,0,269,256,0,0,0,0,0,0,0
282,263,246,272,277,0,240,253,236,280,0,269,256,0,0,0,0,0,279,0
282,263,246,272,277,0,240,253,236,280,0,269,256,0,0,0,0,0,279,0
282,263,246,272,277,0,240,253,236,280,0,269,256,0,0,0,0,0,283,0
282,263,246,272,277,0,240,253,236,280,0,269,256,0,0,0,0,0,283,0
282,269,249,276,281,0,256,277,241,280,0,281,256,0,0,0,0,0,284,0
282,269,249,276,281,0,256,277,241,280,0,281,256,0,0,0,0,0,284,0
282,269,249,276,281,0,256,277,241,280,0,281,256,0,0,0,0,0,286,0
282,269,249,276,281,0,256,277,241,280,0,281,256,0,0,0,0,0,286,0
282,269,249,276,281,0,256,277,241,280,0,281,256,0,0,87,0,0,292,0
301,269,249,276,281,0,256,277,241,280,0,281,256,0,0,87,0,0,292,0
301,269,249,276,281,0,256,277,241,280,0,281,256,0,0,87,0,0,294,0
301,269,249,276,281,0,256,277,241,280,0,281,256,0,0,87,0,0,294,0
301,269,249,276,281,0,256,277,241,280,0,281,256,0,0,87,0,0,297,0
301,269,249,276,281,0,256,277,241,280,0,281,256,0,0,87,0,0,297,0
301,269,249,276,281,90,256,277,241,280,90,281,256,90,0,87,0,0,310,0
301,269,249,276,281,90,256,277,241,280,90,281,256,90,0,87,0,0,310,0
301,269,249,276,281,90,256,277,241,280,90,281,256,90,0,87,0,0,0,0
301,269,249,276,281,90,256,277,241,280,90,281,256,90,0,87,0,0,0,0
301,269,249,276,281,90,256,277,241,282,90,281,261,90,0,87,0,0,0,0
301,269,249,276,281,90,256,277,241,282,90,281,261,90,0,87,0,0,0,0
301,269,249,276,281,90,256,277,241,282,90,281,261,90,0,87,0,0,0,0
301,269,249,276,281,90,256,277,241,282,90,281,261,90,0,87,0,0,0,0
301,287,253,280,282,90,269,281,243,282,90,288,261,90,0,87,0,0,0,0
301,287,253,280,282,90,269,281,243,282,90,288,261,90,0,87,0,0,0,0
301,287,253,280,282,90,269,281,243,282,90,288,261,90,0,0,0,0,0,0
301,287,253,280,282,90,269,281,243,282,90,288,261,90,0,0,0,0,0,0
304,287,253,280,282,90,269,281,243,282,90,288,261,90,0,0,0,0,0,0
304,287,253,280,282,90,269,281,243,282,90,288,261,90,0,0,0,0,0,0
304,287,253,280,282,90,269,281,243,282,90,288,261,90,0,0,0,0,0,0
304,287,253,280,282,90,269,281,243,282,90,288,261,90,0,0,0,0,0,0
304,287,253,280,282,0,269,281,243,282,0,288,261,0,0,0,0,0,0,0
304,287,253,280,282,0,269,281,243,282,0,288,261,0,0,0,0,0,0,0
304,287,253,280,282,0,269,281,243,282,0,288,261,0,0,0,0,0,0,0
304,287,253,280,282,0,269,281,243,282,0,288,261,0,0,0,0,0,0,0
304,287,253,280,282,0,269,281,243,282,0,288,261,0,0,0,0,0,0,0
304,287,253,280,282,0,269,281,243,282,0,288,261,0,0,0,0,0,0,0
304,287,253,280,282,0,269,281,243,282,0,288,261,0,0,0,0,0,0,0
304,287,253,280,282,0,269,281,243,287,0,288,270,0,0,0,0,0,0,0
304,287,253,280,282,0,269,281,243,287,0,288,270,0,0,0,0,0,90,0
304,287,253,280,282,0,269,281,243,287,0,288,270,0,0,0,0,0,90,0
304,288,270,301,287,0,270,296,261,287,0,296,270,0,0,90,0,0,90,0
304,288,270,301,287,0,270,296,261,287,0,296,270,0,0,90,0,0,90,0
304,288,270,301,287,0,270,296,261,287,0,296,270,0,0,90,0,0,90,0
306,288,270,301,287,0,270,296,261,287,0,296,270,0,0,90,0,0,90,0
306,288,270,301,287,0,270,296,261,287,0,296,270,0,0,90,0,0,90,0
306,288,270,301,287,0,270,296,261,287,0,296,270,0,0,90,0,0,90,0
306,288,270,301,287,69,270,296,261,287,47,296,270,66,0,90,0,0,90,0
306,288,270,301,287,69,270,296,261,287,47,296,270,66,0,90,0,0,90,0
306,288,270,301,287,69,270,296,261,287,47,296,270,66,0,90,0,0,90,0
306,288,270,301,287,69,270,296,261,287,47,296,270,66,0,90,0,0,90,0
306,288,270,301,287,69,270,296,261,287,47,296,270,66,0,90,0,0,90,0
306,288,270,301,287,69,270,296,261,287,47,296,270,66,0,90,0,0,90,0
306,288,270,301,287,69,270,296,261,287,47,296,270,66,0,90,0,0,90,0
306,288,270,301,287,69,270,296,261,287,47,296,270,66,0,90,0,0,90,0
306,288,270,301,287,69,270,296,261,287,47,296,270,66,0,90,0,0,154,0
306,288,270,301,287,69,270,296,261,287,47,296,270,66,0,90,0,0,154,0
306,288,270,301,287,69,270,296,261,301,47,296,277,66,0,104,0,0,0,0
306,288,270,301,287,69,270,296,261,301,47,296,277,66,0,104,0,0,0,0
306,296,303,304,288,69,306,311,303,301,47,307,277,66,0,0,0,0,0,0
306,296,303,304,288,69,306,311,303,301,47,307,277,66,0,0,0,0,0,0
311,296,303,304,288,69,306,311,303,301,47,307,277,66,0,0,0,0,0,0
311,296,303,304,288,69,306,311,303,301,47,307,277,66,0,0,0,0,0,0
311,296,303,304,288,235,306,311,303,301,240,307,277,142,0,0,0,0,0,0
311,296,303,304,288,235,306,311,303,301,240,307,277,142,0,0,0,0,0,0
311,296,303,304,288,235,306,311,303,301,240,307,277,142,0,0,0,0,0,0
311,296,303,304,288,235,306,311,303,301,240,307,277,142,0,0,0,0,0,0
311,296,303,304,288,235,306,311,303,301,240,307,277,142,0,0,0,0,0,0
311,296,303,304,288,235,306,311,303,301,240,307,277,142,0,0,0,0,0,0
311,296,303,304,288,235,306,311,303,301,240,307,277,142,0,0,0,0,0,0
311,296,303,304,288,235,306,311,303,301,240,307,277,142,0,0,0,0,0,0
311,296,303,304,288,235,306,311,303,301,240,307,277,142,0,0,0,0,134,0
311,296,303,304,288,235,306,311,303,301,240,307,277,142,0,0,0,0,134,0
311,296,303,304,288,235,306,311,303,301,240,307,277,142,0,134,0,0,134,0
311,296,303,304,288,235,306,311,303,301,240,307,277,142,0,134,0,0,134,0
311,296,303,304,288,235,306,311,303,301,240,307,277,142,0,134,0,0,134,0
311,296,303,304,288,235,306,311,303,304,240,307,303,142,0,134,0,0,134,0
311,305,307,311,305,235,307,312,305,304,240,312,303,142,0,134,0,0,134,0
312,305,307,311,305,235,307,312,305,304,240,312,303,142,0,134,0,0,134,0
312,305,307,311,305,246,307,312,305,304,306,312,303,237,0,134,0,0,134,0
312,305,307,311,305,246,307,312,305,304,306,312,303,237,0,134,0,0,134,0
312,305,307,311,305,246,307,312,305,304,306,312,303,237,0,134,0,0,134,0
312,305,307,311,305,246,307,312,305,304,306,312,303,237,0,134,0,0,134,0
312,305,307,311,305,246,307,312,305,304,306,312,303,237,0,134,0,0,134,0
312,305,307,311,305,246,307,312,305,304,306,312,303,237,0,134,0,0,134,0
312,305,307,311,305,246,307,312,305,304,306,312,303,237,0,134,0,0,134,0
312,305,307,311,305,246,307,312,305,304,306,312,303,237,0,134,0,0,134,0
312,305,307,311,305,246,307,312,305,304,306,312,303,237,0,134,0,0,0,0
312,305,307,311,305,246,307,312,305,304,306,312,303,237,0,134,0,0,0,0
312,305,307,311,305,246,307,312,305,304,306,312,303,237,0,0,0,0,0,0
312,305,307,311,305,246,307,312,305,304,306,312,303,237,0,0,0,0,0,0
312,305,307,311,305,246,307,312,305,304,306,312,303,237,0,0,0,0,0,0
312,305,307,311,305,246,307,312,305,304,306,312,303,237,0,0,0,0,0,0
312,305,307,311,305,246,307,312,305,304,306,312,303,237,0,0,0,0,0,0
312,305,307,311,305,246,307,312,305,304,306,312,303,237,0,0,0,0,0,0