84,190,48,96,84,48,109,118,84,48,109,123,91,103,121,123,91,103,96,123
84,190,48,96,84,48,109,118,84,48,109,123,91,103,121,123,91,103,96,123
84,190,48,96,84,48,109,118,84,48,109,123,91,103,121,123,91,103,96,123
96,210,80,109,118,80,192,183,91,80,192,183,145,121,146,183,145,121,118,171
96,210,80,109,118,80,192,183,91,80,192,183,145,121,146,183,145,121,118,171
96,210,80,109,118,80,192,183,91,80,192,183,145,121,146,183,145,121,118,171
146,286,171,230,190,171,230,353,145,103,318,233,185,178,192,233,160,178,146,190
146,286,171,230,190,171,230,353,145,103,318,233,185,178,192,233,160,178,146,190
146,286,171,230,190,171,230,353,145,103,318,233,185,178,192,233,160,178,146,190
160,310,270,252,210,270,252,362,185,160,350,362,188,241,309,362,185,241,309,210
160,310,270,252,210,270,252,362,185,160,350,362,188,241,309,362,185,241,309,210
160,310,270,252,210,270,252,362,185,160,350,362,188,241,309,362,185,241,309,210
265,318,292,263,286,292,319,366,188,178,353,402,263,252,353,402,188,263,319,230
265,318,292,263,286,292,319,366,188,178,353,402,263,252,353,402,188,263,319,230
265,318,292,263,286,292,319,366,188,178,353,402,263,252,353,402,188,263,319,230
309,389,344,265,310,344,350,382,233,241,366,465,297,264,366,465,264,265,389,264
309,389,344,265,310,344,350,382,233,241,366,465,297,264,366,465,264,265,389,264
309,389,344,265,310,344,350,382,233,241,366,465,297,264,366,465,264,265,389,264
357,441,360,319,318,360,400,465,286,267,395,488,308,267,395,488,297,267,475,344
357,441,360,319,318,360,400,465,286,267,395,488,308,267,395,488,297,267,475,344
357,441,360,319,318,360,400,465,286,267,395,488,308,267,395,488,297,267,475,344
377,475,411,350,389,411,422,496,297,270,414,496,355,280,458,496,308,280,567,360
377,475,411,350,389,411,422,496,297,270,414,496,355,280,458,496,308,280,567,360
377,475,411,350,389,411,422,496,297,270,414,496,355,280,458,496,308,280,567,360
382,488,414,357,441,414,448,501,376,280,435,499,376,308,482,501,355,292,635,400
382,488,414,357,441,414,448,501,376,280,435,499,376,308,482,501,355,292,635,400
382,488,414,357,441,414,448,501,376,280,435,499,376,308,482,501,355,292,635,400
408,515,442,382,475,442,482,516,402,422,448,501,398,355,500,509,376,310,642,411
408,515,442,382,475,442,482,516,402,422,448,501,398,355,500,509,376,310,642,411
408,515,442,382,475,442,482,516,402,422,448,501,398,355,500,509,376,310,642,411
425,533,489,395,477,489,500,568,409,442,482,509,409,377,502,552,398,357,658,437
425,533,489,395,477,489,500,568,409,442,482,509,409,377,502,552,398,357,658,437
425,533,489,395,477,489,500,568,409,442,482,509,409,377,502,552,398,357,658,437
458,570,523,400,515,523,502,573,441,455,500,573,457,398,516,573,409,377,686,523
458,570,523,400,515,523,502,573,441,455,500,573,457,398,516,573,409,377,686,523
458,570,523,400,515,523,502,573,441,455,500,573,457,398,516,573,409,377,686,523
472,637,530,425,533,530,517,611,457,489,502,611,466,408,517,611,437,408,697,533
472,637,530,425,533,530,517,611,457,489,502,611,466,408,517,611,437,408,697,533
472,637,530,425,533,530,517,611,457,489,502,611,466,408,517,611,437,408,697,533
565,642,534,448,570,534,600,666,458,509,516,666,477,422,567,666,457,425,734,552
565,642,534,448,570,534,600,666,458,509,516,666,477,422,567,666,457,425,734,552
565,642,534,448,570,534,600,666,458,509,516,666,477,422,567,666,457,425,734,552
567,658,541,499,637,565,662,669,466,530,517,669,541,435,594,669,466,435,738,565
567,658,541,499,637,565,662,669,466,530,517,669,541,435,594,669,466,435,738,565
567,658,541,499,637,565,662,669,466,530,517,669,541,435,594,669,466,435,738,565
568,697,571,568,642,571,685,679,477,534,600,679,563,437,603,679,563,455,774,570
568,697,571,568,642,571,685,679,477,534,600,679,563,437,603,679,563,455,774,570
568,697,571,568,642,571,685,679,477,534,600,679,563,437,603,679,563,455,774,570
738,719,604,600,658,604,739,700,499,571,631,700,576,455,631,700,576,472,775,631
738,719,604,600,658,604,739,700,499,571,631,700,576,455,631,700,576,472,775,631
738,719,604,600,658,604,739,700,499,571,631,700,576,455,631,700,576,472,775,631
779,771,609,684,697,609,741,786,541,604,662,786,602,472,635,776,602,515,776,659
779,771,609,684,697,609,741,786,541,604,662,786,602,472,635,776,602,515,776,659
779,771,609,684,697,609,741,786,541,604,662,786,602,472,635,776,602,515,776,659
787,774,640,741,719,640,761,791,563,609,686,788,613,552,662,786,613,594,787,680
787,774,640,741,719,640,761,791,563,609,686,788,613,552,662,786,613,594,787,680
787,774,640,741,719,640,761,791,563,609,686,788,613,552,662,786,613,594,787,680
792,775,648,761,775,648,771,792,576,635,739,815,655,594,684,791,672,603,810,694
792,775,648,761,775,648,771,792,576,635,739,815,655,594,684,791,672,603,810,694
792,775,648,761,775,648,771,792,576,635,739,815,655,594,684,791,672,603,810,694
810,778,654,779,778,654,785,815,602,640,741,818,672,603,686,796,703,673,817,743
810,778,654,779,778,654,785,815,602,640,741,818,672,603,686,796,703,673,817,743
810,778,654,779,778,654,785,815,602,640,741,818,672,603,686,796,703,673,817,743
817,783,655,787,783,659,788,818,613,648,761,824,703,673,710,815,712,710,839,746
817,783,655,787,783,659,788,818,613,648,761,824,703,673,710,815,712,710,839,746
817,783,655,787,783,659,788,818,613,648,761,824,703,673,710,815,712,710,839,746
860,812,659,791,812,680,795,824,637,654,771,838,712,684,738,818,725,737,841,768
860,812,659,791,812,680,795,824,637,654,771,838,712,684,738,818,725,737,841,768
860,812,659,791,812,680,795,824,637,654,771,838,712,684,738,818,725,737,841,768
868,820,680,792,820,690,796,836,655,673,785,857,725,685,739,824,753,812,842,779
868,820,680,792,820,690,796,836,655,673,785,857,725,685,739,824,753,812,842,779
868,820,680,792,820,690,796,836,655,673,785,857,725,685,739,824,753,812,842,779
887,828,690,814,828,694,806,857,672,685,795,871,743,710,746,838,769,820,866,788
887,828,690,814,828,694,806,857,672,685,795,871,743,710,746,838,769,820,866,788
887,828,690,814,828,694,806,857,672,685,795,871,743,710,746,838,769,820,866,788
939,842,694,823,842,706,814,871,703,690,796,913,753,725,785,857,778,826,895,822
939,842,694,823,842,706,814,871,703,690,796,913,753,725,785,857,778,826,895,822
939,842,694,823,842,706,814,871,703,690,796,913,753,725,785,857,778,826,895,822
940,851,706,846,851,721,823,902,712,706,814,918,769,737,795,871,819,837,918,828
940,851,706,846,851,721,823,902,712,706,814,918,769,737,795,871,819,837,918,828
940,851,706,846,851,721,823,902,712,706,814,918,769,737,795,871,819,837,918,828
950,872,721,860,868,734,839,913,719,721,823,927,776,806,810,913,825,851,922,838
950,872,721,860,868,734,839,913,719,721,823,927,776,806,810,913,825,851,922,838
950,872,721,860,868,734,839,913,719,721,823,927,776,806,810,913,825,851,922,838
957,878,734,887,872,746,841,927,769,737,836,929,798,826,817,919,858,876,947,868
957,878,734,887,872,746,841,927,769,737,836,929,798,826,817,919,858,876,947,868
957,878,734,887,872,746,841,927,769,737,836,929,798,826,817,919,858,876,947,868
972,916,743,903,878,756,846,929,783,753,841,949,803,837,836,927,875,887,952,872
972,916,743,903,878,756,846,929,783,753,841,949,803,837,836,927,875,887,952,872
972,916,743,903,878,756,846,929,783,753,841,949,803,837,836,927,875,887,952,872
996,932,756,940,932,765,861,963,803,756,846,955,819,876,839,944,892,916,964,878
996,932,756,940,932,765,861,963,803,756,846,955,819,876,839,944,892,916,964,878
996,932,756,940,932,765,861,963,803,756,846,955,819,876,839,944,892,916,964,878
1032,947,765,953,947,768,903,975,819,765,861,963,825,895,860,949,915,940,972,919
1032,947,765,953,947,768,903,975,819,765,861,963,825,895,860,949,915,940,972,919
1032,947,765,953,947,768,903,975,819,765,861,963,825,895,860,949,915,940,972,919
1042,964,768,961,964,798,934,976,825,774,895,975,858,916,861,955,929,943,980,953
1042,964,768,961,964,798,934,976,825,774,895,975,858,916,861,955,929,943,980,953
1042,964,768,961,964,798,934,976,825,774,895,975,858,916,861,955,929,943,980,953
1046,977,798,962,977,803,946,979,858,806,902,978,875,919,866,963,939,957,1004,967
1046,977,798,962,977,803,946,979,858,806,902,978,875,919,866,963,939,957,1004,967
1046,977,798,962,977,803,946,979,858,806,902,978,875,919,866,963,939,957,1004,967
1080,981,813,970,981,813,953,1001,875,813,903,1003,892,943,876,975,950,979,1048,987
1080,981,813,970,981,813,953,1001,875,813,903,1003,892,943,876,975,950,979,1048,987
1080,981,813,970,981,813,953,1001,875,813,903,1003,892,943,876,975,950,979,1048,987
1084,987,822,989,987,822,961,1008,892,826,934,1036,915,946,902,978,956,993,1066,1020
1084,987,822,989,987,822,961,1008,892,826,934,1036,915,946,902,978,956,993,1066,1020
1084,987,822,989,987,822,961,1008,892,826,934,1036,915,946,902,978,956,993,1066,1020
1092,997,845,996,1001,845,962,1036,915,837,961,1041,922,957,918,1003,965,996,1067,1021
1092,997,845,996,1001,845,962,1036,915,837,961,1041,922,957,918,1003,965,996,1067,1021
1092,997,845,996,1001,845,962,1036,915,837,961,1041,922,957,918,1003,965,996,1067,1021
1098,1006,880,1000,1006,880,970,1041,932,845,962,1054,950,972,934,1054,991,1000,1084,1029
1098,1006,880,1000,1006,880,970,1041,932,845,962,1054,950,972,934,1054,991,1000,1084,1029
1098,1006,880,1000,1006,880,970,1041,932,845,962,1054,950,972,934,1054,991,1000,1084,1029
1099,1020,933,1013,1020,933,978,1042,939,866,970,1070,956,979,967,1070,997,1006,1085,1051
1099,1020,933,1013,1020,933,978,1042,939,866,970,1070,956,979,967,1070,997,1006,1085,1051
1099,1020,933,1013,1020,933,978,1042,939,866,970,1070,956,979,967,1070,997,1006,1085,1051
1102,1021,944,1023,1021,952,989,1052,949,880,976,1078,965,993,976,1092,1001,1018,1093,1056
1102,1021,944,1023,1021,952,989,1052,949,880,976,1078,965,993,976,1092,1001,1018,1093,1056
1102,1021,944,1023,1021,952,989,1052,949,880,976,1078,965,993,976,1092,1001,1018,1093,1056
1103,1051,952,1024,1041,982,1013,1070,955,922,977,1082,991,1000,980,1105,1008,1031,1098,1062
1103,1051,952,1024,1041,982,1013,1070,955,922,977,1082,991,1000,980,1105,1008,1031,1098,1062
1103,1051,952,1024,1041,982,1013,1070,955,922,977,1082,991,1000,980,1105,1008,1031,1098,1062
1114,1056,967,1042,1051,988,1023,1082,965,933,982,1085,997,1018,993,1112,1017,1032,1107,1069
1114,1056,967,1042,1051,988,1023,1082,965,933,982,1085,997,1018,993,1112,1017,1032,1107,1069
1114,1056,967,1042,1051,988,1023,1082,965,933,982,1085,997,1018,993,1112,1017,1032,1107,1069
1126,1093,982,1046,1093,1022,1024,1112,980,943,989,1102,1008,1028,1004,1123,1026,1033,1110,1082
1126,1093,982,1046,1093,1022,1024,1112,980,943,989,1102,1008,1028,1004,1123,1026,1033,1110,1082
1126,1093,982,1046,1093,1022,1024,1112,980,943,989,1102,1008,1028,1004,1123,1026,1033,1110,1082
1156,1107,988,1058,1119,1029,1044,1120,991,944,1004,1105,1017,1031,1031,1126,1027,1061,1117,1092
1156,1107,988,1058,1119,1029,1044,1120,991,944,1004,1105,1017,1031,1031,1126,1027,1061,1117,1092
1156,1107,988,1058,1119,1029,1044,1120,991,944,1004,1105,1017,1031,1031,1126,1027,1061,1117,1092
1157,1119,1022,1065,1134,1048,1049,1130,1003,946,1013,1110,1023,1032,1044,1130,1028,1068,1125,1119
1157,1119,1022,1065,1134,1048,1049,1130,1003,946,1013,1110,1023,1032,1044,1130,1028,1068,1125,1119
1157,1119,1022,1065,1134,1048,1049,1130,1003,946,1013,1110,1023,1032,1044,1130,1028,1068,1125,1119
1168,1134,1029,1068,1143,1056,1057,1141,1017,956,1024,1123,1026,1033,1052,1141,1036,1080,1156,1126
1168,1134,1029,1068,1143,1056,1057,1141,1017,956,1024,1123,1026,1033,1052,1141,1036,1080,1156,1126
1168,1134,1029,1068,1143,1056,1057,1141,1017,956,1024,1123,1026,1033,1052,1141,1036,1080,1156,1126
1169,1149,1048,1074,1149,1066,1058,1143,1026,981,1033,1130,1027,1049,1061,1144,1037,1091,1159,1134
1169,1149,1048,1074,1149,1066,1058,1143,1026,981,1033,1130,1027,1049,1061,1144,1037,1091,1159,1134
1169,1149,1048,1074,1149,1066,1058,1143,1026,981,1033,1130,1027,1049,1061,1144,1037,1091,1159,1134
1190,1161,1057,1077,1161,1069,1065,1144,1027,988,1044,1141,1028,1062,1067,1153,1046,1103,1166,1139
1190,1161,1057,1077,1161,1069,1065,1144,1027,988,1044,1141,1028,1062,1067,1153,1046,1103,1166,1139
1190,1161,1057,1077,1161,1069,1065,1144,1027,988,1044,1141,1028,1062,1067,1153,1046,1103,1166,1139
1199,1170,1066,1088,1170,1087,1068,1153,1037,1018,1052,1143,1037,1071,1077,1185,1053,1146,1170,1149
1199,1170,1066,1088,1170,1087,1068,1153,1037,1018,1052,1143,1037,1071,1077,1185,1053,1146,1170,1149
1199,1170,1066,1088,1170,1087,1068,1153,1037,1018,1052,1143,1037,1071,1077,1185,1053,1146,1170,1149
1207,1181,1067,1129,1174,1094,1074,1158,1053,1022,1057,1144,1053,1080,1084,1205,1062,1157,1174,1189
1207,1181,1067,1129,1174,1094,1074,1158,1053,1022,1057,1144,1053,1080,1084,1205,1062,1157,1174,1189
1207,1181,1067,1129,1174,1094,1074,1158,1053,1022,1057,1144,1053,1080,1084,1205,1062,1157,1174,1189
1216,1191,1087,1142,1191,1097,1088,1174,1054,1049,1065,1153,1058,1091,1085,1212,1071,1158,1182,1192
1216,1191,1087,1142,1191,1097,1088,1174,1054,1049,1065,1153,1058,1091,1085,1212,1071,1158,1182,1192
1216,1191,1087,1142,1191,1097,1088,1174,1054,1049,1065,1153,1058,1091,1085,1212,1071,1158,1182,1192
1244,1202,1094,1157,1202,1103,1109,1184,1069,1087,1074,1185,1061,1106,1091,1221,1078,1168,1187,1198
1244,1202,1094,1157,1202,1103,1109,1184,1069,1087,1074,1185,1061,1106,1091,1221,1078,1168,1187,1198
1244,1202,1094,1157,1202,1103,1109,1184,1069,1087,1074,1185,1061,1106,1091,1221,1078,1168,1187,1198
1249,1203,1097,1168,1214,1117,1129,1197,1100,1094,1077,1205,1071,1107,1098,1224,1099,1169,1191,1202
1249,1203,1097,1168,1214,1117,1129,1197,1100,1094,1077,1205,1071,1107,1098,1224,1099,1169,1191,1202
1249,1203,1097,1168,1214,1117,1129,1197,1100,1094,1077,1205,1071,1107,1098,1224,1099,1169,1191,1202
1250,1214,1117,1169,1223,1139,1142,1205,1105,1097,1088,1212,1078,1109,1110,1228,1100,1190,1199,1218
1250,1214,1117,1169,1223,1139,1142,1205,1105,1097,1088,1212,1078,1109,1110,1228,1100,1190,1199,1218
1250,1214,1117,1169,1223,1139,1142,1205,1105,1097,1088,1212,1078,1109,1110,1228,1100,1190,1199,1218
1253,1223,1139,1193,1257,1182,1151,1211,1121,1106,1120,1221,1099,1125,1120,1232,1102,1197,1216,1219
1253,1223,1139,1193,1257,1182,1151,1211,1121,1106,1120,1221,1099,1125,1120,1232,1102,1197,1216,1219
1253,1223,1139,1193,1257,1182,1151,1211,1121,1106,1120,1221,1099,1125,1120,1232,1102,1197,1216,1219
1273,1228,1166,1199,1258,1187,1172,1224,1123,1109,1129,1224,1100,1146,1146,1240,1114,1207,1217,1227
1273,1228,1166,1199,1258,1187,1172,1224,1123,1109,1129,1224,1100,1146,1146,1240,1114,1207,1217,1227
1273,1228,1166,1199,1258,1187,1172,1224,1123,1109,1129,1224,1100,1146,1146,1240,1114,1207,1217,1227
1281,1245,1182,1207,1263,1189,1175,1230,1137,1124,1142,1230,1106,1158,1151,1258,1121,1214,1244,1232
1281,1245,1182,1207,1263,1189,1175,1230,1137,1124,1142,1230,1106,1158,1151,1258,1121,1214,1244,1232
1281,1245,1182,1207,1263,1189,1175,1230,1137,1124,1142,1230,1106,1158,1151,1258,1121,1214,1244,1232
1290,1257,1189,1218,1276,1192,1201,1234,1145,1159,1151,1240,1112,1167,1156,1259,1124,1250,1245,1242
1290,1257,1189,1218,1276,1192,1201,1234,1145,1159,1151,1240,1112,1167,1156,1259,1124,1250,1245,1242
1290,1257,1189,1218,1276,1192,1201,1234,1145,1159,1151,1240,1112,1167,1156,1259,1124,1250,1245,1242
1312,1263,1192,1230,1282,1200,1204,1240,1161,1172,1175,1258,1114,1172,1159,1260,1137,1251,1254,1263
1312,1263,1192,1230,1282,1200,1204,1240,1161,1172,1175,1258,1114,1172,1159,1260,1137,1251,1254,1263
1312,1263,1192,1230,1282,1200,1204,1240,1161,1172,1175,1258,1114,1172,1159,1260,1137,1251,1254,1263
1326,1276,1200,1233,1315,1203,1210,1266,1166,1200,1184,1259,1121,1190,1175,1266,1145,1252,1257,1267
1326,1276,1200,1233,1315,1203,1210,1266,1166,1200,1184,1259,1121,1190,1175,1266,1145,1252,1257,1267
1326,1276,1200,1233,1315,1203,1210,1266,1166,1200,1184,1259,1121,1190,1175,1266,1145,1252,1257,1267
1331,1282,1217,1238,1320,1217,1218,1269,1181,1201,1193,1266,1124,1197,1184,1267,1167,1253,1260,1274
1331,1282,1217,1238,1320,1217,1218,1269,1181,1201,1193,1266,1124,1197,1184,1267,1167,1253,1260,1274
1331,1282,1217,1238,1320,1217,1218,1269,1181,1201,1193,1266,1124,1197,1184,1267,1167,1253,1260,1274
1342,1305,1219,1244,1332,1219,1233,1280,1185,1203,1204,1269,1125,1198,1193,1269,1181,1273,1276,1277
1342,1305,1219,1244,1332,1219,1233,1280,1185,1203,1204,1269,1125,1198,1193,1269,1181,1273,1276,1277
1342,1305,1219,1244,1332,1219,1233,1280,1185,1203,1204,1269,1125,1198,1193,1269,1181,1273,1276,1277
1348,1310,1246,1248,1344,1228,1238,1283,1186,1210,1211,1274,1137,1201,1204,1274,1186,1287,1281,1282
1348,1310,1246,1248,1344,1228,1238,1283,1186,1210,1211,1274,1137,1201,1204,1274,1186,1287,1281,1282
1348,1310,1246,1248,1344,1228,1238,1283,1186,1210,1211,1274,1137,1201,1204,1274,1186,1287,1281,1282
1352,1320,1262,1250,1345,1239,1248,1293,1187,1225,1227,1275,1145,1210,1211,1275,1198,1305,1286,1311
1352,1320,1262,1250,1345,1239,1248,1293,1187,1225,1227,1275,1145,1210,1211,1275,1198,1305,1286,1311
1352,1320,1262,1250,1345,1239,1248,1293,1187,1225,1227,1275,1145,1210,1211,1275,1198,1305,1286,1311
1360,1332,1277,1278,1347,1246,1254,1301,1212,1232,1233,1280,1167,1227,1216,1280,1225,1312,1290,1325
1360,1332,1277,1278,1347,1246,1254,1301,1212,1232,1233,1280,1167,1227,1216,1280,1225,1312,1290,1325
1360,1332,1277,1278,1347,1246,1254,1301,1212,1232,1233,1280,1167,1227,1216,1280,1225,1312,1290,1325
1367,1344,1291,1281,1380,1262,1265,1310,1221,1239,1234,1283,1186,1239,1234,1283,1242,1320,1318,1337
1367,1344,1291,1281,1380,1262,1265,1310,1221,1239,1234,1283,1186,1239,1234,1283,1242,1320,1318,1337
1367,1344,1291,1281,1380,1262,1265,1310,1221,1239,1234,1283,1186,1239,1234,1283,1242,1320,1318,1337
1377,1345,1321,1292,1388,1277,1278,1313,1223,1246,1238,1293,1225,1242,1245,1293,1249,1324,1326,1343
1377,1345,1321,1292,1388,1277,1278,1313,1223,1246,1238,1293,1225,1242,1245,1293,1249,1324,1326,1343
1377,1345,1321,1292,1388,1277,1278,1313,1223,1246,1238,1293,1225,1242,1245,1293,1249,1324,1326,1343
1379,1347,1337,1307,1397,1291,1292,1314,1251,1254,1248,1301,1249,1251,1252,1301,1256,1332,1342,1344
1379,1347,1337,1307,1397,1291,1292,1314,1251,1254,1248,1301,1249,1251,1252,1301,1256,1332,1342,1344
1379,1347,1337,1307,1397,1291,1292,1314,1251,1254,1248,1301,1249,1251,1252,1301,1256,1332,1342,1344
1387,1380,1350,1326,1400,1321,1300,1317,1256,1262,1265,1310,1256,1252,1265,1311,1270,1366,1348,1346
1387,1380,1350,1326,1400,1321,1300,1317,1256,1262,1265,1310,1256,1252,1265,1311,1270,1366,1348,1346
1387,1380,1350,1326,1400,1321,1300,1317,1256,1262,1265,1310,1256,1252,1265,1311,1270,1366,1348,1346
1397,1388,1353,1338,1409,1350,1338,1323,1259,1272,1278,1313,1270,1253,1287,1313,1272,1380,1352,1357
1397,1388,1353,1338,1409,1350,1338,1323,1259,1272,1278,1313,1270,1253,1287,1313,1272,1380,1352,1357
1397,1388,1353,1338,1409,1350,1338,1323,1259,1272,1278,1313,1270,1253,1287,1313,1272,1380,1352,1357
1408,1398,1357,1348,1418,1357,1353,1346,1275,1286,1292,1314,1272,1260,1290,1318,1284,1385,1367,1358
1408,1398,1357,1348,1418,1357,1353,1346,1275,1286,1292,1314,1272,1260,1290,1318,1284,1385,1367,1358
1408,1398,1357,1348,1418,1357,1353,1346,1275,1286,1292,1314,1272,1260,1290,1318,1284,1385,1367,1358
1412,1400,1359,1367,1424,1359,1368,1355,1284,1291,1300,1323,1284,1267,1300,1323,1296,1396,1377,1373
1412,1400,1359,1367,1424,1359,1368,1355,1284,1291,1300,1323,1284,1267,1300,1323,1296,1396,1377,1373
1412,1400,1359,1367,1424,1359,1368,1355,1284,1291,1300,1323,1284,1267,1300,1323,1296,1396,1377,1373
1423,1409,1362,1375,1441,1362,1375,1364,1296,1321,1307,1336,1286,1270,1307,1336,1302,1398,1379,1388
1423,1409,1362,1375,1441,1362,1375,1364,1296,1321,1307,1336,1286,1270,1307,1336,1302,1398,1379,1388
1423,1409,1362,1375,1441,1362,1375,1364,1296,1321,1307,1336,1286,1270,1307,1336,1302,1398,1379,1388
1429,1418,1370,1382,1447,1370,1382,1373,1302,1337,1317,1345,1296,1273,1317,1346,1314,1408,1387,1390
1429,1418,1370,1382,1447,1370,1382,1373,1302,1337,1317,1345,1296,1273,1317,1346,1314,1408,1387,1390
1429,1418,1370,1382,1447,1370,1382,1373,1302,1337,1317,1345,1296,1273,1317,1346,1314,1408,1387,1390
1440,1424,1390,1414,1450,1390,1405,1376,1315,1350,1338,1355,1302,1287,1342,1355,1325,1412,1397,1400
1440,1424,1390,1414,1450,1390,1405,1376,1315,1350,1338,1355,1302,1287,1342,1355,1325,1412,1397,1400
1440,1424,1390,1414,1450,1390,1405,1376,1315,1350,1338,1355,1302,1287,1342,1355,1325,1412,1397,1400
1458,1441,1404,1423,1456,1404,1414,1383,1324,1359,1353,1364,1311,1305,1352,1364,1331,1419,1404,1420
1458,1441,1404,1423,1456,1404,1414,1383,1324,1359,1353,1364,1311,1305,1352,1364,1331,1419,1404,1420
1458,1441,1404,1423,1456,1404,1414,1383,1324,1359,1353,1364,1311,1305,1352,1364,1331,1419,1404,1420
1459,1447,1413,1431,1461,1413,1425,1398,1336,1362,1368,1373,1315,1312,1366,1368,1343,1422,1409,1427
1459,1447,1413,1431,1461,1413,1425,1398,1336,1362,1368,1373,1315,1312,1366,1368,1343,1422,1409,1427
1459,1447,1413,1431,1461,1413,1425,1398,1336,1362,1368,1373,1315,1312,1366,1368,1343,1422,1409,1427
1460,1450,1420,1453,1467,1415,1428,1410,1347,1370,1375,1376,1318,1324,1377,1376,1358,1437,1418,1433
1460,1450,1420,1453,1467,1415,1428,1410,1347,1370,1375,1376,1318,1324,1377,1376,1358,1437,1418,1433
1460,1450,1420,1453,1467,1415,1428,1410,1347,1370,1375,1376,1318,1324,1377,1376,1358,1437,1418,1433
1478,1456,1430,1458,1476,1420,1431,1417,1365,1385,1382,1383,1331,1325,1379,1383,1360,1447,1440,1441
1478,1456,1430,1458,1476,1420,1431,1417,1365,1385,1382,1383,1331,1325,1379,1383,1360,1447,1440,1441
1478,1456,1430,1458,1476,1420,1431,1417,1365,1385,1382,1383,1331,1325,1379,1383,1360,1447,1440,1441
1483,1461,1433,1459,1487,1430,1453,1423,1384,1395,1405,1386,1360,1343,1387,1386,1365,1450,1456,1461
1483,1461,1433,1459,1487,1430,1453,1423,1384,1395,1405,1386,1360,1343,1387,1386,1365,1450,1456,1461
1483,1461,1433,1459,1487,1430,1453,1423,1384,1395,1405,1386,1360,1343,1387,1386,1365,1450,1456,1461
1494,1467,1446,1460,1520,1433,1469,1435,1386,1413,1414,1410,1365,1358,1396,1410,1378,1457,1458,1468
1494,1467,1446,1460,1520,1433,1469,1435,1386,1413,1414,1410,1365,1358,1396,1410,1378,1457,1458,1468
1494,1467,1446,1460,1520,1433,1469,1435,1386,1413,1414,1410,1365,1358,1396,1410,1378,1457,1458,1468
1497,1487,1448,1469,1523,1444,1484,1464,1393,1419,1422,1417,1378,1366,1405,1417,1384,1459,1460,1478
1497,1487,1448,1469,1523,1444,1484,1464,1393,1419,1422,1417,1378,1366,1405,1417,1384,1459,1460,1478
1497,1487,1448,1469,1523,1444,1484,1464,1393,1419,1422,1417,1378,1366,1405,1417,1384,1459,1460,1478
1514,1515,1462,1484,1535,1446,1492,1475,1407,1425,1428,1427,1384,1378,1427,1431,1395,1470,1467,1506
1514,1515,1462,1484,1535,1446,1492,1475,1407,1425,1428,1427,1384,1378,1427,1431,1395,1470,1467,1506
1514,1515,1462,1484,1535,1446,1492,1475,1407,1425,1428,1427,1384,1378,1427,1431,1395,1470,1467,1506
1520,1535,1468,1532,1539,1448,1499,1476,1411,1437,1430,1435,1393,1385,1428,1435,1407,1477,1471,1509
1520,1535,1468,1532,1539,1448,1499,1476,1411,1437,1430,1435,1393,1385,1428,1435,1407,1477,1471,1509
1520,1535,1468,1532,1539,1448,1499,1476,1411,1437,1430,1435,1393,1385,1428,1435,1407,1477,1471,1509
1523,1536,1481,1537,1551,1462,1528,1485,1415,1446,1453,1444,1395,1393,1440,1444,1411,1483,1494,1513
1523,1536,1481,1537,1551,1462,1528,1485,1415,1446,1453,1444,1395,1393,1440,1444,1411,1483,1494,1513
1523,1536,1481,1537,1551,1462,1528,1485,1415,1446,1453,1444,1395,1393,1440,1444,1411,1483,1494,1513
1538,1539,1491,1544,1555,1468,1532,1493,1424,1448,1469,1464,1407,1396,1457,1464,1429,1487,1497,1521
1538,1539,1491,1544,1555,1468,1532,1493,1424,1448,1469,1464,1407,1396,1457,1464,1429,1487,1497,1521
1538,1539,1491,1544,1555,1468,1532,1493,1424,1448,1469,1464,1407,1396,1457,1464,1429,1487,1497,1521
1550,1551,1498,1550,1561,1481,1537,1494,1452,1462,1484,1475,1411,1408,1471,1475,1452,1504,1528,1523
1550,1551,1498,1550,1561,1481,1537,1494,1452,1462,1484,1475,1411,1408,1471,1475,1452,1504,1528,1523
1550,1551,1498,1550,1561,1481,1537,1494,1452,1462,1484,1475,1411,1408,1471,1475,1452,1504,1528,1523
1553,1561,1501,1552,1567,1491,1542,1500,1474,1470,1492,1476,1415,1412,1477,1478,1474,1508,1535,1536
1553,1561,1501,1552,1567,1491,1542,1500,1474,1470,1492,1476,1415,1412,1477,1478,1474,1508,1535,1536
1553,1561,1501,1552,1567,1491,1542,1500,1474,1470,1492,1476,1415,1412,1477,1478,1474,1508,1535,1536
1554,1566,1504,1553,1579,1498,1544,1505,1480,1471,1505,1485,1429,1419,1492,1485,1480,1510,1538,1539
1554,1566,1504,1553,1579,1498,1544,1505,1480,1471,1505,1485,1429,1419,1492,1485,1480,1510,1538,1539
1554,1566,1504,1553,1579,1498,1544,1505,1480,1471,1505,1485,1429,1419,1492,1485,1480,1510,1538,1539
1558,1579,1506,1562,1584,1501,1549,1506,1482,1481,1512,1493,1452,1422,1497,1499,1482,1514,1550,1547
1558,1579,1506,1562,1584,1501,1549,1506,1482,1481,1512,1493,1452,1422,1497,1499,1482,1514,1550,1547
1558,1579,1506,1562,1584,1501,1549,1506,1482,1481,1512,1493,1452,1422,1497,1499,1482,1514,1550,1547
1565,1584,1508,1563,1603,1504,1552,1512,1486,1491,1532,1499,1474,1425,1505,1500,1486,1515,1553,1551
1565,1584,1508,1563,1603,1504,1552,1512,1486,1491,1532,1499,1474,1425,1505,1500,1486,1515,1553,1551
1565,1584,1508,1563,1603,1504,1552,1512,1486,1491,1532,1499,1474,1425,1505,1500,1486,1515,1553,1551
1575,1603,1509,1565,1610,1508,1556,1517,1502,1498,1536,1500,1480,1437,1512,1501,1493,1520,1554,1564
1575,1603,1509,1565,1610,1508,1556,1517,1502,1498,1536,1500,1480,1437,1512,1501,1493,1520,1554,1564
1575,1603,1509,1565,1610,1508,1556,1517,1502,1498,1536,1500,1480,1437,1512,1501,1493,1520,1554,1564
1577,1610,1528,1576,1613,1510,1557,1524,1503,1509,1537,1502,1482,1457,1522,1502,1518,1522,1573,1581
1577,1610,1528,1576,1613,1510,1557,1524,1503,1509,1537,1502,1482,1457,1522,1502,1518,1522,1573,1581
1577,1610,1528,1576,1613,1510,1557,1524,1503,1509,1537,1502,1482,1457,1522,1502,1518,1522,1573,1581
1578,1613,1543,1578,1615,1540,1562,1526,1510,1530,1542,1503,1486,1470,1538,1503,1546,1530,1577,1597
1578,1613,1543,1578,1615,1540,1562,1526,1510,1530,1542,1503,1486,1470,1538,1503,1546,1530,1577,1597
1578,1613,1543,1578,1615,1540,1562,1526,1510,1530,1542,1503,1486,1470,1538,1503,1546,1530,1577,1597
1580,1615,1547,1582,1617,1543,1570,1529,1518,1543,1544,1513,1518,1477,1542,1513,1564,1549,1579,1602
1580,1615,1547,1582,1617,1543,1570,1529,1518,1543,1544,1513,1518,1477,1542,1513,1564,1549,1579,1602
1580,1615,1547,1582,1617,1543,1570,1529,1518,1543,1544,1513,1518,1477,1542,1513,1564,1549,1579,1602
1583,1617,1559,1592,1623,1548,1576,1545,1540,1559,1548,1517,1521,1483,1547,1517,1566,1557,1580,1610
1583,1617,1559,1592,1623,1548,1576,1545,1540,1559,1548,1517,1521,1483,1547,1517,1566,1557,1580,1610
1583,1617,1559,1592,1623,1548,1576,1545,1540,1559,1548,1517,1521,1483,1547,1517,1566,1557,1580,1610
1592,1623,1569,1593,1637,1559,1582,1563,1546,1570,1552,1524,1540,1514,1548,1521,1575,1569,1592,1612
1592,1623,1569,1593,1637,1559,1582,1563,1546,1570,1552,1524,1540,1514,1548,1521,1575,1569,1592,1612
1592,1623,1569,1593,1637,1559,1582,1563,1546,1570,1552,1524,1540,1514,1548,1521,1575,1569,1592,1612
1598,1630,1581,1598,1638,1569,1593,1565,1555,1583,1555,1526,1546,1515,1554,1524,1583,1578,1598,1617
1598,1630,1581,1598,1638,1569,1593,1565,1555,1583,1555,1526,1546,1515,1554,1524,1583,1578,1598,1617
1598,1630,1581,1598,1638,1569,1593,1565,1555,1583,1555,1526,1546,1515,1554,1524,1583,1578,1598,1617
1602,1637,1599,1602,1644,1581,1600,1571,1558,1588,1556,1529,1563,1522,1556,1526,1587,1588,1601,1625
1602,1637,1599,1602,1644,1581,1600,1571,1558,1588,1556,1529,1563,1522,1556,1526,1587,1588,1601,1625
1602,1637,1599,1602,1644,1581,1600,1571,1558,1588,1556,1529,1563,1522,1556,1526,1587,1588,1601,1625
1621,1638,1604,1614,1651,1594,1605,1574,1561,1599,1562,1545,1567,1530,1558,1529,1589,1596,1616,1630
1621,1638,1604,1614,1651,1594,1605,1574,1561,1599,1562,1545,1567,1530,1558,1529,1589,1596,1616,1630
1621,1638,1604,1614,1651,1594,1605,1574,1561,1599,1562,1545,1567,1530,1558,1529,1589,1596,1616,1630
1622,1644,1611,1616,1653,1599,1612,1585,1566,1604,1573,1560,1575,1549,1573,1545,1597,1608,1621,1632
1622,1644,1611,1616,1653,1599,1612,1585,1566,1604,1573,1560,1575,1549,1573,1545,1597,1608,1621,1632
1622,1644,1611,1616,1653,1599,1612,1585,1566,1604,1573,1560,1575,1549,1573,1545,1597,1608,1621,1632
1624,1651,1625,1622,1665,1604,1614,1586,1567,1608,1576,1571,1587,1557,1577,1560,1620,1622,1623,1637
1624,1651,1625,1622,1665,1604,1614,1586,1567,1608,1576,1571,1587,1557,1577,1560,1620,1622,1623,1637
1624,1651,1625,1622,1665,1604,1614,1586,1567,1608,1576,1571,1587,1557,1577,1560,1620,1622,1623,1637
1648,1653,1632,1626,1669,1608,1616,1595,1572,1611,1582,1572,1589,1560,1580,1571,1628,1629,1624,1638
1648,1653,1632,1626,1669,1608,1616,1595,1572,1611,1582,1572,1589,1560,1580,1571,1628,1629,1624,1638
1648,1653,1632,1626,1669,1608,1616,1595,1572,1611,1582,1572,1589,1560,1580,1571,1628,1629,1624,1638
1650,1665,1636,1640,1676,1611,1626,1606,1584,1629,1593,1574,1594,1564,1596,1572,1633,1631,1644,1653
1650,1665,1636,1640,1676,1611,1626,1606,1584,1629,1593,1574,1594,1564,1596,1572,1633,1631,1644,1653
1650,1665,1636,1640,1676,1611,1626,1606,1584,1629,1593,1574,1594,1564,1596,1572,1633,1631,1644,1653
1652,1669,1639,1650,1682,1625,1631,1619,1587,1636,1605,1585,1596,1570,1601,1574,1642,1640,1650,1666
1652,1669,1639,1650,1682,1625,1631,1619,1587,1636,1605,1585,1596,1570,1601,1574,1642,1640,1650,1666
1654,1676,1639,1650,1695,1625,1631,1619,1587,1636,1605,1585,1596,1570,1601,1574,1642,1640,1650,1666
1654,1676,1655,1663,1695,1632,1641,1627,1589,1639,1612,1586,1620,1588,1605,1585,1646,1643,1652,1667
1661,1682,1655,1663,1697,1632,1641,1627,1589,1639,1612,1586,1620,1588,1605,1585,1646,1643,1652,1667
1661,1682,1655,1663,1697,1632,1641,1627,1589,1639,1612,1586,1620,1588,1605,1585,1646,1643,1652,1667
1664,1695,1659,1670,1705,1636,1656,1643,1594,1641,1614,1595,1628,1597,1621,1586,1648,1647,1659,1676
1664,1695,1659,1670,1705,1636,1656,1643,1594,1641,1614,1595,1628,1597,1621,1586,1648,1647,1659,1676
1672,1696,1662,1675,1719,1639,1670,1657,1601,1646,1615,1600,1633,1620,1624,1595,1649,1654,1661,1676
1672,1696,1662,1675,1719,1639,1670,1657,1601,1646,1615,1600,1633,1620,1624,1595,1649,1654,1661,1680
1675,1697,1666,1686,1722,1655,1683,1663,1603,1655,1626,1606,1642,1629,1630,1600,1658,1665,1664,1680
1675,1697,1666,1686,1722,1655,1683,1663,1603,1655,1626,1606,1642,1629,1630,1600,1658,1665,1664,1680
1686,1705,1668,1691,1731,1659,1691,1667,1613,1661,1643,1619,1646,1640,1647,1606,1674,1675,1669,1689
1686,1705,1668,1691,1731,1659,1691,1667,1613,1661,1643,1619,1646,1640,1647,1606,1674,1675,1669,1689
1694,1722,1673,1694,1741,1662,1699,1678,1628,1662,1656,1627,1648,1641,1652,1619,1680,1686,1672,1691
1694,1722,1673,1694,1741,1662,1699,1678,1628,1662,1656,1627,1648,1641,1652,1619,1680,1686,1672,1691
1704,1731,1677,1700,1744,1666,1700,1684,1633,1668,1670,1631,1649,1647,1656,1627,1685,1696,1682,1693
1704,1731,1677,1700,1744,1666,1700,1684,1633,1668,1670,1631,1649,1647,1656,1627,1685,1696,1682,1693
1707,1741,1689,1702,1747,1668,1702,1690,1642,1672,1699,1645,1658,1649,1664,1645,1693,1705,1706,1697
1707,1741,1689,1702,1747,1668,1702,1690,1642,1672,1699,1645,1658,1649,1664,1645,1693,1705,1706,1697
1714,1744,1698,1710,1751,1673,1709,1692,1645,1673,1700,1657,1671,1654,1671,1657,1704,1707,1715,1701
1714,1744,1698,1710,1751,1673,1709,1692,1645,1673,1700,1657,1671,1654,1671,1657,1704,1707,1715,1701
1721,1747,1701,1718,1755,1677,1710,1696,1651,1674,1702,1678,1674,1663,1683,1667,1713,1714,1719,1708
1721,1747,1701,1718,1755,1677,1710,1696,1651,1674,1702,1678,1674,1663,1683,1667,1713,1714,1719,1708
1730,1751,1706,1721,1759,1689,1715,1703,1658,1683,1709,1679,1677,1680,1699,1678,1726,1728,1730,1710
1730,1751,1706,1721,1759,1689,1715,1703,1658,1683,1709,1679,1677,1680,1699,1678,1726,1728,1730,1710
1738,1755,1708,1730,1761,1698,1717,1725,1671,1694,1715,1684,1685,1693,1709,1679,1729,1734,1741,1721
1738,1755,1708,1730,1761,1698,1717,1725,1671,1694,1715,1684,1685,1693,1709,1679,1729,1734,1741,1721
1740,1756,1717,1734,1767,1701,1733,1735,1679,1698,1717,1690,1704,1707,1718,1684,1737,1740,1744,1729
1740,1756,1717,1734,1767,1701,1733,1735,1679,1698,1717,1690,1704,1707,1718,1684,1737,1740,1744,1729
1753,1760,1723,1738,1770,1706,1734,1746,1685,1713,1733,1692,1713,1714,1733,1690,1738,1743,1750,1736
1753,1760,1723,1738,1770,1706,1734,1746,1685,1713,1733,1692,1713,1714,1733,1690,1738,1743,1750,1736
1766,1767,1726,1739,1772,1708,1739,1759,1695,1719,1735,1703,1726,1728,1735,1692,1745,1751,1756,1747
1766,1767,1726,1739,1772,1708,1739,1759,1695,1719,1735,1703,1726,1728,1735,1692,1745,1751,1756,1747
1770,1771,1732,1740,1778,1723,1745,1766,1712,1723,1746,1712,1727,1729,1743,1703,1753,1758,1769,1752
1770,1771,1732,1740,1778,1723,1745,1766,1712,1723,1746,1712,1727,1729,1743,1703,1753,1758,1769,1752
1772,1776,1742,1758,1783,1727,1748,1768,1718,1728,1750,1720,1737,1737,1746,1712,1772,1761,1774,1754
1772,1776,1742,1758,1783,1727,1748,1768,1718,1728,1750,1720,1737,1737,1746,1712,1772,1761,1774,1754
1779,1783,1752,1764,1785,1732,1754,1771,1720,1732,1754,1725,1745,1739,1750,1720,1776,1766,1777,1757
1779,1783,1752,1764,1785,1732,1754,1771,1720,1732,1754,1725,1745,1739,1750,1720,1776,1766,1777,1757
1784,1785,1757,1768,1791,1742,1758,1776,1722,1742,1755,1736,1753,1743,1756,1725,1779,1781,1783,1765
1784,1785,1757,1768,1791,1742,1758,1776,1722,1742,1755,1736,1753,1743,1756,1725,1779,1781,1783,1765
1787,1788,1773,1780,1795,1752,1763,1777,1727,1748,1760,1749,1765,1748,1760,1736,1780,1787,1788,1767
1787,1788,1773,1780,1795,1752,1763,1777,1727,1748,1760,1749,1765,1748,1760,1736,1780,1787,1788,1767
1790,1791,1774,1784,1797,1762,1764,1794,1731,1762,1763,1759,1768,1762,1763,1749,1782,1790,1791,1782
1790,1791,1774,1784,1797,1762,1764,1794,1731,1762,1763,1759,1768,1762,1763,1749,1782,1790,1791,1782
1797,1800,1777,1787,1804,1774,1773,1795,1749,1785,1764,1771,1779,1781,1769,1757,1784,1799,1795,1789
1797,1800,1777,1787,1804,1774,1773,1795,1749,1785,1764,1771,1779,1781,1769,1757,1784,1799,1795,1789
1799,1804,1789,1790,1807,1788,1786,1798,1761,1793,1769,1778,1780,1782,1781,1765,1786,1800,1801,1792
1799,1804,1789,1790,1807,1788,1786,1798,1761,1793,1769,1778,1780,1782,1781,1765,1786,1800,1801,1792
1803,1807,1792,1799,1810,1792,1789,1800,1770,1801,1773,1796,1786,1793,1794,1778,1797,1802,1803,1804
1803,1807,1792,1799,1810,1792,1789,1800,1770,1801,1773,1796,1786,1793,1794,1778,1797,1802,1803,1804
1806,1813,1805,1803,1813,1805,1793,1809,1796,1805,1794,1798,1801,1802,1802,1796,1798,1806,1807,1810
1806,1813,1805,1803,1813,1805,1793,1809,1796,1805,1794,1798,1801,1802,1802,1796,1798,1806,1807,1810
1812,1815,1814,1806,1815,1814,1808,1810,1811,1814,1808,1809,1811,1812,1808,1809,1811,1812,1815,1813
1812,1815,1814,1806,1815,1814,1808,1810,1811,1814,1808,1809,1811,1812,1808,1809,1811,1812,1815,1813