197,345,242,197,902,153,840,610,1020,980,0,527,0,1010,0,0,1088,464,0,715
197,345,242,197,902,153,840,610,1020,980,0,527,0,1010,0,0,1088,464,0,715
197,345,242,197,752,153,902,612,0,1099,0,527,477,1101,0,792,1129,465,0,0
197,345,242,197,752,153,902,612,0,1099,0,527,477,1101,0,792,1129,465,0,0
197,345,242,197,995,153,923,0,586,1101,0,527,481,0,0,0,0,0,0,718
197,345,242,197,995,153,923,0,586,1101,0,527,481,0,0,0,0,0,0,718
240,378,386,240,841,153,776,941,1038,1106,0,527,1112,0,0,932,0,477,955,0
240,378,386,240,841,153,776,941,1038,1106,0,527,1112,0,0,932,0,477,955,0
240,378,386,240,666,153,260,951,0,0,0,527,0,0,0,0,0,0,0,0
240,378,386,240,666,153,260,951,0,0,0,527,0,0,0,0,0,0,0,0
240,378,386,240,547,153,911,1063,695,1045,763,527,0,0,0,0,0,0,0,0
240,378,386,240,547,153,911,1063,695,1045,763,527,0,0,0,0,0,0,0,0
294,396,518,294,969,153,780,0,725,0,786,527,0,0,0,0,0,0,0,0
294,396,518,294,969,153,780,0,725,0,786,527,0,0,0,0,0,0,0,0
294,396,518,294,987,153,938,1102,776,0,0,527,0,632,0,0,671,853,0,791
294,396,518,294,987,153,938,1102,776,0,0,527,0,632,0,0,671,853,0,791
294,396,518,294,941,954,1040,0,853,671,0,1034,0,0,0,0,672,927,409,824
294,396,518,294,941,954,1040,0,853,671,0,1034,0,0,0,0,672,927,409,824
320,470,538,320,853,0,464,211,1110,860,1020,1114,0,0,247,0,0,956,409,830
320,470,538,320,853,0,464,211,1110,860,1020,1114,0,0,247,0,0,956,409,830
320,470,538,320,967,1048,1091,509,0,955,0,0,0,0,247,0,0,1079,409,841
320,470,538,320,967,1048,1091,509,0,955,0,0,0,0,247,0,0,1079,409,841
320,470,538,320,260,1051,0,595,1002,0,1051,0,0,839,247,509,0,0,409,885
320,470,538,320,260,1051,0,595,1002,0,1051,0,0,839,247,509,0,0,409,885
354,486,557,354,357,0,697,0,0,532,1063,0,0,846,247,532,0,0,409,928
354,486,557,354,357,0,697,0,0,532,1063,0,0,846,247,532,0,0,409,928
354,486,557,354,1102,1058,967,715,0,567,1086,0,595,974,247,0,0,0,409,960
354,486,557,354,1102,1058,967,715,0,567,1086,0,595,974,247,0,0,0,409,960
354,486,557,354,855,1079,1083,947,453,1130,0,260,0,976,247,0,682,0,409,1020
354,486,557,354,855,1079,1083,947,453,1130,0,260,0,976,247,0,682,0,409,1020
390,536,615,390,672,1124,1105,955,0,0,0,0,0,980,247,0,691,0,409,0
390,536,615,390,672,1124,1105,955,0,0,0,0,0,980,247,0,691,0,409,0
390,536,615,390,691,0,806,0,589,0,0,0,666,1106,247,947,0,0,0,1038
390,536,615,390,691,0,806,0,589,0,0,0,666,1106,247,947,0,0,0,1038
390,536,615,390,911,0,465,582,943,0,0,0,759,0,0,0,697,211,0,1086
390,536,615,390,911,0,465,582,943,0,0,0,759,0,0,0,697,211,0,1086
451,550,638,451,1040,0,860,0,0,682,0,464,0,0,0,0,699,0,0,1110
451,550,638,451,1040,0,860,0,0,682,0,464,0,0,0,0,699,0,0,1110
451,550,638,451,943,0,541,739,703,0,0,1136,763,0,0,0,776,1034,0,0
451,550,638,451,943,0,541,739,703,0,0,1136,763,0,0,0,776,1034,0,0
451,550,638,451,1104,0,862,0,731,930,0,0,0,0,0,0,0,1080,786,0
451,550,638,451,1104,0,862,0,731,930,0,0,0,0,0,0,0,1080,786,0
460,577,641,460,464,0,1138,547,732,932,0,0,0,0,0,0,930,1136,967,0
460,577,641,460,464,0,1138,547,732,932,0,0,0,0,0,0,930,1136,967,0
460,577,641,460,1129,310,0,0,1010,0,0,0,825,780,0,0,979,1138,0,0
460,577,641,460,1129,310,0,0,1010,0,0,0,825,780,0,0,979,1138,0,0
460,577,641,460,1130,310,695,659,0,0,0,0,839,0,0,0,1037,0,0,0
460,577,641,460,1130,310,695,659,0,0,0,0,839,0,0,0,1037,0,0,0
474,597,645,474,938,310,703,1045,0,659,0,582,873,0,0,481,0,0,0,0
474,597,645,474,938,310,703,1045,0,659,0,582,873,0,0,481,0,0,0,0
474,597,645,474,580,310,986,1090,748,661,0,0,912,1093,441,0,1058,0,0,0
474,597,645,474,580,310,986,1090,748,661,0,0,912,1093,441,0,1058,0,0,0
474,597,645,474,1138,310,748,1104,751,842,0,671,947,0,441,951,0,0,211,0
474,597,645,474,1138,310,748,1104,751,842,0,671,947,0,441,951,0,0,211,0
495,607,647,495,477,310,0,0,0,0,0,672,979,1114,441,967,1091,0,0,0
495,607,647,495,477,310,0,0,0,0,0,672,979,1114,441,967,1091,0,0,0
495,607,647,495,721,310,864,662,0,403,0,1032,1005,0,441,987,1130,0,0,0
495,607,647,495,721,310,864,662,0,403,0,1032,1005,0,441,987,1130,0,0,0
495,607,647,495,0,310,885,0,996,431,310,1038,1080,0,441,996,0,0,0,0
495,607,647,495,0,310,885,0,996,431,310,1038,1080,0,441,996,0,0,0,0
498,648,649,498,595,715,786,0,0,0,310,1137,1100,0,441,1011,0,830,0,0
498,648,649,498,595,715,786,0,0,0,310,1137,1100,0,441,1011,0,830,0,0
498,648,649,498,956,0,988,980,0,0,310,0,0,0,441,1065,0,0,372,0
498,648,649,498,956,0,988,980,0,0,310,0,0,0,441,1065,0,0,372,0
498,648,649,498,0,759,725,987,0,568,310,0,0,0,441,1084,0,839,0,0
498,648,649,498,0,759,725,987,0,568,310,0,0,0,441,1084,0,839,0,0
534,681,683,534,211,762,1112,0,862,791,310,0,0,662,0,1093,0,854,0,0
534,681,683,534,211,762,1112,0,862,791,310,0,0,662,0,1093,0,854,0,0
534,681,683,534,1046,0,0,0,0,846,310,0,0,902,0,0,527,930,610,0
534,681,683,534,1046,0,0,0,0,846,310,0,0,902,0,0,527,930,610,0
534,681,683,534,1091,0,896,567,349,0,310,911,0,0,0,0,527,987,612,0
534,681,683,534,1091,0,896,567,349,0,310,911,0,0,0,0,527,987,612,0
558,707,736,558,0,0,928,1027,885,117,310,938,0,0,0,0,527,1084,0,0
558,707,736,558,0,0,928,1027,885,117,310,938,0,0,0,0,527,1084,0,0
558,707,736,558,610,781,671,0,0,117,991,966,0,912,0,0,527,0,782,842
558,707,736,558,610,781,671,0,0,117,991,966,0,912,0,0,527,0,782,842
558,707,736,558,632,0,672,0,976,117,1002,974,0,0,0,0,527,0,807,0
558,707,736,558,632,0,672,0,976,117,1002,974,0,0,0,0,527,0,807,0
616,720,741,616,0,830,731,745,0,117,1012,0,541,928,0,0,527,0,993,0
616,720,741,616,0,830,731,745,0,117,1012,0,541,928,0,0,527,0,993,0
616,720,741,616,481,979,993,0,896,117,1016,0,0,986,0,0,527,0,0,1012
616,720,741,616,481,979,993,0,896,117,1016,0,0,986,0,0,527,0,0,1012
616,720,741,616,0,1137,732,431,0,117,1021,0,589,988,0,117,527,0,0,1013
616,720,741,616,0,1137,732,431,0,117,1021,0,589,988,0,117,527,0,0,1013
633,727,768,633,529,0,791,0,423,117,0,0,0,1082,0,117,0,0,0,0
633,727,768,633,529,0,791,0,423,117,0,0,0,1082,0,117,0,0,0,0
633,727,768,633,612,0,1081,721,718,117,0,923,0,1099,0,117,0,0,0,1019
633,727,768,633,612,0,1081,721,718,117,0,923,0,1099,0,117,0,0,0,1019
633,727,768,633,0,0,1084,0,786,0,1066,976,0,1137,0,117,0,732,580,1021
633,727,768,633,0,0,1084,0,786,0,1066,976,0,1137,0,117,0,732,580,1021
708,729,796,708,927,0,0,580,0,0,1104,0,0,0,0,117,0,0,0,1028
708,729,796,708,927,0,0,580,0,0,1104,0,0,0,0,117,0,0,0,1028
708,729,796,708,928,0,453,632,0,517,0,0,732,0,0,117,0,0,995,1045
708,729,796,708,928,0,453,632,0,517,0,0,732,0,0,117,0,0,995,1045
708,729,796,708,0,0,927,0,465,864,0,0,0,0,0,117,357,0,0,1091
708,729,796,708,0,0,927,0,465,864,0,0,0,0,0,117,357,0,0,1091
730,743,831,730,835,142,1010,0,991,1039,0,0,0,0,0,117,703,0,0,1129
730,743,831,730,835,142,1010,0,991,1039,0,0,0,0,0,117,703,0,0,1129
730,743,831,730,960,142,0,357,0,0,0,431,0,0,0,0,0,0,0,0
730,743,831,730,960,142,0,357,0,0,0,431,0,0,0,0,0,0,0,0
730,743,831,730,0,142,1032,752,923,0,0,0,739,739,0,739,0,0,0,0
730,743,831,730,0,142,1032,752,923,0,0,0,739,739,0,739,0,0,0,0
733,764,837,733,582,142,0,1129,954,824,0,465,745,0,409,745,0,938,260,0
733,764,837,733,582,142,0,1129,954,824,0,465,745,0,409,745,0,938,260,0
733,764,837,733,532,142,551,0,0,825,0,0,751,752,409,748,0,943,0,0
733,764,837,733,532,142,551,0,0,825,0,0,751,752,409,748,0,943,0,0
733,764,837,733,1114,142,589,0,855,0,0,0,0,0,409,751,0,993,0,0
733,764,837,733,1114,142,589,0,855,0,0,0,0,0,409,751,0,993,0,0
747,769,866,747,0,142,0,477,956,0,0,0,0,0,409,0,715,1099,951,0
747,769,866,747,0,142,0,477,956,0,0,0,0,0,409,0,715,1099,951,0
747,769,866,747,277,142,349,0,0,829,0,551,0,0,409,1080,721,0,1002,0
747,769,866,747,277,142,349,0,0,829,0,551,0,0,409,1080,721,0,1002,0
747,769,866,747,509,1086,751,517,372,830,0,567,0,0,409,1090,0,0,0,0
778,769,866,778,509,1086,751,517,372,830,0,567,0,0,409,1090,0,0,0,0
778,773,870,778,0,0,0,0,988,835,0,586,792,0,409,0,781,0,0,0
778,773,870,778,0,0,0,0,988,835,0,586,792,0,409,0,781,0,0,0
778,773,870,778,838,0,372,0,993,0,0,873,829,782,409,0,0,0,0,0
778,773,870,778,838,0,372,0,993,0,0,873,829,782,409,0,0,0,0,0
799,773,870,799,0,0,586,873,0,0,0,0,846,792,0,0,0,0,0,0
799,773,870,799,0,0,586,873,0,0,0,0,846,792,0,0,0,0,0,0
799,794,876,799,537,0,0,995,974,165,0,0,878,854,0,0,0,0,277,0
799,794,876,799,537,0,0,995,974,165,0,0,878,854,0,0,0,0,277,0
799,794,876,799,0,0,403,1114,1079,165,409,980,0,862,0,0,0,595,568,0
814,794,876,814,0,0,403,1114,1079,165,409,980,0,862,0,0,0,595,568,0
814,794,876,814,566,0,0,1118,1081,165,409,0,948,0,0,0,835,0,731,0
814,794,876,814,566,0,0,1118,1081,165,409,0,948,0,0,0,835,0,731,0
814,804,879,814,568,0,423,0,1083,165,409,0,986,941,0,0,0,0,748,0
814,804,879,814,568,0,423,0,1083,165,409,0,986,941,0,0,0,0,748,0
822,804,879,822,1038,441,976,0,0,165,409,0,1036,943,0,0,0,695,0,0
822,804,879,822,1038,441,976,0,0,165,409,0,1036,943,0,0,0,695,0,0
822,804,879,822,0,441,1034,0,0,165,409,0,1082,0,0,403,854,0,896,0
822,804,879,822,0,441,1034,0,0,165,409,0,1082,0,0,403,854,0,896,0
822,819,881,822,966,441,0,792,537,165,409,310,1101,951,0,0,864,840,1011,0
845,819,881,845,966,441,0,792,537,165,409,310,1101,951,0,0,864,840,1011,0
845,819,881,845,0,441,718,824,541,165,409,310,0,966,0,0,0,878,0,409
845,819,881,845,0,441,718,824,541,165,409,310,0,966,0,0,0,878,0,409
845,819,881,845,661,441,0,0,551,0,409,310,0,992,153,0,0,0,0,409
845,819,881,845,661,441,0,0,551,0,409,310,0,992,153,0,0,0,0,409
848,844,883,848,697,441,345,277,566,0,0,310,0,1046,153,423,885,974,0,409
848,844,883,848,697,441,345,277,566,0,0,310,0,1046,153,423,885,974,0,409
848,844,883,848,0,441,345,0,0,247,0,310,0,0,153,0,0,1010,0,409
848,844,883,848,0,441,345,0,0,247,0,310,0,0,153,0,0,1010,0,409
848,844,883,848,699,441,345,781,838,247,0,310,0,1088,153,0,0,1103,547,409
851,844,883,851,699,441,518,781,838,247,0,310,0,1088,153,0,0,1103,547,409
851,847,900,851,378,1100,518,782,1105,247,0,310,0,1100,153,0,948,0,0,409
851,847,900,851,378,1100,518,782,1105,247,0,310,0,1100,153,0,948,0,0,409
851,847,900,851,378,0,518,0,0,247,0,310,0,1118,153,537,1039,0,0,409
851,847,900,851,378,0,518,0,0,247,0,310,0,1118,153,537,1039,0,0,409
856,847,900,856,378,0,538,960,0,247,0,0,0,0,153,1100,1040,0,0,409
856,847,900,856,396,0,538,960,0,247,0,0,0,0,153,1100,1040,0,0,409
856,849,901,856,396,0,538,1093,1036,247,0,0,509,0,153,0,1051,0,864,776
856,849,901,856,396,0,538,1093,1036,247,0,0,509,0,153,0,1051,0,864,776
856,849,901,856,396,0,538,0,0,247,0,703,529,0,0,0,1063,0,873,0
857,849,901,857,396,0,557,0,0,247,0,703,529,0,0,0,1063,0,873,0
857,849,901,857,470,0,557,0,0,247,0,0,532,0,0,0,1103,0,0,0
857,849,901,857,470,0,557,0,0,247,0,0,532,0,0,0,1103,0,0,0
857,852,903,857,470,0,557,481,0,0,0,986,537,0,0,0,1112,759,0,838
857,852,903,857,470,0,557,481,0,0,0,986,537,0,0,0,1112,759,0,838
858,852,903,858,470,0,638,842,0,529,0,0,547,0,0,0,1137,0,969,853
858,852,903,858,486,0,638,842,0,529,0,0,547,0,0,0,1137,0,969,853
858,852,903,858,486,409,638,0,806,0,117,0,0,860,0,0,0,762,1106,0
858,852,903,858,486,409,638,0,806,0,117,0,0,860,0,0,0,762,1106,0
858,868,915,858,486,409,638,0,807,0,117,0,0,995,0,0,0,0,0,956
863,868,915,863,486,409,641,0,807,0,117,0,0,995,0,0,0,0,0,956
863,868,915,863,536,409,641,666,0,662,117,0,0,0,0,349,0,0,0,0
863,868,915,863,536,409,641,666,0,662,117,0,0,0,0,349,0,0,0,0
863,868,915,863,536,409,641,0,840,0,117,841,0,0,0,0,0,824,0,1048
863,868,915,863,536,409,641,0,840,0,117,841,0,0,0,0,0,824,0,1048
865,880,920,865,536,409,645,682,841,0,117,846,659,0,117,0,0,825,0,1051
865,880,920,865,550,409,645,682,841,0,117,846,659,0,117,0,0,825,0,1051
865,880,920,865,550,409,645,0,0,242,117,855,691,0,117,0,310,0,310,1058
865,880,920,865,550,409,645,0,0,242,117,855,691,0,117,0,310,0,310,1058
865,880,920,865,550,409,645,691,0,242,117,0,0,0,117,0,310,0,310,1066
867,880,920,867,550,409,648,691,0,242,117,0,0,0,117,0,310,0,310,1066
867,886,933,867,577,409,648,0,243,242,117,860,0,0,117,0,310,829,310,0
867,886,933,867,577,409,648,0,243,386,117,860,0,0,117,0,310,829,310,0
867,886,933,867,577,1012,648,699,243,386,1124,862,0,117,117,529,310,0,310,1079
867,886,933,867,577,1012,648,699,243,386,1124,862,0,117,117,529,310,0,310,1079
869,886,933,869,577,1013,649,0,243,386,0,0,0,117,117,759,310,838,310,1081
869,886,933,869,597,1013,649,0,243,386,0,0,0,117,117,759,310,838,310,1081
869,908,939,869,597,0,649,0,243,460,0,878,932,117,117,0,310,0,310,1083
869,908,939,869,597,0,649,0,243,460,0,878,932,117,117,0,310,0,310,1083
869,908,939,869,597,1016,649,527,243,460,0,896,954,117,117,762,310,0,310,1105
875,908,939,875,597,1016,681,527,243,460,0,896,954,117,117,762,310,0,310,1105
875,908,939,875,607,1019,681,527,243,460,0,927,992,117,0,763,310,0,310,1138
875,908,939,875,607,1019,681,527,243,470,0,927,992,117,0,763,310,0,310,1138
875,959,940,875,607,1021,681,527,243,470,0,991,1037,117,0,0,0,1036,0,0
875,959,940,875,607,1021,681,527,243,470,0,991,1037,117,0,0,0,1036,0,0
891,959,940,891,607,1027,683,527,243,470,0,0,1084,117,0,780,0,1110,0,0
891,959,940,891,707,1027,683,527,243,470,0,0,1084,117,0,780,0,1110,0,0
891,959,940,891,707,1028,683,527,197,536,0,0,1102,117,0,0,0,0,0,0
891,959,940,891,707,1028,683,527,197,536,0,0,1102,117,0,0,0,0,0,0
891,962,965,891,707,1066,683,527,197,536,0,0,0,0,0,912,992,0,349,0
893,962,965,893,707,1066,736,527,197,536,0,0,0,0,0,912,992,0,349,0
893,962,965,893,727,1110,736,527,197,536,0,0,0,0,0,1103,1045,0,357,0
893,962,965,893,727,1110,736,527,378,550,0,0,0,0,0,1103,1045,0,357,0
893,962,965,893,727,0,736,527,378,550,0,0,0,0,0,0,0,0,527,0
893,962,965,893,727,0,736,527,378,550,0,0,0,0,0,0,0,0,527,0
899,970,968,899,727,0,764,240,378,550,0,517,0,423,0,0,1065,0,527,0
899,970,968,899,729,0,764,240,378,550,0,517,0,423,0,0,1065,0,527,0
899,970,968,899,729,0,764,240,486,720,0,632,0,0,0,0,1082,0,527,0
899,970,968,899,729,0,764,240,486,720,0,632,0,0,0,0,1082,0,527,0
899,970,968,899,729,0,764,240,486,720,0,1103,0,0,0,0,1118,142,527,0
905,970,968,905,729,0,768,294,486,720,0,1103,0,0,0,0,1118,142,527,0
905,971,977,905,743,0,768,294,486,720,0,0,0,0,0,0,0,142,527,0
905,971,977,905,743,0,768,294,495,727,0,0,0,0,0,0,0,142,527,0
905,971,977,905,743,0,768,294,495,727,0,0,0,551,0,0,0,142,527,0
905,971,977,905,743,0,768,294,495,727,0,0,0,551,0,0,0,142,527,0
914,971,977,914,743,0,796,354,495,727,142,0,566,0,0,0,0,142,527,0
914,971,977,914,769,0,796,354,495,727,142,0,566,0,0,0,0,142,527,0
914,1000,978,914,769,763,796,354,577,729,142,0,0,567,0,541,0,142,527,0
914,1000,978,914,769,763,796,354,577,729,142,0,0,567,0,541,0,142,527,0
914,1000,978,914,769,0,796,354,577,729,142,0,610,0,0,0,0,142,0,0
931,1000,978,931,769,0,870,390,577,729,142,0,610,0,0,0,0,142,0,0
931,1000,978,931,794,0,870,390,577,729,142,839,0,0,0,0,0,142,0,0
931,1000,978,931,794,0,870,390,597,741,142,839,0,0,0,0,0,142,0,0
931,1006,982,931,794,0,870,390,597,741,142,842,661,580,142,0,153,142,0,0
931,1006,982,931,794,0,870,390,597,741,142,842,661,580,142,0,153,142,0,0
949,1006,982,949,794,782,879,451,597,741,142,0,0,582,142,0,153,1037,517,0
949,1006,982,949,804,782,879,451,597,741,142,0,0,582,142,0,153,1037,517,0
949,1006,982,949,804,0,879,451,607,773,142,932,1088,0,142,0,153,0,0,0
949,1006,982,949,804,0,879,451,607,773,142,932,1088,0,142,0,153,0,0,0
949,1007,983,949,804,0,879,451,607,773,142,1002,1105,0,142,0,153,0,0,153
958,1007,983,958,804,0,881,474,607,773,142,1002,1105,0,142,0,153,0,0,153
958,1007,983,958,819,0,881,474,607,814,153,0,0,0,142,0,153,0,659,153
958,1007,983,958,819,0,881,474,707,814,153,0,0,0,142,0,153,0,659,153
958,1007,983,958,819,0,881,474,707,814,153,0,0,0,142,142,153,0,1102,153
958,1007,983,958,819,0,881,474,707,814,153,0,0,0,142,142,153,0,1102,153
973,1008,989,973,819,0,883,498,707,831,153,0,0,996,142,142,153,0,0,153
973,1008,989,973,844,0,883,498,707,831,153,0,0,996,142,142,153,0,0,153
973,1008,989,973,844,0,883,498,708,831,153,0,0,0,142,142,153,0,0,153
973,1008,989,973,844,0,883,498,708,831,153,0,0,0,142,142,153,0,0,153
973,1008,989,973,844,0,883,498,708,837,153,662,0,0,0,142,441,0,0,153
985,1008,989,985,844,0,903,534,708,837,153,662,0,0,0,142,441,0,0,153
985,1022,1001,985,847,0,903,534,708,837,153,941,0,0,825,142,441,165,0,153
985,1022,1001,985,847,0,903,534,743,837,153,941,0,0,825,142,441,165,0,153
985,1022,1001,985,847,0,903,534,743,845,153,1011,0,0,829,142,441,165,0,153
985,1022,1001,985,847,0,903,534,743,845,153,1011,0,0,829,142,441,165,0,153
990,1022,1001,990,847,0,915,558,743,845,153,0,0,0,0,142,441,165,721,0
990,1022,1001,990,849,0,915,558,743,845,153,0,0,0,0,142,441,165,721,0
990,1026,1003,990,849,242,915,558,769,849,0,0,165,0,911,142,441,165,0,0
990,1026,1003,990,849,242,915,558,769,849,0,0,165,0,911,142,441,165,0,0
990,1026,1003,990,849,242,915,558,769,849,0,0,165,372,954,566,441,165,725,0
997,1026,1003,997,849,242,939,616,769,849,0,0,165,372,954,566,441,165,725,0
997,1026,1003,997,852,242,939,616,794,852,0,0,165,0,992,0,441,165,0,0
997,1026,1003,997,852,386,939,616,794,852,0,0,165,0,992,0,441,165,0,0
997,1030,1014,997,852,386,939,616,794,852,0,277,165,0,1005,0,441,165,745,0
997,1030,1014,997,852,386,939,616,794,852,0,277,165,0,1005,0,441,165,745,0
0,1030,1014,0,852,386,940,633,844,858,0,718,165,0,1012,0,0,165,752,0
0,1030,1014,0,868,386,940,633,844,858,0,718,165,0,1012,0,0,165,752,0
0,1030,1014,0,868,647,940,633,844,858,0,0,165,0,0,0,0,1039,0,0
0,1030,1014,0,868,647,940,633,844,858,0,0,165,0,0,0,0,1039,0,0
0,1044,1017,0,868,647,940,730,847,866,0,902,165,403,1016,0,0,0,0,0
1004,1044,1017,1004,868,647,962,730,847,866,0,902,165,403,1016,0,0,0,0,0
1004,1044,1017,1004,880,647,962,730,847,866,0,948,165,0,1021,0,966,0,988,165
1004,1044,1017,1004,880,720,962,730,847,866,0,948,165,0,1021,0,966,0,988,165
1004,1044,1017,1004,880,720,962,733,851,868,0,0,725,0,1027,0,1005,0,991,165
1004,1044,1017,1004,880,720,962,733,851,868,0,0,725,0,1027,0,1005,0,991,165
1009,1049,1018,1009,880,720,968,733,851,868,912,0,0,0,1032,165,1046,0,1013,165
1009,1049,1018,1009,908,720,968,733,851,868,912,0,0,0,1032,165,1046,0,1013,165
1009,1049,1018,1009,908,741,968,747,857,876,1013,0,731,0,1034,165,0,0,1016,165
1009,1049,1018,1009,908,741,968,747,857,876,1013,0,731,0,1034,165,0,0,1016,165
1009,1049,1018,1009,908,741,968,747,857,876,1019,0,762,0,1036,165,0,0,1019,165
1023,1049,1018,1023,908,741,977,747,857,876,1019,0,762,0,1036,165,0,0,1019,165
1023,1050,1025,1023,959,741,977,778,863,886,1028,0,0,0,0,165,0,0,1020,165
1023,1050,1025,1023,959,773,977,778,863,886,1028,0,0,0,0,165,0,0,1020,165
1023,1050,1025,1023,959,773,977,778,863,886,1048,453,780,586,1048,165,0,243,0,165
1023,1050,1025,1023,959,773,977,778,863,886,1048,453,780,586,1048,165,0,243,0,165
1035,1050,1025,1035,959,773,983,799,867,891,1058,1065,0,0,0,165,0,243,1027,165
1035,1050,1025,1035,970,773,983,799,867,891,1058,1065,0,0,0,165,0,243,1027,165
1035,1052,1029,1035,970,831,983,799,867,891,1136,1081,0,855,1063,165,0,243,1028,0
1035,1052,1029,1035,970,831,983,799,867,891,1136,1081,0,855,1063,165,0,243,1028,0
1035,1052,1029,1035,970,831,983,848,880,893,0,1088,0,0,1065,165,0,243,1032,666
1043,1052,1029,1043,970,831,989,848,880,893,0,1088,0,0,1065,165,0,243,1032,666
1043,1052,1029,1043,971,831,989,848,880,893,0,0,0,878,1066,0,0,243,1037,697
1043,1052,1029,1043,971,837,989,848,880,893,0,0,0,878,1066,0,0,243,1037,697
1043,1054,1031,1043,971,837,989,856,899,900,0,1099,0,960,0,0,0,243,1039,699
1043,1054,1031,1043,971,837,989,856,899,900,0,1099,0,960,0,0,0,243,1039,699
1056,1054,1031,1056,971,837,1001,856,899,900,0,1112,969,969,1080,0,0,243,1040,781
1056,1054,1031,1056,1000,837,1001,856,899,900,0,1112,969,969,1080,0,0,243,1040,781
1056,1054,1031,1056,1000,866,1001,865,908,949,0,1118,996,1005,1082,0,0,243,1046,806
1056,1054,1031,1056,1000,866,1001,865,908,949,0,1118,996,1005,1082,0,0,243,1046,806
1056,1057,1033,1056,1000,866,1001,865,908,949,0,1124,0,0,1090,0,0,1124,1083,835
1059,1057,1033,1059,1000,866,1007,865,908,949,0,1124,0,0,1090,0,0,1124,1083,835
1059,1057,1033,1059,1006,866,1007,869,958,959,0,1130,1093,0,1101,0,0,0,1086,840
1059,1057,1033,1059,1006,876,1007,869,958,959,0,1130,1093,0,1101,0,0,0,1086,840
1059,1057,1033,1059,1006,876,1007,869,958,959,0,0,0,0,1106,0,0,0,1090,0
1059,1057,1033,1059,1006,876,1007,869,958,959,0,0,0,0,1106,0,0,0,1090,0
1062,1060,1042,1062,1006,876,1014,875,970,965,0,0,0,0,0,0,0,0,1104,923
1062,1060,1042,1062,1008,876,1014,875,970,965,0,0,0,0,0,0,0,0,1104,923
1062,1060,1042,1062,1008,886,1014,875,970,965,0,0,0,0,0,243,0,0,0,0
1062,1060,1042,1062,1008,886,1014,875,970,965,0,0,0,0,0,243,0,0,0,0
1062,1060,1042,1062,1008,886,1014,905,971,978,0,0,0,0,0,243,0,0,0,0
1068,1060,1042,1068,1008,886,1018,905,971,978,0,0,0,0,0,243,0,0,0,0
1068,1069,1053,1068,1022,886,1018,905,971,978,0,0,0,431,0,243,0,0,0,0
1068,1069,1053,1068,1022,900,1018,905,971,978,0,0,0,431,0,243,0,0,0,0
1068,1069,1053,1068,1022,900,1018,914,997,982,0,791,0,453,0,243,0,0,0,0
1068,1069,1053,1068,1022,900,1018,914,997,982,0,791,0,453,0,243,0,0,0,0
1073,1069,1053,1073,1022,900,1025,914,997,982,0,0,0,0,0,243,0,247,0,0
1073,1069,1053,1073,1030,900,1025,914,997,982,0,0,0,0,0,243,0,247,0,0
1073,1070,1061,1073,1030,920,1025,931,1000,1003,0,0,0,0,0,243,0,247,661,0
1073,1070,1061,1073,1030,920,1025,931,1000,1003,0,0,0,0,0,243,0,247,661,0
1073,1070,1061,1073,1030,920,1025,931,1000,1003,0,0,0,0,0,243,0,247,0,0
1076,1070,1061,1076,1030,920,1026,931,1000,1003,0,0,0,0,0,243,0,247,0,0
1076,1070,1061,1076,1044,920,1026,973,1006,1008,247,0,568,0,0,243,0,247,0,0
1076,1070,1061,1076,1044,933,1026,973,1006,1008,247,0,568,0,0,243,0,247,0,0
1076,1087,1067,1076,1044,933,1026,973,1006,1008,247,0,0,0,0,589,0,247,0,0
1076,1087,1067,1076,1044,933,1026,973,1006,1008,247,0,0,0,0,589,0,247,0,0
1078,1087,1067,1078,1044,933,1033,985,1009,1017,247,0,612,806,0,0,0,247,0,0
1078,1087,1067,1078,1050,933,1033,985,1009,1017,247,0,612,806,0,0,0,247,0,0
1078,1087,1067,1078,1050,965,1033,985,1009,1017,247,0,0,807,0,0,0,247,0,0
1078,1087,1067,1078,1050,965,1033,985,1009,1017,247,0,0,807,0,0,0,247,0,0
1078,1095,1074,1078,1050,965,1042,990,1050,1023,247,0,682,0,0,807,345,247,0,0
1096,1095,1074,1096,1050,965,1042,990,1050,1023,247,0,682,0,0,807,345,247,0,0
1096,1095,1074,1096,1052,965,1042,990,1050,1023,247,0,695,947,0,0,345,538,0,0
1096,1095,1074,1096,1052,978,1042,990,1050,1023,247,0,695,947,0,0,345,538,0,0
1096,1095,1074,1096,1052,978,1067,0,1052,1029,247,0,1136,948,0,0,645,538,0,0
1096,1095,1074,1096,1052,978,1067,0,1052,1029,247,0,1136,948,0,0,645,538,0,0
1098,1107,1077,1098,1052,978,1067,0,1052,1029,247,0,0,955,0,854,645,538,0,441
1098,1107,1077,1098,1054,978,1067,0,1052,1029,247,0,0,955,0,854,645,683,0,441
1098,1107,1077,1098,1054,982,1070,1004,1054,1031,0,0,0,979,0,930,649,683,0,441
1098,1107,1077,1098,1054,982,1070,1004,1054,1031,0,0,0,979,0,930,649,683,0,441
1098,1107,1077,1098,1054,982,1070,1004,1054,1031,0,0,0,1011,0,0,649,683,0,441
1108,1109,1077,1108,1054,982,1070,1004,1054,1031,0,0,0,1011,0,0,649,683,0,441
1108,1109,1085,1108,1057,982,1074,1035,1056,1044,0,0,0,0,0,0,681,796,0,441
1108,1109,1085,1108,1057,1003,1074,1035,1056,1044,0,0,0,0,0,0,681,796,0,441
1108,1109,1085,1108,1057,1003,1074,1035,1056,1044,0,0,0,0,0,0,681,796,0,441
1108,1109,1085,1108,1057,1003,1074,1035,1056,1044,0,0,0,0,0,0,681,796,0,441
1111,1116,1085,1111,1060,1003,1077,1043,1057,1053,0,0,0,0,0,0,939,883,0,441
1111,1116,1085,1111,1060,1003,1077,1043,1057,1053,0,0,0,0,0,0,939,883,0,441
1111,1116,1092,1111,1060,1017,1077,1043,1057,1053,0,0,0,0,0,0,939,883,0,441
1111,1116,1092,1111,1060,1017,1077,1043,1057,1053,0,0,0,0,0,0,939,883,0,441
1111,1116,1092,1111,1087,1017,1085,1059,1087,1061,0,0,0,0,0,0,983,940,0,441
1122,1119,1092,1122,1087,1017,1085,1059,1087,1061,0,0,0,0,0,0,983,940,0,441
1122,1119,1092,1122,1087,1017,1085,1059,1087,1061,0,0,0,0,0,0,983,940,0,615
1122,1119,1092,1122,1087,1029,1085,1059,1087,1061,0,0,0,0,0,0,983,940,0,615
1122,1119,1094,1122,1095,1029,1092,1062,1095,1069,441,0,243,243,0,0,989,977,0,615
1122,1119,1094,1122,1095,1029,1092,1062,1095,1069,441,0,243,243,0,0,989,977,0,615
1123,1125,1094,1123,1095,1029,1092,1062,1095,1069,441,518,243,243,0,247,989,977,0,647
1123,1125,1094,1123,1095,1029,1092,1062,1095,1069,441,518,243,243,0,247,989,977,0,647
1123,1125,1094,1123,1109,1031,1094,1073,1096,1076,441,518,243,243,0,247,1022,1014,0,647
1123,1125,1094,1123,1109,1031,1094,1073,1096,1076,441,518,243,243,0,247,1022,1014,0,647
1123,1125,1113,1123,1109,1031,1094,1073,1096,1076,441,819,243,243,0,247,1022,1014,0,804
1128,1126,1113,1128,1109,1031,1094,1073,1096,1076,441,819,243,243,0,247,1022,1014,0,804
1128,1126,1113,1128,1116,1049,1107,1078,1123,1109,441,819,243,243,527,247,1025,1049,764,804
1128,1126,1113,1128,1116,1049,1107,1078,1123,1109,441,819,243,243,527,247,1025,1049,764,804
1128,1126,1113,1128,1116,1049,1107,1078,1123,1109,441,822,243,243,527,247,1025,1049,764,881
1128,1126,1113,1128,1116,1049,1107,1078,1123,1109,441,822,243,243,527,247,1025,1049,764,881
1133,1127,1117,1133,1119,1053,1113,1098,1125,1111,441,822,243,243,527,247,1068,1074,768,881
1133,1127,1117,1133,1119,1053,1113,1098,1125,1111,441,822,243,243,527,247,1068,1074,768,881
1133,1127,1117,1133,1119,1053,1113,1098,1125,1111,441,879,243,243,527,247,1068,1074,768,903
1133,1127,1117,1133,1119,1053,1113,1098,1125,1111,441,879,243,243,527,247,1068,1074,768,903
1133,1127,1117,1133,1125,1061,1117,1108,1126,1116,641,879,557,320,527,247,1070,1077,920,903
1134,1131,1120,1134,1125,1061,1117,1108,1126,1116,641,879,557,320,527,247,1070,1077,920,903
1134,1131,1120,1134,1125,1061,1117,1108,1126,1116,641,1007,557,320,527,615,1070,1077,920,933
1134,1131,1120,1134,1125,1061,1117,1108,1126,1116,641,1007,557,320,527,615,1070,1077,920,933
1134,1131,1120,1134,1126,1069,1120,1122,1128,1121,648,1007,736,901,527,615,1092,1085,1018,933
1134,1131,1120,1134,1126,1069,1120,1122,1128,1121,648,1007,736,901,527,615,1092,1085,1018,933
1135,1139,1121,1135,1126,1069,1120,1122,1128,1121,648,1030,736,901,527,638,1092,1085,1018,962
1135,1139,1121,1135,1126,1069,1120,1122,1128,1121,648,1030,736,901,527,638,1092,1085,1018,962
1135,1139,1121,1135,1131,1121,1132,1134,1131,1127,968,1030,1001,915,396,638,1107,1094,1026,962
1135,1139,1121,1135,1131,1121,1132,1134,1131,1127,968,1030,1001,915,396,638,1107,1094,1026,962
1135,1139,1121,1135,1131,1121,1132,1134,1131,1127,968,1119,1001,915,396,870,1107,1094,1026,1033
1140,1141,1132,1140,1131,1121,1132,1134,1131,1127,968,1119,1001,915,396,870,1107,1094,1026,1033
1140,1141,1132,1140,1139,1127,1141,1135,1140,1133,1042,1119,1113,1139,901,870,1117,1120,1060,1033
1140,1141,1132,1140,1139,1127,1141,1135,1140,1133,1042,1132,1113,1139,901,1067,1117,1120,1060,1141
1140,1141,1132,1140,1139,1127,1141,1135,1140,1133,1042,1132,1113,1139,901,1067,1117,1120,1060,1141
1140,1141,1132,1140,1139,1127,1141,1135,1140,1133,1042,1132,1113,1139,901,1067,1117,1120,1060,1141