159,241,91,166,352,153,44,610,452,562,0,527,469,0,417,454,0,464,592,411
159,241,91,166,352,153,44,610,452,562,0,527,469,0,417,454,0,464,592,411
159,241,91,166,25,153,601,612,461,608,0,527,477,0,417,505,0,465,0,411
159,241,91,166,25,153,601,612,461,608,0,527,477,0,417,505,0,465,0,411
159,241,91,166,282,153,248,0,586,0,0,527,481,0,417,530,0,469,0,411
159,241,91,166,282,153,248,0,586,0,0,527,481,0,417,530,0,469,0,411
159,241,91,166,44,153,608,0,605,0,0,527,491,328,417,584,0,477,0,411
159,241,91,166,44,153,608,0,605,0,0,527,491,328,417,584,0,477,0,411
159,241,91,166,35,153,260,471,0,472,169,527,497,433,417,0,0,497,0,411
159,241,91,166,35,153,260,471,0,472,169,527,497,433,417,0,0,497,0,411
166,241,91,197,547,153,584,489,0,489,0,527,521,461,417,0,0,502,0,411
166,276,91,197,547,153,584,489,0,489,0,527,521,461,417,0,0,502,0,411
166,276,175,197,491,153,0,526,0,504,0,527,526,608,417,0,338,0,361,411
166,276,175,197,491,153,0,526,0,504,0,527,526,608,417,0,338,0,361,411
166,276,175,197,462,153,272,0,0,0,0,527,528,0,417,0,0,525,0,411
166,276,175,197,462,153,272,0,0,0,0,527,528,0,417,0,0,525,0,411
166,276,175,197,579,0,433,0,25,0,0,0,530,0,0,0,411,525,409,424
166,276,175,197,579,0,433,0,25,0,0,0,530,0,0,0,411,525,409,424
166,276,175,197,325,0,464,211,169,0,25,0,533,0,247,0,411,525,409,424
166,276,175,197,325,0,464,211,169,0,25,0,533,0,247,0,411,525,409,424
197,276,175,240,181,0,0,509,346,35,0,248,539,0,247,25,411,525,409,424
197,276,175,240,181,0,0,509,346,35,0,248,539,0,247,25,411,525,409,424
197,292,175,240,260,0,515,595,0,444,0,0,555,0,247,509,411,525,409,424
197,292,175,240,260,0,515,595,0,444,0,0,555,0,247,509,411,525,409,424
197,292,242,240,357,0,0,0,352,532,411,0,573,0,247,532,411,525,409,424
197,292,242,240,357,0,0,0,352,532,411,0,573,0,247,532,411,525,409,424
197,292,242,240,526,0,181,0,0,567,411,0,595,0,247,601,411,525,409,424
197,292,242,240,526,0,181,0,0,567,411,0,595,0,247,601,411,525,409,424
197,292,242,240,169,0,0,422,453,0,411,260,0,0,247,0,411,525,409,424
197,292,242,240,169,0,0,422,453,0,411,260,0,0,247,0,411,525,409,424
240,292,242,294,188,0,419,469,0,0,411,0,0,0,247,0,411,0,409,424
240,292,242,294,188,0,419,469,0,0,411,0,0,0,247,0,411,0,409,424
240,292,242,294,528,287,462,491,589,0,411,0,0,44,247,0,525,0,0,0
240,296,242,294,528,287,462,491,589,0,411,0,0,44,247,0,525,0,0,0
240,296,242,294,402,299,465,582,0,186,411,0,0,434,400,0,525,211,0,0
240,296,242,294,402,299,465,582,0,186,411,0,0,434,400,0,525,211,0,0
240,296,245,294,338,300,521,592,0,188,411,464,0,462,400,0,525,0,0,0
240,296,245,294,338,300,521,592,0,188,411,464,0,462,400,0,525,0,0,0
240,296,245,294,471,0,541,0,0,202,411,496,0,471,400,0,525,0,169,0
240,296,245,294,471,0,541,0,0,202,411,496,0,471,400,0,525,0,169,0
294,296,245,320,592,0,0,0,0,579,424,502,0,496,400,202,525,0,0,0
294,296,245,320,592,0,0,0,0,579,424,502,0,496,400,202,525,0,0,0
294,296,245,320,464,0,325,547,0,581,424,513,0,511,400,0,525,0,0,0
294,296,245,320,464,0,325,547,0,581,424,513,0,511,400,0,525,0,0,0
294,302,245,320,407,310,346,594,61,0,424,544,0,0,400,0,525,0,0,0
294,302,245,320,407,310,346,594,61,0,424,544,0,0,400,0,525,0,0,0
294,302,245,320,186,310,0,0,61,0,424,562,0,0,400,0,525,0,0,0
294,302,245,320,186,310,0,0,61,0,424,562,0,0,400,0,525,0,0,0
294,302,265,320,404,310,375,0,61,0,424,582,0,0,400,481,100,0,0,0
294,302,265,320,404,310,375,0,61,0,424,582,0,0,400,481,100,0,0,0
320,302,265,326,580,310,377,287,61,328,424,599,0,0,441,526,100,35,35,0
320,302,265,326,580,310,377,287,61,328,424,599,0,0,441,526,100,35,35,0
320,302,265,326,328,310,381,0,61,0,424,0,0,0,441,533,100,513,211,316
320,302,265,326,328,310,381,0,61,0,424,0,0,0,441,533,100,513,211,316
320,302,265,326,477,310,0,300,61,330,424,0,132,0,441,0,100,515,0,0
320,341,265,326,477,310,0,300,61,330,424,0,132,0,441,0,100,515,0,0
320,341,265,326,361,310,387,0,61,403,0,0,132,0,441,0,100,520,0,0
320,341,265,326,361,310,387,0,61,403,0,0,132,0,441,0,100,520,0,0
320,341,265,326,561,310,0,0,61,431,310,0,132,0,441,0,100,520,0,325
320,341,265,326,561,310,0,0,61,431,310,0,132,0,441,0,100,520,0,325
326,341,275,336,595,400,562,402,0,496,310,0,132,0,441,0,100,520,371,0
326,341,275,336,595,400,562,402,0,496,310,0,132,0,441,0,100,520,371,0
326,341,275,336,202,400,0,426,338,0,310,0,132,286,441,0,100,520,372,328
326,341,275,336,202,400,0,426,338,0,310,0,132,286,441,0,100,520,372,328
326,341,275,336,422,400,443,444,0,568,310,100,132,287,441,0,0,520,0,0
326,341,275,336,422,400,443,444,0,568,310,100,132,287,441,0,0,520,0,0
326,345,275,336,211,400,497,496,0,0,310,100,132,0,413,0,44,520,375,330
326,345,275,336,211,400,497,496,0,0,310,100,132,0,413,0,44,520,375,330
326,345,275,336,286,400,555,561,0,0,310,100,132,0,413,181,527,520,610,0
326,345,275,336,286,400,555,561,0,0,310,100,132,0,413,181,527,520,610,0
336,345,275,354,426,400,573,567,349,0,310,100,0,0,413,0,527,520,612,0
336,345,303,354,426,400,573,567,349,0,310,100,0,0,413,0,527,520,612,0
336,345,303,354,434,400,0,574,0,117,310,100,0,0,413,0,527,0,0,338
336,345,303,354,434,400,0,574,0,117,310,100,0,0,413,0,527,0,0,338
336,345,303,354,610,400,100,602,0,117,371,100,444,0,413,0,527,0,0,400
336,345,303,354,610,400,100,602,0,117,371,100,444,0,413,0,527,0,0,400
336,345,303,354,330,0,100,0,0,117,0,100,0,0,413,0,527,0,0,400
336,376,303,354,330,0,100,0,0,117,0,100,0,0,413,0,527,0,0,400
336,376,303,354,469,0,100,0,418,117,375,100,541,0,413,0,527,0,0,400
336,376,303,354,469,0,100,0,418,117,375,100,541,0,413,0,527,0,0,400
354,376,303,390,481,132,100,404,419,117,377,0,0,0,413,0,527,0,0,400
354,376,303,390,481,132,100,404,419,117,377,0,0,0,413,0,527,0,0,400
354,376,318,390,521,132,100,431,0,117,381,272,589,352,519,117,527,0,0,400
354,376,318,390,521,132,100,431,0,117,381,272,589,352,519,117,527,0,0,400
354,376,318,390,529,132,100,472,423,117,0,0,601,0,519,117,0,0,0,400
354,376,318,390,529,132,100,472,423,117,0,0,601,0,519,117,0,0,0,400
354,376,318,390,612,132,100,0,433,117,387,402,0,422,519,117,282,186,579,400
354,376,318,390,612,132,100,0,433,117,387,402,0,422,519,117,282,186,579,400
354,378,318,390,497,132,100,505,0,513,0,404,0,443,519,117,287,61,580,400
354,378,318,390,497,132,100,505,0,513,0,404,0,443,519,117,287,61,580,400
390,378,318,393,530,132,452,580,443,515,400,407,0,599,519,117,0,61,602,435
390,378,318,393,530,132,452,580,443,515,400,407,0,599,519,117,0,61,602,435
390,378,318,393,505,132,453,0,454,517,400,0,0,0,519,117,0,61,0,435
390,378,350,393,505,132,453,0,454,517,400,0,0,0,519,117,0,61,0,435
390,378,350,393,581,132,454,0,465,533,400,418,0,0,519,117,357,61,0,435
390,378,350,393,581,132,454,0,465,533,400,418,0,0,519,117,357,61,0,435
390,378,350,393,248,142,456,0,511,594,400,422,0,0,519,117,0,61,0,435
390,378,350,393,248,142,456,0,511,594,400,422,0,0,519,117,0,61,0,435
390,378,350,393,502,142,461,357,599,0,400,431,0,0,0,555,361,61,0,435
390,396,350,393,502,142,461,357,599,0,400,431,0,0,0,555,361,61,0,435
393,396,350,395,316,142,0,361,0,0,400,434,0,0,0,0,0,61,0,435
393,396,350,395,316,142,0,361,0,0,400,434,0,0,0,0,0,61,0,435
393,396,350,395,582,142,482,0,0,0,400,465,0,0,409,0,0,61,260,435
393,396,350,395,582,142,482,0,0,0,400,465,0,0,409,0,0,61,260,435
393,396,359,395,532,142,551,407,0,136,400,482,0,0,409,0,0,0,0,435
393,396,359,395,532,142,551,407,0,136,400,482,0,0,409,0,0,0,0,435
393,396,359,395,544,142,589,0,0,136,435,504,0,0,409,0,435,424,0,413
393,396,359,395,544,142,589,0,0,136,435,504,0,0,409,0,435,424,0,413
393,396,359,395,272,142,0,477,0,136,435,515,0,0,409,0,435,424,0,413
393,396,359,395,272,142,0,477,0,136,435,515,0,0,409,0,435,424,0,413
395,410,359,398,277,142,349,502,371,136,435,551,0,0,409,0,435,424,0,413
395,410,359,398,277,142,349,502,371,136,435,551,0,0,409,0,435,424,0,413
395,410,359,398,509,435,0,517,372,136,435,567,61,61,409,0,435,424,0,413
395,410,359,398,509,435,0,517,372,136,435,567,61,61,409,0,435,424,0,413
395,410,359,398,511,435,371,519,0,136,435,586,61,61,409,61,435,424,0,413
395,410,365,398,511,435,371,519,0,136,435,586,61,61,409,61,435,424,0,413
395,410,365,398,533,435,372,519,375,136,435,608,61,61,409,61,435,424,272,413
395,410,365,398,533,435,372,519,375,136,435,608,61,61,409,61,435,424,272,413
395,410,365,398,555,435,586,519,377,136,435,0,61,61,424,61,435,424,0,413
395,410,365,398,555,435,586,519,377,136,435,0,61,61,424,61,435,424,0,413
398,410,365,451,537,435,0,519,381,165,435,0,61,61,424,61,435,424,277,413
398,468,365,451,537,435,0,519,381,165,435,0,61,61,424,61,435,424,277,413
398,468,365,451,539,435,403,519,387,165,409,0,61,61,424,61,522,595,568,0
398,468,365,451,539,435,403,519,387,165,409,0,61,61,424,61,522,595,568,0
398,468,365,451,566,435,418,519,450,165,409,0,61,61,424,61,522,0,0,0
398,468,365,451,566,435,418,519,450,165,409,0,61,61,424,61,522,0,0,0
398,468,386,451,568,435,423,519,456,165,409,0,61,61,424,61,522,0,0,0
398,468,386,451,568,435,423,519,456,165,409,0,61,61,424,61,522,0,0,0
398,468,386,451,574,441,450,519,482,165,409,0,0,0,424,61,522,0,0,0
398,468,386,451,574,441,450,519,482,165,409,0,0,0,424,61,522,0,0,0
451,468,386,457,605,441,0,544,530,165,409,202,0,0,424,403,522,0,0,0
451,468,386,457,605,441,0,544,530,165,409,202,0,0,424,403,522,0,0,0
451,470,386,457,241,441,513,0,537,165,409,310,0,325,424,0,522,0,0,188
451,470,386,457,241,441,513,0,537,165,409,310,0,325,424,0,522,0,0,188
451,470,386,457,241,441,599,0,541,165,409,310,0,330,0,0,522,0,0,409
451,470,386,457,241,441,599,0,541,165,409,310,0,330,0,0,522,0,0,409
451,470,386,457,241,441,0,0,551,0,409,310,0,452,153,0,522,0,188,409
451,470,406,457,241,441,0,0,551,0,409,310,0,452,153,0,522,0,188,409
451,470,406,457,241,441,199,277,566,0,417,310,0,482,153,423,0,100,0,409
451,470,406,457,241,441,199,277,566,0,417,310,0,482,153,423,0,100,0,409
457,470,406,458,241,441,199,0,573,247,417,310,0,0,153,472,0,100,0,409
457,470,406,458,276,441,199,0,573,247,417,310,0,0,153,472,0,100,0,409
457,470,406,458,276,441,199,282,0,247,417,310,0,0,153,491,520,100,547,409
457,484,406,458,276,441,199,282,0,247,417,310,0,0,153,491,520,100,547,409
457,484,406,458,276,0,199,286,584,247,417,310,0,0,153,528,520,100,561,409
457,484,406,458,276,0,199,286,584,247,417,310,0,0,153,528,520,100,561,409
457,484,406,458,276,0,199,0,601,247,417,310,0,0,153,537,520,100,581,409
457,484,406,458,276,0,199,0,601,247,417,310,0,0,153,537,520,100,581,409
457,484,438,458,276,0,199,299,0,247,417,471,505,0,153,0,520,100,0,409
457,484,438,458,276,0,199,299,0,247,417,471,505,0,153,0,520,100,0,409
458,484,438,460,292,0,199,0,0,247,417,489,509,0,153,0,520,100,0,417
458,484,438,460,292,0,199,0,0,247,417,489,509,0,153,0,520,100,0,417
458,484,438,460,292,0,199,316,0,247,417,522,529,0,425,0,520,100,0,417
458,484,438,460,292,0,199,316,0,247,417,522,529,0,425,0,520,100,0,417
458,486,438,460,292,0,525,434,0,247,0,522,532,0,425,0,520,573,0,417
458,486,438,460,292,0,525,434,0,247,0,522,532,0,425,0,520,573,0,417
458,486,438,460,292,0,525,481,0,528,0,522,537,0,425,0,520,0,0,417
458,486,438,460,292,0,525,481,0,528,0,522,537,0,425,0,520,0,0,417
458,486,438,460,292,0,525,504,234,529,0,522,547,0,425,0,0,0,0,417
458,486,445,460,341,0,525,504,234,529,0,522,547,0,425,0,0,0,0,417
460,486,445,474,341,409,525,0,234,539,117,522,561,100,425,0,0,0,299,417
460,486,445,474,341,409,525,0,234,539,117,522,561,100,425,0,0,0,299,417
460,486,445,474,341,409,525,0,234,602,117,522,581,100,425,346,0,0,300,417
460,486,445,474,341,409,525,0,234,602,117,522,581,100,425,346,0,0,300,417
460,486,445,474,341,409,525,0,234,0,117,522,605,100,425,349,0,0,0,417
460,500,445,474,341,409,525,0,234,0,117,522,605,100,425,349,0,0,0,417
460,500,445,474,341,409,525,192,234,0,117,522,0,100,425,0,0,0,0,0
460,500,445,474,341,409,525,192,234,0,117,522,0,100,425,0,0,0,0,0
460,500,445,474,376,409,525,192,234,0,117,0,0,100,117,419,300,0,0,0
460,500,445,474,376,409,525,192,234,0,117,0,0,100,117,419,300,0,0,0
474,500,467,479,376,409,159,192,234,520,117,0,0,100,117,426,310,132,310,0
474,500,467,479,376,409,159,192,234,520,117,0,0,100,117,426,310,132,310,0
474,500,467,479,376,409,159,192,234,520,117,0,0,100,117,444,310,132,310,0
474,500,467,479,376,409,159,192,234,520,117,0,0,100,117,444,310,132,310,0
474,500,467,479,376,409,159,192,243,520,117,0,0,100,117,0,310,132,310,0
474,500,467,479,376,409,159,192,243,520,117,0,0,100,117,0,310,132,310,0
474,512,467,479,378,411,159,192,243,520,132,0,0,117,117,529,310,132,310,0
474,512,467,479,378,411,159,192,243,520,132,0,0,117,117,529,310,132,310,0
474,512,467,479,378,411,159,192,243,520,132,574,0,117,117,539,310,132,310,0
479,512,467,479,378,411,245,192,243,520,132,574,0,117,117,539,310,132,310,0
479,512,467,483,378,411,245,192,243,520,132,594,0,117,117,0,310,132,310,0
479,512,476,483,378,411,245,192,243,520,132,594,0,117,117,0,310,132,310,0
479,512,476,483,378,411,245,527,243,520,132,0,0,117,117,0,310,132,310,0
479,512,476,483,378,411,245,527,243,520,132,0,0,117,117,0,310,132,310,0
479,512,476,483,396,411,245,527,243,520,132,0,0,117,0,0,310,132,310,0
479,512,476,483,396,411,245,527,243,520,132,0,0,117,0,0,310,132,310,0
479,512,476,483,396,411,245,527,243,242,132,0,0,117,0,0,519,136,0,0
479,524,476,483,396,411,245,527,243,242,132,0,0,117,0,0,519,136,0,0
483,524,476,483,396,411,302,527,243,242,132,0,0,117,0,0,519,136,346,0
483,524,476,483,396,411,302,527,243,242,132,0,0,117,0,0,519,136,346,0
483,524,476,487,396,411,302,527,522,242,132,0,0,117,0,0,519,136,0,425
483,524,476,487,396,411,302,527,522,242,132,0,0,117,0,0,519,136,0,425
483,524,490,487,410,413,302,527,522,242,425,0,136,0,0,0,519,136,349,425
483,524,490,487,410,413,302,527,522,242,425,0,136,0,0,0,519,136,349,425
483,524,490,487,410,413,302,527,522,265,425,0,136,418,0,132,519,136,357,425
483,524,490,487,410,413,302,527,522,265,425,0,136,418,0,132,519,136,357,425
483,524,490,487,410,413,302,527,522,265,425,186,136,419,0,132,519,136,527,425
487,524,490,487,410,413,318,527,522,265,425,186,136,419,0,132,519,136,527,425
487,531,490,487,410,413,318,166,522,265,425,517,136,423,0,132,519,136,527,425
487,531,490,487,410,413,318,166,522,265,425,517,136,423,0,132,519,136,527,425
487,531,490,488,470,413,318,166,522,265,425,519,136,456,136,132,519,136,527,425
487,531,490,488,470,413,318,166,522,265,425,519,136,456,136,132,519,136,527,425
487,531,490,488,470,413,318,166,522,275,425,519,136,489,136,132,0,142,527,425
487,531,494,488,470,413,318,166,522,275,425,519,136,489,136,132,0,142,527,425
487,531,494,488,470,413,318,166,522,275,425,519,136,544,136,132,0,142,527,425
487,531,494,488,470,413,318,166,522,275,425,519,136,544,136,132,0,142,527,425
488,531,494,488,470,413,345,240,197,275,425,519,136,551,136,132,0,142,527,136
488,531,494,488,470,413,345,240,197,275,425,519,136,551,136,132,0,142,527,136
488,531,494,488,484,417,345,240,197,275,142,519,566,562,136,132,0,142,527,136
488,536,494,488,484,417,345,240,197,275,142,519,566,562,136,132,0,142,527,136
488,536,494,495,484,417,345,240,197,296,142,519,584,567,136,541,0,142,527,136
488,536,494,495,484,417,345,240,197,296,142,519,584,567,136,541,0,142,527,136
488,536,494,495,484,417,345,240,197,296,142,519,610,574,136,0,0,142,0,136
488,536,494,495,484,417,345,240,197,296,142,519,610,574,136,0,0,142,0,136
488,536,510,495,484,417,345,294,241,296,142,519,0,579,136,0,0,142,0,136
495,536,510,495,484,417,359,294,241,296,142,519,0,579,136,0,0,142,0,136
495,536,510,495,486,417,359,294,241,296,142,520,0,580,142,0,153,142,181,136
495,536,510,495,486,417,359,294,241,296,142,520,0,580,142,0,153,142,181,136
495,536,510,495,486,417,359,294,241,303,142,520,0,582,142,0,153,605,517,136
495,536,510,495,486,417,359,294,241,303,142,520,0,582,142,0,153,605,517,136
495,543,510,498,486,417,359,294,241,303,142,520,0,594,142,0,153,0,519,136
495,543,510,498,486,417,359,294,241,303,142,520,0,594,142,0,153,0,519,136
495,543,510,498,486,417,359,326,276,303,142,520,0,0,142,0,153,0,519,153
495,543,510,498,486,417,359,326,276,303,142,520,0,0,142,0,153,0,519,153
498,543,510,498,500,424,438,326,276,303,153,520,0,0,142,0,153,0,519,153
498,543,518,498,500,424,438,326,276,303,153,520,0,0,142,0,153,0,519,153
498,543,518,498,500,424,438,326,276,365,153,520,0,0,142,142,153,0,519,153
498,543,518,498,500,424,438,326,276,365,153,520,0,0,142,142,153,0,519,153
498,543,518,498,500,424,438,326,276,365,153,520,0,0,142,142,153,0,519,153
498,543,518,498,500,424,438,326,276,365,153,520,0,0,142,142,153,0,519,153
498,543,518,516,500,424,438,336,292,365,153,520,0,0,142,142,153,0,519,153
498,545,518,516,500,424,438,336,292,365,153,520,0,0,142,142,153,0,519,153
498,545,518,516,512,424,467,336,292,365,153,0,0,0,520,142,441,0,519,153
516,545,518,516,512,424,467,336,292,365,153,0,0,0,520,142,441,0,519,153
516,545,518,516,512,424,467,336,292,386,153,0,0,0,520,142,441,165,519,153
516,545,518,516,512,424,467,336,292,386,153,0,0,0,520,142,441,165,519,153
516,545,538,516,512,424,467,336,292,386,153,0,0,0,520,142,441,165,521,153
516,545,538,516,512,424,467,336,292,386,153,0,0,0,520,142,441,165,521,153
516,545,538,516,512,424,467,354,341,386,153,0,0,0,520,142,441,165,522,0
516,545,538,516,512,424,467,354,341,386,153,0,0,0,520,142,441,165,522,0
516,545,538,523,524,425,468,354,341,386,413,0,165,0,520,142,441,165,522,0
516,545,538,523,524,425,468,354,341,386,413,0,165,0,520,142,441,165,522,0
523,550,538,523,524,425,468,354,341,406,413,0,165,372,520,566,441,165,522,0
523,550,538,523,524,425,468,354,341,406,413,0,165,372,520,566,441,165,522,0
523,550,538,523,524,425,468,354,341,406,413,0,165,387,520,0,441,165,522,0
523,550,538,523,524,425,468,354,341,406,413,0,165,387,520,0,441,165,522,0
523,550,538,523,524,425,468,390,376,406,413,277,165,0,520,0,441,165,522,0
523,550,553,523,524,425,468,390,376,406,413,277,165,0,520,0,441,165,522,0
523,550,553,523,531,425,476,390,376,406,413,0,165,0,435,0,0,165,522,0
523,550,553,523,531,425,476,390,376,458,413,0,165,0,435,0,0,165,522,0
523,550,553,534,531,425,476,390,376,458,413,0,165,402,435,0,0,0,522,0
534,550,553,534,531,425,476,390,376,458,413,0,165,402,435,0,0,0,522,0
534,550,553,534,531,425,476,390,376,458,413,282,165,403,435,0,0,0,522,0
534,556,553,534,531,425,476,390,376,458,413,282,165,403,435,0,0,0,522,0
534,556,553,534,531,425,476,393,378,458,413,0,165,404,435,0,0,0,0,165
534,556,553,534,531,425,476,393,378,458,413,0,165,404,435,0,0,0,0,165
534,556,553,534,536,91,490,393,378,460,0,286,0,407,435,0,0,0,0,165
534,556,553,534,536,91,490,393,378,460,0,286,0,407,435,0,0,0,0,165
534,556,557,534,536,91,490,393,378,460,0,299,0,0,435,165,0,0,0,165
534,556,557,534,536,91,490,393,378,460,0,299,0,0,435,165,0,0,0,165
540,556,557,540,536,91,490,393,378,460,0,0,0,0,435,165,0,0,0,165
540,556,557,540,536,91,490,393,378,460,0,0,0,0,435,165,0,0,0,165
540,556,557,540,536,91,490,395,398,460,0,443,0,426,435,165,0,0,0,165
540,556,557,540,536,91,490,395,398,470,0,443,0,426,435,165,0,0,0,165
540,569,557,540,543,175,494,395,398,470,0,452,0,450,522,165,417,0,377,165
540,569,557,540,543,175,494,395,398,470,0,452,0,450,522,165,417,0,377,165
540,569,557,540,543,175,494,395,398,470,0,453,0,586,522,165,417,243,381,165
540,569,557,540,543,175,494,395,398,470,0,453,0,586,522,165,417,243,381,165
540,569,557,540,543,175,494,395,398,470,0,454,0,602,522,165,417,243,413,165
549,569,559,549,543,175,494,395,398,470,0,454,0,602,522,165,417,243,413,165
549,569,559,549,543,175,494,451,410,479,0,456,0,0,522,165,417,243,413,0
549,569,559,549,543,175,494,451,410,479,0,456,0,0,522,165,417,243,413,0
549,569,559,549,545,242,510,451,410,479,199,461,199,0,522,165,417,243,413,0
549,569,559,549,545,242,510,451,410,479,199,461,199,0,522,165,417,243,413,0
549,569,559,549,545,242,510,451,410,479,199,462,199,0,522,199,417,243,413,0
549,571,559,549,545,242,510,451,410,479,199,462,199,0,522,199,417,243,413,0
549,571,559,549,545,242,510,451,410,479,199,0,199,0,522,199,417,243,413,0
549,571,559,549,545,242,510,451,484,487,199,0,199,0,522,199,417,243,413,0
554,571,559,554,545,242,510,474,484,487,199,472,199,0,522,199,417,243,413,0
554,571,559,554,545,242,510,474,484,487,199,472,199,0,522,199,417,243,413,0
554,571,564,554,550,265,518,474,484,487,199,0,199,0,192,199,425,243,413,0
554,571,564,554,550,265,518,474,484,487,199,0,199,0,192,199,425,243,413,0
554,571,564,554,550,265,518,474,484,487,199,0,199,0,192,199,425,0,413,0
554,571,564,554,550,265,518,474,484,487,199,0,199,0,192,199,425,0,413,0
554,571,564,554,550,265,518,474,486,500,199,525,199,0,192,199,425,0,0,0
554,571,564,554,550,265,518,474,486,500,199,525,199,0,192,199,425,0,0,0
554,576,564,554,550,265,518,483,486,500,199,525,199,0,192,199,425,0,0,192
558,576,564,558,550,265,518,483,486,500,199,525,199,0,192,199,425,0,0,192
558,576,564,558,556,275,538,483,486,500,0,525,192,0,192,199,425,0,352,192
558,576,564,558,556,275,538,483,486,500,0,525,192,0,192,199,425,0,352,192
558,576,564,558,556,275,538,483,486,500,0,525,192,316,192,243,425,0,0,192
558,576,570,558,556,275,538,483,495,524,0,525,192,316,192,243,425,0,0,192
558,576,570,558,556,275,538,483,495,524,0,525,192,0,192,243,425,0,0,192
558,576,570,558,556,275,538,483,495,524,0,525,192,0,192,243,425,0,0,192
558,576,570,558,556,275,538,488,495,524,0,525,192,431,192,243,425,0,400,192
558,576,570,558,556,275,538,488,495,524,0,525,192,431,192,243,425,0,400,192
565,576,570,565,569,296,553,488,495,524,0,525,192,453,411,243,0,0,400,192
565,577,570,565,569,296,553,488,495,524,0,525,192,453,411,243,0,0,400,192
565,577,570,565,569,296,553,488,512,536,0,525,192,504,411,243,0,247,400,192
565,577,570,565,569,296,553,488,512,536,0,525,192,504,411,243,0,247,400,192
565,577,570,565,569,296,553,488,512,536,0,0,192,0,411,243,0,247,400,192
565,577,570,565,569,296,553,488,512,536,0,0,192,0,411,243,0,247,400,192
565,577,572,565,569,296,553,498,512,536,0,0,192,0,411,243,0,247,400,0
565,577,572,565,569,296,553,498,512,536,0,0,192,0,411,243,0,247,400,0
565,577,572,565,571,303,557,498,512,536,247,0,568,0,411,243,0,247,400,0
578,577,572,578,571,303,557,498,516,545,247,0,568,0,411,243,0,247,400,0
578,577,572,578,571,303,557,498,516,545,247,433,592,0,411,589,0,247,400,0
578,577,572,578,571,303,557,498,516,545,247,433,592,0,411,589,0,247,400,0
578,583,572,578,571,303,557,498,516,545,247,0,612,0,411,0,0,247,400,0
578,583,572,578,571,303,557,498,516,545,247,0,612,0,411,0,0,247,400,0
578,583,572,578,571,303,557,523,516,545,247,450,0,0,411,0,0,247,0,0
578,583,572,578,571,303,557,523,516,545,247,450,0,0,411,0,0,247,0,0
578,583,572,578,576,350,559,523,531,550,247,0,0,0,525,0,192,247,199,0
578,583,593,578,576,350,559,523,531,550,247,0,0,0,525,0,192,247,199,0
585,583,593,585,576,350,559,523,531,550,247,511,0,0,525,0,192,245,199,0
585,583,593,585,576,350,559,523,531,550,247,511,0,0,525,0,192,245,199,0
585,583,593,585,576,350,559,523,531,550,247,0,0,0,525,0,192,245,199,0
585,583,593,585,576,350,559,523,531,550,247,0,0,0,525,0,192,245,199,0
585,590,593,585,576,350,559,534,531,550,247,0,0,0,525,0,192,245,199,441
585,590,593,585,576,350,559,534,540,556,247,0,0,0,525,0,192,245,199,441
585,590,593,585,577,365,564,534,540,556,0,0,0,234,525,0,192,245,199,441
585,590,593,585,577,365,564,534,540,556,0,0,0,234,525,0,192,302,199,441
585,590,593,585,577,365,564,534,540,556,0,0,0,234,525,234,192,302,199,441
591,590,593,591,577,365,564,534,540,556,0,0,0,234,525,234,192,302,199,441
591,590,600,591,577,365,564,534,540,556,0,0,0,234,525,234,192,302,199,441
591,590,600,591,577,365,564,534,540,556,0,0,0,234,525,234,192,302,199,441
591,590,600,591,577,365,564,549,554,569,0,0,0,234,525,234,192,302,199,441
591,590,600,591,577,365,564,549,554,569,0,0,0,234,525,234,192,302,199,441
591,596,600,591,583,386,572,549,554,569,0,0,0,234,234,234,175,467,248,441
591,596,600,591,583,386,572,549,554,569,0,0,0,234,234,234,175,467,248,441
591,596,600,591,583,386,572,549,554,569,0,0,0,234,234,234,175,467,0,441
591,596,600,591,583,386,572,549,554,569,0,0,0,234,234,234,175,467,0,441
598,596,600,598,583,386,572,549,554,569,0,0,0,234,234,234,175,467,0,441
598,596,600,598,583,386,572,558,577,570,0,0,0,234,234,234,175,467,0,441
598,596,600,598,583,386,572,558,577,570,0,0,0,234,234,234,175,467,0,234
598,596,604,598,583,386,572,558,577,570,0,0,0,234,234,234,345,476,0,234
598,596,604,598,590,406,593,558,577,570,441,0,243,243,234,234,345,476,0,234
598,596,604,598,590,406,593,558,577,570,441,0,243,243,234,234,345,476,0,234
598,597,604,598,590,406,593,558,577,570,441,457,243,243,234,247,345,476,0,234
598,597,604,598,590,406,593,558,577,570,441,457,243,243,234,247,345,476,0,234
598,597,604,598,590,406,593,565,585,583,441,457,243,243,234,247,345,476,0,234
603,597,604,603,590,406,593,565,585,583,441,457,243,243,234,247,345,476,0,234
603,597,604,603,590,406,593,565,585,583,441,457,243,243,234,247,468,490,0,234
603,597,604,603,590,406,593,565,585,583,441,457,243,243,234,247,468,490,0,234
603,597,604,603,596,570,600,565,585,583,441,457,243,243,527,247,468,490,350,234
603,597,604,603,596,570,600,565,585,583,441,457,243,243,527,247,468,490,350,234
603,597,609,603,596,570,600,565,585,583,441,518,243,243,527,247,468,490,350,234
603,597,609,603,596,570,600,598,596,591,441,518,243,243,527,247,468,490,350,234
603,607,609,603,596,570,600,598,596,591,441,518,243,243,527,247,468,490,350,234
603,607,609,603,596,570,600,598,596,591,441,518,243,243,527,247,571,538,350,234
606,607,609,606,596,570,600,598,596,591,441,518,243,243,527,247,571,538,359,91
606,607,609,606,596,570,600,598,596,591,441,518,243,243,527,247,571,538,359,91
606,607,609,606,597,611,604,598,596,591,553,518,159,320,527,247,571,538,359,91
606,607,609,606,597,611,604,598,596,591,553,518,159,320,527,247,571,538,359,91
606,607,609,606,597,611,604,603,597,606,553,576,159,320,527,438,571,538,359,91
606,607,609,606,597,611,604,603,597,606,553,576,159,320,527,438,571,538,359,91
606,607,609,606,597,611,604,603,597,606,553,576,159,320,527,438,572,543,578,445
606,607,611,606,597,611,604,603,597,606,553,576,159,320,527,438,572,543,578,445
606,614,611,606,597,611,604,603,597,606,600,576,318,559,527,438,572,543,578,445
613,614,611,613,597,611,604,603,597,606,600,576,318,559,527,438,572,543,578,445
613,614,611,613,607,614,609,603,597,606,600,576,318,559,396,438,572,543,578,445
613,614,611,613,607,614,609,613,607,614,600,590,318,559,396,445,572,543,578,445
613,614,611,613,607,614,609,613,607,614,600,590,318,559,396,445,593,609,604,494
613,614,611,613,607,614,609,613,607,614,611,590,557,564,396,445,593,609,604,494
613,614,611,613,607,614,609,613,607,614,611,590,557,564,510,445,593,609,604,494
613,614,611,613,607,614,609,613,607,614,611,590,557,564,510,445,593,609,604,494
613,614,611,613,607,614,609,613,607,614,611,590,557,564,510,445,593,609,604,494
613,614,611,613,607,614,609,613,607,614,611,590,557,564,510,445,593,609,604,494