56,21,150,154,21,150,154,133,21,30,150,133,56,30,0,0,0,0,0,0
56,21,150,154,21,150,154,133,21,30,150,133,56,30,0,0,0,0,0,0
133,30,169,158,174,169,158,148,56,260,154,148,165,169,0,0,0,0,0,0
133,30,169,158,174,169,158,148,56,260,154,148,165,169,0,0,0,0,0,0
148,211,189,187,211,189,201,174,165,263,158,174,189,238,0,0,0,0,0,0
148,211,189,187,211,189,201,174,165,263,158,174,189,238,0,0,0,0,0,0
165,238,194,201,238,194,221,215,259,267,187,211,259,260,0,0,0,0,0,0
165,238,194,201,238,194,221,215,259,267,187,211,259,260,0,0,0,0,0,0
187,259,260,221,265,263,249,242,266,317,194,215,266,267,0,0,0,0,0,0
187,259,260,221,265,263,249,242,266,317,194,215,266,267,0,0,0,0,0,0
215,268,263,249,268,266,255,265,268,318,201,242,274,290,0,0,0,0,0,0
215,268,263,249,268,266,255,265,268,318,201,242,274,290,0,0,0,0,0,0
242,307,274,255,307,290,275,328,274,341,221,265,343,296,0,0,0,0,0,0
242,307,274,255,307,290,275,328,274,341,221,265,343,296,0,0,0,0,0,0
267,317,290,275,320,296,293,358,343,388,249,328,370,307,0,0,0,0,0,0
267,317,290,275,320,296,293,358,343,388,249,328,370,307,0,0,0,0,0,0
328,320,296,293,324,318,310,390,353,426,255,358,424,317,0,0,0,0,0,0
328,320,296,293,324,318,310,390,353,426,255,358,424,317,0,0,0,0,0,0
343,324,318,310,344,360,314,399,370,436,275,390,445,324,0,0,0,0,0,0
343,324,318,310,344,360,314,399,370,436,275,390,445,324,0,0,0,0,0,0
353,344,360,314,353,367,341,402,421,439,293,399,476,341,0,0,0,0,0,0
353,344,360,314,353,367,341,402,421,439,293,399,476,341,0,0,0,0,0,0
358,370,367,406,390,388,393,407,424,446,310,402,492,367,0,0,0,0,0,0
358,370,367,406,390,388,393,407,424,446,310,402,492,367,0,0,0,0,0,0
388,393,426,421,399,426,406,409,445,454,314,407,509,436,0,0,0,0,0,0
388,393,426,421,399,426,406,409,445,454,314,407,509,436,0,0,0,0,0,0
402,409,434,474,407,439,434,414,459,467,320,409,519,446,0,0,0,0,0,0
402,409,434,474,407,439,434,414,459,467,320,409,519,446,0,0,0,0,0,0
421,467,439,513,414,445,446,451,476,477,344,414,527,454,0,0,0,0,0,0
421,467,439,513,414,445,446,451,476,477,344,414,527,454,0,0,0,0,0,0
424,471,464,522,467,454,464,471,492,479,360,451,537,459,0,0,0,0,0,0
424,471,464,522,467,454,464,471,492,479,360,451,537,459,0,0,0,0,0,0
436,478,479,527,478,459,474,481,509,505,393,471,553,474,0,0,0,0,0,0
436,478,479,527,478,459,474,481,509,505,393,471,553,474,0,0,0,0,0,0
451,505,547,531,491,476,513,491,519,524,406,481,574,477,0,0,0,0,0,0
451,505,547,531,491,476,513,491,519,524,406,481,574,477,0,0,0,0,0,0
477,510,550,535,510,479,531,522,527,549,434,491,579,505,0,0,0,0,0,0
477,510,550,535,510,479,531,522,527,549,434,491,579,505,0,0,0,0,0,0
481,519,569,549,538,524,535,538,537,550,464,522,580,510,0,0,0,0,0,0
481,519,569,549,538,524,535,538,537,550,464,522,580,510,0,0,0,0,0,0
492,537,580,568,542,547,557,542,568,557,478,531,583,547,0,0,0,0,0,0
492,537,580,568,542,547,557,542,568,557,478,531,583,547,0,0,0,0,0,0
509,553,585,574,553,550,594,565,574,569,513,538,584,549,0,0,0,0,0,0
509,553,585,574,553,550,594,565,574,569,513,538,584,549,0,0,0,0,0,0
524,593,594,592,565,569,604,602,579,588,535,542,600,557,0,0,0,0,0,0
524,593,594,592,565,569,604,602,579,588,535,542,600,557,0,0,0,0,0,0
568,597,600,604,602,579,612,608,580,592,585,565,603,588,0,0,0,0,0,0
568,597,600,604,602,579,612,608,580,592,585,565,603,588,0,0,0,0,0,0
583,610,615,612,608,584,616,617,583,593,594,602,609,597,0,0,0,0,0,0
583,610,615,612,608,584,616,617,583,593,594,602,609,597,0,0,0,0,0,0
588,614,627,616,610,585,622,623,584,597,604,608,614,610,0,0,0,0,0,0
588,614,627,616,610,585,622,623,584,597,604,608,614,610,0,0,0,0,0,0
592,619,636,622,617,593,628,654,603,619,612,617,624,615,0,0,0,0,0,0
592,619,636,622,617,593,628,654,603,619,612,617,624,615,0,0,0,0,0,0
603,630,644,628,623,600,638,665,609,627,616,623,630,619,0,0,0,0,0,0
603,630,644,628,623,600,638,665,609,627,616,623,630,619,0,0,0,0,0,0
609,638,659,682,661,615,682,671,614,636,622,638,640,643,0,0,0,0,0,0
609,638,659,682,661,615,682,671,614,636,622,638,640,643,0,0,0,0,0,0
624,640,675,689,663,627,689,707,624,643,628,659,649,654,0,0,0,0,0,0
624,640,675,689,663,627,689,707,624,643,628,659,649,654,0,0,0,0,0,0
649,643,678,690,671,636,700,726,630,644,682,665,661,656,0,0,0,0,0,0
649,643,678,690,671,636,700,726,630,644,682,665,661,656,0,0,0,0,0,0
665,654,694,700,704,644,706,748,640,656,689,671,663,678,0,0,0,0,0,0
665,654,694,700,704,644,706,748,640,656,689,671,663,678,0,0,0,0,0,0
707,656,705,706,710,659,720,781,649,694,704,707,664,700,0,0,0,0,0,0
707,656,705,706,710,659,720,781,649,694,704,707,664,700,0,0,0,0,0,0
726,704,709,720,712,664,730,783,661,705,706,726,675,709,0,0,0,0,0,0
726,704,709,720,712,664,730,783,661,705,706,726,675,709,0,0,0,0,0,0
734,708,713,730,736,678,731,790,663,710,720,748,690,710,0,0,0,0,0,0
734,708,713,730,736,678,731,790,663,710,720,748,690,710,0,0,0,0,0,0
736,712,718,731,748,694,742,811,664,713,730,781,702,718,0,0,0,0,0,0
736,712,718,731,748,694,742,811,664,713,730,781,702,718,0,0,0,0,0,0
749,727,732,742,781,702,795,822,675,738,731,783,708,738,0,0,0,0,0,0
749,727,732,742,781,702,795,822,675,738,731,783,708,738,0,0,0,0,0,0
771,777,741,782,793,705,802,833,690,760,732,790,727,788,0,0,0,0,0,0
771,777,741,782,793,705,802,833,690,760,732,790,727,788,0,0,0,0,0,0
782,793,760,788,806,709,821,834,702,766,742,811,734,800,0,0,0,0,0,0
782,793,760,788,806,709,821,834,702,766,742,811,734,800,0,0,0,0,0,0
783,806,766,833,810,713,850,839,708,782,775,812,741,802,0,0,0,0,0,0
783,806,766,833,810,713,850,839,708,782,775,812,741,802,0,0,0,0,0,0
790,810,775,850,811,718,854,845,712,788,795,822,749,806,0,0,0,0,0,0
790,810,775,850,811,718,854,845,712,788,795,822,749,806,0,0,0,0,0,0
795,812,787,854,812,732,861,863,727,802,805,834,771,810,0,0,0,0,0,0
795,812,787,854,812,732,861,863,727,802,805,834,771,810,0,0,0,0,0,0
822,823,800,861,834,738,878,873,734,821,818,839,777,821,0,0,0,0,0,0
822,823,800,861,834,738,878,873,734,821,818,839,777,821,0,0,0,0,0,0
827,837,805,878,839,741,888,885,736,824,842,845,787,833,0,0,0,0,0,0
827,837,805,878,839,741,888,885,736,824,842,845,787,833,0,0,0,0,0,0
840,841,818,888,845,760,895,886,749,829,850,863,801,837,0,0,0,0,0,0
840,841,818,888,845,760,895,886,749,829,850,863,801,837,0,0,0,0,0,0
846,852,824,895,852,766,897,919,771,837,854,873,823,841,0,0,0,0,0,0
846,852,824,895,852,766,897,919,771,837,854,873,823,841,0,0,0,0,0,0
855,866,829,923,873,775,923,920,777,841,861,885,827,853,0,0,0,0,0,0
855,866,829,923,873,775,923,920,777,841,861,885,827,853,0,0,0,0,0,0
863,872,842,931,876,800,932,942,787,848,878,886,840,855,0,0,0,0,0,0
863,872,842,931,876,800,932,942,787,848,878,886,840,855,0,0,0,0,0,0
885,876,848,932,881,801,937,964,793,855,888,903,846,872,0,0,0,0,0,0
885,876,848,932,881,801,937,964,793,855,888,903,846,872,0,0,0,0,0,0
890,881,853,937,903,805,941,976,801,860,895,920,852,887,0,0,0,0,0,0
890,881,853,937,903,805,941,976,801,860,895,920,852,887,0,0,0,0,0,0
897,886,860,940,904,818,955,985,823,891,897,942,866,909,0,0,0,0,0,0
897,886,860,940,904,818,955,985,823,891,897,942,866,909,0,0,0,0,0,0
904,903,887,955,911,824,966,989,827,900,915,964,870,914,0,0,0,0,0,0
904,903,887,955,911,824,966,989,827,900,915,964,870,914,0,0,0,0,0,0
914,908,891,966,915,829,979,1002,840,906,923,985,874,941,0,0,0,0,0,0
914,908,891,966,915,829,979,1002,840,906,923,985,874,941,0,0,0,0,0,0
931,911,900,976,919,842,982,1007,846,914,932,989,881,951,0,0,0,0,0,0
931,911,900,976,919,842,982,1007,846,914,932,989,881,951,0,0,0,0,0,0
936,915,906,978,920,848,988,1008,866,924,937,1002,884,952,0,0,0,0,0,0
936,915,906,978,920,848,988,1008,866,924,937,1002,884,952,0,0,0,0,0,0
942,921,909,982,928,853,995,1019,870,927,946,1008,890,962,0,0,0,0,0,0
942,921,909,982,928,853,995,1019,870,927,946,1008,890,962,0,0,0,0,0,0
957,928,916,988,951,860,1004,1039,872,929,955,1019,908,965,0,0,0,0,0,0
957,928,916,988,951,860,1004,1039,872,929,955,1019,908,965,0,0,0,0,0,0
962,943,924,995,965,870,1006,1044,874,934,966,1044,911,974,0,0,0,0,0,0
962,943,924,995,965,870,1006,1044,874,934,966,1044,911,974,0,0,0,0,0,0
964,951,927,1004,989,874,1010,1049,876,941,978,1049,916,982,0,0,0,0,0,0
964,951,927,1004,989,874,1010,1049,876,941,978,1049,916,982,0,0,0,0,0,0
976,952,929,1007,993,884,1025,1053,884,953,979,1053,919,992,0,0,0,0,0,0
976,952,929,1007,993,884,1025,1053,884,953,979,1053,919,992,0,0,0,0,0,0
978,965,934,1010,1002,887,1043,1072,890,959,988,1070,921,1016,0,0,0,0,0,0
978,965,934,1010,1002,887,1043,1072,890,959,988,1070,921,1016,0,0,0,0,0,0
979,967,946,1043,1008,891,1052,1084,904,962,993,1072,928,1032,0,0,0,0,0,0
979,967,946,1043,1008,891,1052,1084,904,962,993,1072,928,1032,0,0,0,0,0,0
985,993,953,1052,1014,900,1071,1089,908,992,995,1089,931,1039,0,0,0,0,0,0
985,993,953,1052,1014,900,1071,1089,908,992,995,1089,931,1039,0,0,0,0,0,0
992,1014,959,1064,1019,906,1074,1102,921,994,1004,1102,936,1052,0,0,0,0,0,0
992,1014,959,1064,1019,906,1074,1102,921,994,1004,1102,936,1052,0,0,0,0,0,0
1007,1016,974,1074,1032,909,1081,1113,936,1003,1006,1113,940,1063,0,0,0,0,0,0
1007,1016,974,1074,1032,909,1081,1113,936,1003,1006,1113,940,1063,0,0,0,0,0,0
1024,1039,981,1081,1044,916,1091,1121,940,1005,1015,1121,943,1074,0,0,0,0,0,0
1024,1039,981,1081,1044,916,1091,1121,940,1005,1015,1121,943,1074,0,0,0,0,0,0
1025,1072,994,1085,1049,924,1093,1131,943,1014,1025,1131,957,1083,0,0,0,0,0,0
1025,1072,994,1085,1049,924,1093,1131,943,1014,1025,1131,957,1083,0,0,0,0,0,0
1040,1083,1003,1112,1053,927,1112,1137,952,1016,1043,1137,967,1084,0,0,0,0,0,0
1040,1083,1003,1112,1053,927,1112,1137,952,1016,1043,1137,967,1084,0,0,0,0,0,0
1054,1087,1005,1116,1084,929,1116,1138,957,1024,1059,1150,981,1087,0,0,0,0,0,0
1054,1087,1005,1116,1084,929,1116,1138,957,1024,1059,1150,981,1087,0,0,0,0,0,0
1064,1096,1006,1120,1089,934,1120,1150,967,1063,1071,1155,990,1104,0,0,0,0,0,0
1064,1096,1006,1120,1089,934,1120,1150,967,1063,1071,1155,990,1104,0,0,0,0,0,0
1070,1099,1015,1129,1096,946,1129,1159,990,1064,1081,1159,1010,1109,0,0,0,0,0,0
1070,1099,1015,1129,1096,946,1129,1159,990,1064,1081,1159,1010,1109,0,0,0,0,0,0
1071,1107,1027,1143,1099,953,1143,1169,1027,1067,1091,1169,1027,1123,0,0,0,0,0,0
1071,1107,1027,1143,1099,953,1143,1169,1027,1067,1091,1169,1027,1123,0,0,0,0,0,0
1082,1110,1059,1148,1110,959,1147,1177,1032,1083,1093,1177,1040,1138,0,0,0,0,0,0
1082,1110,1059,1148,1110,959,1147,1177,1032,1083,1093,1177,1040,1138,0,0,0,0,0,0
1085,1114,1063,1149,1114,974,1149,1184,1040,1087,1112,1184,1054,1139,0,0,0,0,0,0
1085,1114,1063,1149,1114,974,1149,1184,1040,1087,1112,1184,1054,1139,0,0,0,0,0,0
1091,1118,1067,1155,1121,981,1158,1192,1054,1104,1116,1192,1082,1146,0,0,0,0,0,0
1091,1118,1067,1155,1121,981,1158,1192,1054,1104,1116,1192,1082,1146,0,0,0,0,0,0
1093,1134,1104,1164,1131,990,1164,1199,1082,1109,1120,1199,1096,1147,0,0,0,0,0,0
1093,1134,1104,1164,1131,990,1164,1199,1082,1109,1120,1199,1096,1147,0,0,0,0,0,0
1102,1145,1123,1166,1134,994,1166,1203,1085,1130,1129,1203,1107,1165,0,0,0,0,0,0
1102,1145,1123,1166,1134,994,1166,1203,1085,1130,1129,1203,1107,1165,0,0,0,0,0,0
1109,1156,1138,1169,1153,1003,1183,1208,1099,1139,1143,1208,1108,1166,0,0,0,0,0,0
1109,1156,1138,1169,1153,1003,1183,1208,1099,1139,1143,1208,1108,1166,0,0,0,0,0,0
1113,1172,1141,1183,1156,1005,1189,1209,1107,1146,1148,1209,1114,1171,0,0,0,0,0,0
1113,1172,1141,1183,1156,1005,1189,1209,1107,1146,1148,1209,1114,1171,0,0,0,0,0,0
1125,1180,1146,1189,1172,1015,1194,1214,1108,1147,1149,1213,1118,1180,0,0,0,0,0,0
1125,1180,1146,1189,1172,1015,1194,1214,1108,1147,1149,1213,1118,1180,0,0,0,0,0,0
1130,1186,1150,1194,1177,1024,1202,1216,1110,1157,1158,1216,1125,1186,0,0,0,0,0,0
1130,1186,1150,1194,1177,1024,1202,1216,1110,1157,1158,1216,1125,1186,0,0,0,0,0,0
1137,1190,1157,1202,1184,1059,1207,1218,1118,1165,1164,1218,1141,1188,0,0,0,0,0,0
1137,1190,1157,1202,1184,1059,1207,1218,1118,1165,1164,1218,1141,1188,0,0,0,0,0,0
1139,1191,1159,1207,1190,1067,1222,1233,1125,1171,1172,1233,1145,1193,0,0,0,0,0,0
1139,1191,1159,1207,1190,1067,1222,1233,1125,1171,1172,1233,1145,1193,0,0,0,0,0,0
1148,1196,1165,1222,1191,1070,1228,1237,1134,1173,1182,1237,1156,1211,0,0,0,0,0,0
1148,1196,1165,1222,1191,1070,1228,1237,1134,1173,1182,1237,1156,1211,0,0,0,0,0,0
1153,1200,1173,1228,1192,1108,1232,1239,1145,1180,1183,1239,1168,1212,0,0,0,0,0,0
1153,1200,1173,1228,1192,1108,1232,1239,1145,1180,1183,1239,1168,1212,0,0,0,0,0,0
1155,1211,1181,1232,1196,1123,1244,1245,1153,1181,1189,1245,1179,1214,0,0,0,0,0,0
1155,1211,1181,1232,1196,1123,1244,1245,1153,1181,1189,1245,1179,1214,0,0,0,0,0,0
1158,1220,1182,1241,1203,1130,1248,1254,1168,1186,1194,1254,1185,1219,0,0,0,0,0,0
1158,1220,1182,1241,1203,1130,1248,1254,1168,1186,1194,1254,1185,1219,0,0,0,0,0,0
1171,1223,1188,1248,1209,1141,1263,1257,1179,1193,1202,1257,1196,1227,0,0,0,0,0,0
1171,1223,1188,1248,1209,1141,1263,1257,1179,1193,1202,1257,1196,1227,0,0,0,0,0,0
1179,1226,1206,1263,1211,1157,1267,1260,1185,1206,1207,1260,1200,1242,0,0,0,0,0,0
1179,1226,1206,1263,1211,1157,1267,1260,1185,1206,1207,1260,1200,1242,0,0,0,0,0,0
1185,1230,1212,1267,1216,1168,1274,1264,1190,1219,1222,1264,1217,1252,0,0,0,0,0,0
1185,1230,1212,1267,1216,1168,1274,1264,1190,1219,1222,1264,1217,1252,0,0,0,0,0,0
1193,1237,1213,1277,1220,1173,1277,1268,1191,1221,1228,1268,1223,1259,0,0,0,0,0,0
1193,1237,1213,1277,1220,1173,1277,1268,1191,1221,1228,1268,1223,1259,0,0,0,0,0,0
1199,1238,1214,1281,1223,1181,1281,1269,1200,1238,1232,1269,1226,1266,0,0,0,0,0,0
1199,1238,1214,1281,1223,1181,1281,1269,1200,1238,1232,1269,1226,1266,0,0,0,0,0,0
1208,1240,1221,1296,1226,1182,1296,1271,1217,1243,1241,1271,1230,1273,0,0,0,0,0,0
1208,1240,1221,1296,1226,1182,1296,1271,1217,1243,1241,1271,1230,1273,0,0,0,0,0,0
1218,1242,1227,1303,1233,1188,1303,1278,1220,1252,1244,1282,1234,1274,0,0,0,0,0,0
1218,1242,1227,1303,1233,1188,1303,1278,1220,1252,1244,1282,1234,1274,0,0,0,0,0,0
1219,1245,1239,1305,1235,1206,1305,1282,1230,1259,1248,1309,1240,1279,0,0,0,0,0,0
1219,1245,1239,1305,1235,1206,1305,1282,1230,1259,1248,1309,1240,1279,0,0,0,0,0,0
1235,1254,1243,1308,1238,1212,1308,1309,1234,1262,1261,1325,1265,1283,0,0,0,0,0,0
1235,1254,1243,1308,1238,1212,1308,1309,1234,1262,1261,1325,1265,1283,0,0,0,0,0,0
1241,1261,1252,1312,1242,1213,1312,1325,1235,1274,1263,1336,1275,1288,0,0,0,0,0,0
1241,1261,1252,1312,1242,1213,1312,1325,1235,1274,1263,1336,1275,1288,0,0,0,0,0,0
1244,1265,1262,1313,1257,1217,1314,1336,1240,1283,1267,1347,1278,1291,0,0,0,0,0,0
1244,1265,1262,1313,1257,1217,1314,1336,1240,1283,1267,1347,1278,1291,0,0,0,0,0,0
1259,1268,1266,1314,1261,1221,1323,1348,1265,1286,1276,1348,1285,1295,0,0,0,0,0,0
1259,1268,1266,1314,1261,1221,1323,1348,1265,1286,1276,1348,1285,1295,0,0,0,0,0,0
1260,1275,1276,1323,1269,1227,1324,1350,1273,1288,1277,1350,1293,1299,0,0,0,0,0,0
1260,1275,1276,1323,1269,1227,1324,1350,1273,1288,1277,1350,1293,1299,0,0,0,0,0,0
1264,1283,1286,1324,1273,1234,1328,1358,1275,1295,1281,1358,1294,1311,0,0,0,0,0,0
1264,1283,1286,1324,1273,1234,1328,1358,1275,1295,1281,1358,1294,1311,0,0,0,0,0,0
1271,1285,1295,1328,1282,1243,1335,1361,1279,1299,1296,1361,1298,1312,0,0,0,0,0,0
1271,1285,1295,1328,1282,1243,1335,1361,1279,1299,1296,1361,1298,1312,0,0,0,0,0,0
1278,1288,1311,1335,1291,1262,1347,1368,1285,1302,1303,1368,1306,1313,0,0,0,0,0,0
1278,1288,1311,1335,1291,1262,1347,1368,1285,1302,1303,1368,1306,1313,0,0,0,0,0,0
1279,1291,1315,1340,1302,1266,1352,1370,1293,1311,1305,1370,1319,1315,0,0,0,0,0,0
1279,1291,1315,1340,1302,1266,1352,1370,1293,1311,1305,1370,1319,1315,0,0,0,0,0,0
1299,1293,1322,1352,1306,1276,1355,1374,1294,1313,1308,1374,1330,1320,0,0,0,0,0,0
1299,1293,1322,1352,1306,1276,1355,1374,1294,1313,1308,1374,1330,1320,0,0,0,0,0,0
1309,1302,1330,1355,1339,1286,1357,1377,1298,1320,1314,1377,1340,1331,0,0,0,0,0,0
1309,1302,1330,1355,1339,1286,1357,1377,1298,1320,1314,1377,1340,1331,0,0,0,0,0,0
1320,1306,1334,1357,1350,1294,1363,1378,1319,1322,1323,1380,1342,1332,0,0,0,0,0,0
1320,1306,1334,1357,1350,1294,1363,1378,1319,1322,1323,1380,1342,1332,0,0,0,0,0,0
1325,1337,1351,1369,1358,1298,1369,1383,1331,1332,1324,1383,1345,1337,0,0,0,0,0,0
1325,1337,1351,1369,1358,1298,1369,1383,1331,1332,1324,1383,1345,1337,0,0,0,0,0,0
1332,1338,1356,1382,1361,1315,1382,1388,1337,1334,1328,1397,1353,1338,0,0,0,0,0,0
1332,1338,1356,1382,1361,1315,1382,1388,1337,1334,1328,1397,1353,1338,0,0,0,0,0,0
1336,1339,1360,1395,1362,1319,1395,1400,1339,1338,1335,1400,1355,1362,0,0,0,0,0,0
1336,1339,1360,1395,1362,1319,1395,1400,1339,1338,1335,1400,1355,1362,0,0,0,0,0,0
1340,1345,1368,1405,1365,1322,1405,1406,1342,1351,1352,1406,1359,1363,0,0,0,0,0,0
1340,1345,1368,1405,1365,1322,1405,1406,1342,1351,1352,1406,1359,1363,0,0,0,0,0,0
1342,1348,1381,1408,1370,1330,1408,1409,1345,1356,1357,1409,1364,1372,0,0,0,0,0,0
1342,1348,1381,1408,1370,1330,1408,1409,1345,1356,1357,1409,1364,1372,0,0,0,0,0,0
1347,1362,1386,1410,1373,1331,1414,1413,1353,1360,1365,1413,1371,1381,0,0,0,0,0,0
1347,1362,1386,1410,1373,1331,1414,1413,1353,1360,1365,1413,1371,1381,0,0,0,0,0,0
1353,1365,1387,1425,1380,1334,1417,1415,1359,1363,1369,1415,1378,1387,0,0,0,0,0,0
1353,1365,1387,1425,1380,1334,1417,1415,1359,1363,1369,1415,1378,1387,0,0,0,0,0,0
1359,1373,1388,1426,1383,1351,1425,1421,1364,1372,1382,1421,1379,1388,0,0,0,0,0,0
1359,1373,1388,1426,1383,1351,1425,1421,1364,1372,1382,1421,1379,1388,0,0,0,0,0,0
1364,1374,1400,1428,1392,1356,1426,1439,1371,1386,1395,1439,1385,1389,0,0,0,0,0,0
1364,1374,1400,1428,1392,1356,1426,1439,1371,1386,1395,1439,1385,1389,0,0,0,0,0,0
1372,1378,1401,1432,1397,1360,1428,1442,1373,1390,1401,1442,1392,1390,0,0,0,0,0,0
1372,1378,1401,1432,1397,1360,1428,1442,1373,1390,1401,1442,1392,1390,0,0,0,0,0,0
1377,1379,1412,1438,1403,1371,1432,1468,1379,1396,1405,1468,1402,1396,0,0,0,0,0,0
1377,1379,1412,1438,1403,1371,1432,1468,1379,1396,1405,1468,1402,1396,0,0,0,0,0,0
1390,1380,1419,1450,1404,1381,1438,1469,1385,1414,1410,1469,1403,1404,0,0,0,0,0,0
1390,1380,1419,1450,1404,1381,1438,1469,1385,1414,1410,1469,1403,1404,0,0,0,0,0,0
1396,1385,1423,1451,1406,1386,1450,1480,1389,1417,1425,1479,1411,1408,0,0,0,0,0,0
1396,1385,1423,1451,1406,1386,1450,1480,1389,1417,1425,1479,1411,1408,0,0,0,0,0,0
1402,1397,1424,1453,1407,1387,1451,1486,1392,1418,1426,1480,1430,1412,0,0,0,0,0,0
1402,1397,1424,1453,1407,1387,1451,1486,1392,1418,1426,1480,1430,1412,0,0,0,0,0,0
1410,1404,1430,1458,1409,1389,1453,1489,1402,1419,1428,1486,1431,1414,0,0,0,0,0,0
1410,1404,1430,1458,1409,1389,1453,1489,1402,1419,1428,1486,1431,1414,0,0,0,0,0,0
1415,1407,1436,1461,1411,1401,1458,1490,1403,1423,1432,1489,1434,1417,0,0,0,0,0,0
1415,1407,1436,1461,1411,1401,1458,1490,1403,1423,1432,1489,1434,1417,0,0,0,0,0,0
1431,1411,1444,1472,1413,1412,1461,1497,1407,1429,1438,1490,1440,1418,0,0,0,0,0,0
1431,1411,1444,1472,1413,1412,1461,1497,1407,1429,1438,1490,1440,1418,0,0,0,0,0,0
1434,1418,1469,1478,1421,1419,1472,1504,1431,1435,1450,1504,1443,1424,0,0,0,0,0,0
1434,1418,1469,1478,1421,1419,1472,1504,1431,1435,1450,1504,1443,1424,0,0,0,0,0,0
1440,1429,1471,1480,1439,1423,1478,1505,1434,1436,1451,1506,1447,1429,0,0,0,0,0,0
1440,1429,1471,1480,1439,1423,1478,1505,1434,1436,1451,1506,1447,1429,0,0,0,0,0,0
1462,1435,1477,1494,1441,1424,1485,1507,1440,1444,1453,1508,1452,1435,0,0,0,0,0,0
1462,1435,1477,1494,1441,1424,1485,1507,1440,1444,1453,1508,1452,1435,0,0,0,0,0,0
1465,1441,1479,1495,1442,1430,1492,1511,1447,1464,1457,1511,1456,1441,0,0,0,0,0,0
1465,1441,1479,1495,1442,1430,1492,1511,1447,1464,1457,1511,1456,1441,0,0,0,0,0,0
1474,1443,1483,1496,1443,1436,1494,1512,1452,1467,1458,1512,1459,1464,0,0,0,0,0,0
1474,1443,1483,1496,1443,1436,1494,1512,1452,1467,1458,1512,1459,1464,0,0,0,0,0,0
1475,1447,1485,1497,1456,1444,1495,1516,1456,1471,1461,1516,1462,1466,0,0,0,0,0,0
1475,1447,1485,1497,1456,1444,1495,1516,1456,1471,1461,1516,1462,1466,0,0,0,0,0,0
1482,1452,1489,1500,1457,1459,1496,1522,1459,1476,1472,1522,1465,1476,0,0,0,0,0,0
1482,1452,1489,1500,1457,1459,1496,1522,1459,1476,1472,1522,1465,1476,0,0,0,0,0,0
1486,1457,1493,1502,1466,1464,1500,1525,1462,1477,1478,1525,1474,1485,0,0,0,0,0,0
1486,1457,1493,1502,1466,1464,1500,1525,1462,1477,1478,1525,1474,1485,0,0,0,0,0,0
1497,1466,1499,1504,1482,1467,1501,1531,1465,1482,1494,1531,1475,1492,0,0,0,0,0,0
1497,1466,1499,1504,1482,1467,1501,1531,1465,1482,1494,1531,1475,1492,0,0,0,0,0,0
1501,1467,1509,1506,1490,1471,1502,1532,1474,1483,1496,1532,1491,1510,0,0,0,0,0,0
1501,1467,1509,1506,1490,1471,1502,1532,1474,1483,1496,1532,1491,1510,0,0,0,0,0,0
1506,1468,1514,1510,1498,1477,1510,1534,1475,1492,1500,1534,1495,1514,0,0,0,0,0,0
1506,1468,1514,1510,1498,1477,1510,1534,1475,1492,1500,1534,1495,1514,0,0,0,0,0,0
1507,1476,1520,1515,1505,1479,1515,1538,1491,1493,1501,1538,1505,1518,0,0,0,0,0,0
1507,1476,1520,1515,1505,1479,1515,1538,1491,1493,1501,1538,1505,1518,0,0,0,0,0,0
1511,1498,1526,1521,1508,1483,1521,1543,1498,1499,1502,1543,1507,1529,0,0,0,0,0,0
1511,1498,1526,1521,1508,1483,1521,1543,1498,1499,1502,1543,1507,1529,0,0,0,0,0,0
1518,1508,1529,1523,1512,1491,1523,1557,1513,1514,1515,1557,1509,1535,0,0,0,0,0,0
1518,1508,1529,1523,1512,1491,1523,1557,1513,1514,1515,1557,1509,1535,0,0,0,0,0,0
1522,1513,1536,1527,1516,1493,1527,1561,1517,1518,1519,1561,1513,1540,0,0,0,0,0,0
1522,1513,1536,1527,1516,1493,1527,1561,1517,1518,1519,1561,1513,1540,0,0,0,0,0,0
1525,1519,1541,1537,1519,1499,1537,1567,1524,1520,1521,1563,1517,1545,0,0,0,0,0,0
1525,1519,1541,1537,1519,1499,1537,1567,1524,1520,1521,1563,1517,1545,0,0,0,0,0,0
1531,1524,1545,1542,1532,1509,1542,1568,1533,1535,1523,1567,1524,1552,0,0,0,0,0,0
1531,1524,1545,1542,1532,1509,1542,1568,1533,1535,1523,1567,1524,1552,0,0,0,0,0,0
1533,1535,1552,1555,1538,1517,1555,1569,1544,1536,1526,1568,1533,1554,0,0,0,0,0,0
1533,1535,1552,1555,1538,1517,1555,1569,1544,1536,1526,1568,1533,1554,0,0,0,0,0,0
1534,1540,1553,1560,1540,1520,1560,1570,1549,1541,1527,1569,1544,1564,0,0,0,0,0,0
1534,1540,1553,1560,1540,1520,1560,1570,1549,1541,1527,1569,1544,1564,0,0,0,0,0,0
1543,1544,1554,1567,1557,1526,1573,1571,1550,1553,1537,1571,1549,1570,0,0,0,0,0,0
1543,1544,1554,1567,1557,1526,1573,1571,1550,1553,1537,1571,1549,1570,0,0,0,0,0,0
1549,1550,1559,1572,1561,1529,1576,1572,1551,1559,1542,1572,1550,1576,0,0,0,0,0,0
1549,1550,1559,1572,1561,1529,1576,1572,1551,1559,1542,1572,1550,1576,0,0,0,0,0,0
1551,1563,1565,1576,1563,1536,1581,1577,1556,1565,1555,1573,1551,1584,0,0,0,0,0,0
1551,1563,1565,1576,1563,1536,1581,1577,1556,1565,1555,1573,1551,1584,0,0,0,0,0,0
1556,1564,1575,1581,1564,1541,1586,1582,1562,1584,1560,1577,1556,1588,0,0,0,0,0,0
1556,1564,1575,1581,1564,1541,1586,1582,1562,1584,1560,1577,1556,1588,0,0,0,0,0,0
1562,1584,1580,1586,1577,1545,1588,1587,1578,1585,1580,1582,1562,1590,0,0,0,0,0,0
1562,1584,1580,1586,1577,1545,1588,1587,1578,1585,1580,1582,1562,1590,0,0,0,0,0,0
1568,1590,1585,1588,1582,1552,1595,1594,1589,1590,1581,1587,1575,1592,0,0,0,0,0,0
1568,1590,1585,1588,1582,1552,1595,1594,1589,1590,1581,1587,1575,1592,0,0,0,0,0,0
1569,1592,1591,1595,1587,1553,1605,1596,1591,1592,1586,1594,1578,1599,0,0,0,0,0,0
1569,1592,1591,1595,1587,1553,1605,1596,1591,1592,1586,1594,1578,1599,0,0,0,0,0,0
1570,1599,1593,1605,1596,1554,1611,1602,1597,1593,1595,1596,1589,1602,0,0,0,0,0,0
1570,1599,1593,1605,1596,1554,1611,1602,1597,1593,1595,1596,1589,1602,0,0,0,0,0,0
1571,1606,1600,1612,1599,1559,1615,1607,1603,1600,1605,1601,1591,1609,0,0,0,0,0,0
1571,1606,1600,1612,1599,1559,1615,1607,1603,1600,1605,1601,1591,1609,0,0,0,0,0,0
1573,1610,1601,1619,1606,1565,1619,1612,1604,1616,1615,1607,1597,1611,0,0,0,0,0,0
1573,1610,1601,1619,1606,1565,1619,1612,1604,1616,1615,1607,1597,1611,0,0,0,0,0,0
1578,1616,1602,1629,1607,1575,1625,1613,1606,1617,1619,1612,1603,1617,0,0,0,0,0,0
1578,1616,1602,1629,1607,1575,1625,1613,1606,1617,1619,1612,1603,1617,0,0,0,0,0,0
1594,1618,1609,1636,1608,1580,1629,1620,1608,1618,1625,1620,1604,1618,0,0,0,0,0,0
1594,1618,1609,1636,1608,1580,1629,1620,1608,1618,1625,1620,1604,1618,0,0,0,0,0,0
1597,1624,1611,1646,1613,1585,1636,1621,1622,1624,1629,1621,1608,1623,0,0,0,0,0,0
1597,1624,1611,1646,1613,1585,1636,1621,1622,1624,1629,1621,1608,1623,0,0,0,0,0,0
1603,1626,1617,1651,1616,1589,1646,1627,1626,1633,1636,1627,1610,1628,0,0,0,0,0,0
1603,1626,1617,1651,1616,1589,1646,1627,1626,1633,1636,1627,1610,1628,0,0,0,0,0,0
1604,1631,1628,1652,1620,1593,1651,1630,1632,1635,1646,1630,1613,1633,0,0,0,0,0,0
1604,1631,1628,1652,1620,1593,1651,1630,1632,1635,1646,1630,1613,1633,0,0,0,0,0,0
1615,1633,1634,1658,1621,1600,1652,1637,1634,1640,1651,1637,1622,1649,0,0,0,0,0,0
1615,1633,1634,1658,1621,1600,1652,1637,1634,1640,1651,1637,1622,1649,0,0,0,0,0,0
1623,1654,1635,1664,1623,1601,1657,1639,1642,1648,1652,1639,1626,1653,0,0,0,0,0,0
1623,1654,1635,1664,1623,1601,1657,1639,1642,1648,1652,1639,1626,1653,0,0,0,0,0,0
1625,1655,1640,1671,1627,1609,1658,1645,1649,1653,1657,1644,1631,1656,0,0,0,0,0,0
1625,1655,1640,1671,1627,1609,1658,1645,1649,1653,1657,1644,1631,1656,0,0,0,0,0,0
1632,1657,1644,1672,1630,1610,1664,1647,1650,1656,1658,1645,1632,1659,0,0,0,0,0,0
1632,1657,1644,1672,1630,1610,1664,1647,1650,1656,1658,1645,1632,1659,0,0,0,0,0,0
1637,1659,1645,1673,1631,1622,1671,1666,1654,1660,1664,1647,1634,1660,0,0,0,0,0,0
1637,1659,1645,1673,1631,1622,1671,1666,1654,1660,1664,1647,1634,1660,0,0,0,0,0,0
1642,1662,1648,1678,1639,1624,1672,1669,1655,1661,1671,1668,1642,1661,0,0,0,0,0,0
1642,1662,1648,1678,1639,1624,1672,1669,1655,1661,1671,1668,1642,1661,0,0,0,0,0,0
1653,1665,1663,1681,1647,1628,1673,1674,1662,1663,1672,1669,1650,1670,0,0,0,0,0,0
1653,1665,1663,1681,1647,1628,1673,1674,1662,1663,1672,1669,1650,1670,0,0,0,0,0,0
1656,1666,1670,1685,1654,1635,1678,1676,1665,1683,1673,1674,1655,1684,0,0,0,0,0,0
1656,1666,1670,1685,1654,1635,1678,1676,1665,1683,1673,1674,1655,1684,0,0,0,0,0,0
1660,1668,1683,1691,1659,1640,1681,1677,1667,1684,1678,1676,1665,1688,0,0,0,0,0,0
1660,1668,1683,1691,1659,1640,1681,1677,1667,1684,1678,1676,1665,1688,0,0,0,0,0,0
1661,1669,1684,1693,1662,1644,1685,1686,1680,1688,1681,1677,1666,1693,0,0,0,0,0,0
1661,1669,1684,1693,1662,1644,1685,1686,1680,1688,1681,1677,1666,1693,0,0,0,0,0,0
1667,1680,1690,1696,1668,1648,1691,1692,1687,1690,1685,1686,1667,1695,0,0,0,0,0,0
1674,1689,1695,1703,1676,1648,1693,1698,1689,1690,1685,1692,1667,1699,0,0,0,0,0,0
1688,1700,1698,1711,1677,1649,1696,1700,1702,1699,1691,1698,1680,1703,0,0,0,0,0,0
1692,1702,1710,1715,1686,1650,1697,1701,1705,1703,1696,1700,1687,1709,0,0,0,0,0,0
1697,1707,1714,1720,1689,1663,1706,1704,1708,1707,1697,1701,1702,1714,0,0,0,0,0,0
1699,1709,1719,1726,1704,1670,1711,1712,1713,1710,1706,1704,1705,1718,0,0,0,0,0,0
1701,1713,1725,1732,1707,1683,1715,1716,1717,1718,1711,1712,1708,1722,0,0,0,0,0,0
1706,1718,1727,1739,1709,1687,1720,1721,1722,1719,1715,1716,1713,1723,0,0,0,0,0,0
1708,1724,1731,1744,1716,1690,1725,1729,1731,1723,1720,1721,1717,1726,0,0,0,0,0,0
1712,1728,1734,1752,1721,1695,1732,1730,1734,1726,1725,1729,1724,1728,0,0,0,0,0,0
1717,1730,1738,1756,1722,1705,1739,1733,1735,1727,1732,1733,1730,1731,0,0,0,0,0,0
1723,1737,1747,1757,1724,1710,1744,1741,1737,1736,1739,1741,1734,1736,0,0,0,0,0,0
1729,1742,1748,1758,1728,1714,1752,1745,1746,1738,1744,1745,1735,1747,0,0,0,0,0,0
1736,1746,1749,1763,1733,1719,1756,1753,1750,1747,1752,1753,1742,1748,0,0,0,0,0,0
1741,1750,1760,1766,1737,1727,1757,1764,1754,1748,1756,1764,1746,1749,0,0,0,0,0,0
1745,1751,1762,1768,1742,1735,1763,1769,1759,1749,1757,1769,1750,1751,0,0,0,0,0,0
1755,1759,1767,1773,1753,1738,1766,1773,1770,1751,1763,1772,1754,1755,0,0,0,0,0,0
1758,1771,1769,1779,1759,1754,1768,1783,1774,1755,1766,1773,1770,1767,0,0,0,0,0,0
1764,1776,1772,1782,1774,1760,1772,1784,1776,1758,1768,1784,1774,1771,0,0,0,0,0,0
1770,1777,1781,1786,1776,1762,1782,1787,1779,1760,1777,1787,1788,1775,0,0,0,0,0,0
1775,1780,1785,1790,1777,1767,1786,1791,1785,1762,1782,1791,1792,1779,0,0,0,0,0,0
1787,1783,1789,1796,1780,1781,1790,1797,1788,1771,1786,1797,1800,1783,0,0,0,0,0,0
1792,1784,1793,1803,1791,1789,1796,1798,1792,1775,1790,1798,1806,1785,0,0,0,0,0,0
1800,1788,1795,1805,1798,1793,1803,1799,1800,1780,1796,1799,1811,1789,0,0,0,0,0,0
1806,1794,1797,1810,1799,1795,1805,1804,1806,1781,1803,1804,1813,1794,0,0,0,0,0,0
1812,1801,1802,1814,1804,1802,1810,1812,1811,1793,1805,1812,1815,1795,0,0,0,0,0,0
1816,1807,1809,1816,1807,1809,1818,1814,1813,1794,1808,1819,1820,1801,0,0,0,0,0,0
1818,1808,1813,1822,1808,1811,1822,1821,1815,1801,1810,1821,1824,1807,0,0,0,0,0,0
1821,1819,1817,1823,1819,1815,1823,1826,1816,1802,1818,1829,1825,1814,0,0,0,0,0,0
1827,1824,1820,1825,1826,1817,1825,1831,1824,1809,1822,1831,1826,1823,0,0,0,0,0,0
1831,1828,1829,1830,1828,1820,1830,1835,1827,1817,1828,1835,1827,1830,0,0,0,0,0,0
1835,1832,1833,1834,1836,1829,1834,1836,1832,1833,1834,1836,1832,1833,0,0,0,0,0,0