3,5,7,3,5,1,8,1,1,1,1,1,17,9,1,9,8,0,9,8
3,5,7,3,5,1,8,1,1,1,1,1,17,9,1,9,8,0,9,8
3,5,7,3,5,2,8,2,2,2,2,2,17,9,2,9,8,0,9,8
3,5,7,3,5,2,8,2,2,2,2,2,17,9,2,9,8,0,9,8
3,5,7,3,5,4,8,4,4,4,4,4,17,9,4,9,8,0,9,8
3,5,7,3,5,4,8,4,4,4,4,4,17,9,4,9,8,0,9,8
3,5,7,3,5,6,8,6,6,6,6,6,17,9,6,9,8,0,9,8
3,5,7,3,5,6,8,6,6,6,6,6,17,9,6,9,8,0,9,8
3,5,7,3,5,9,8,10,10,10,9,8,17,9,8,9,8,0,9,8
3,5,7,3,5,9,8,10,10,10,9,8,17,9,8,9,8,0,9,8
3,5,7,3,5,9,8,14,14,14,9,8,17,9,8,9,8,0,9,8
3,5,7,3,5,9,8,14,14,14,9,8,17,9,8,9,8,0,9,8
3,5,7,3,5,9,8,15,15,15,9,8,17,9,8,9,8,0,9,8
3,5,7,3,5,9,8,15,15,15,9,8,17,9,8,9,8,0,9,8
3,5,7,3,5,9,8,18,18,18,9,8,17,9,8,9,8,0,9,8
3,5,7,3,5,9,8,18,18,18,9,8,17,9,8,9,8,0,9,8
3,5,7,3,5,9,12,23,23,23,9,8,17,13,8,13,12,0,13,12
3,5,7,3,5,9,12,23,23,23,9,8,17,13,8,13,12,0,13,12
3,5,7,3,5,9,12,25,25,25,9,8,17,13,8,13,12,0,13,12
3,5,7,3,5,9,12,25,25,25,9,8,17,13,8,13,12,0,13,12
3,5,7,3,5,9,12,26,26,26,9,8,17,13,8,13,12,0,13,12
3,5,7,3,5,9,12,26,26,26,9,8,17,13,8,13,12,0,13,12
3,5,7,3,5,9,12,28,28,28,9,8,17,13,8,13,12,0,13,12
3,5,7,3,5,9,12,28,28,28,9,8,17,13,8,13,12,0,13,12
3,5,7,3,5,10,12,30,30,30,10,10,17,13,10,13,12,0,13,12
3,5,7,3,5,10,12,30,30,30,10,10,17,13,10,13,12,0,13,12
3,5,7,3,5,13,12,31,31,31,13,12,17,13,12,13,12,0,13,12
3,5,7,3,5,13,12,31,31,31,13,12,17,13,12,13,12,0,13,12
3,5,7,3,5,13,12,32,32,32,13,12,17,13,12,13,12,0,13,12
3,5,7,3,5,13,12,32,32,32,13,12,17,13,12,13,12,0,13,12
3,5,7,3,5,13,12,33,33,33,13,12,17,13,12,13,12,0,13,12
3,5,7,3,5,13,12,33,33,33,13,12,17,13,12,13,12,0,13,12
3,5,7,3,5,13,21,34,34,34,13,12,17,19,12,19,21,0,19,21
3,5,7,3,5,13,21,34,34,34,13,12,17,19,12,19,21,0,19,21
3,5,7,3,5,13,21,35,35,35,13,12,17,19,12,19,21,0,19,21
3,5,7,3,5,13,21,35,35,35,13,12,17,19,12,19,21,0,19,21
3,5,7,3,5,13,21,36,36,36,13,12,17,19,12,19,21,0,19,21
3,5,7,3,5,13,21,36,36,36,13,12,17,19,12,19,21,0,19,21
3,5,7,3,5,13,21,40,40,40,13,12,17,19,12,19,21,0,19,21
3,5,7,3,5,13,21,40,40,40,13,12,17,19,12,19,21,0,19,21
3,5,7,3,5,13,21,42,42,42,13,12,17,19,12,19,21,0,19,21
3,5,7,3,5,13,21,42,42,42,13,12,17,19,12,19,21,0,19,21
3,5,7,3,5,14,21,44,44,44,14,14,17,19,14,19,21,0,19,21
3,5,7,3,5,14,21,44,44,44,14,14,17,19,14,19,21,0,19,21
3,5,7,3,5,15,21,49,49,49,15,15,17,19,15,19,21,0,19,21
3,5,7,3,5,15,21,49,49,49,15,15,17,19,15,19,21,0,19,21
3,5,7,3,5,18,21,50,50,50,18,18,17,19,18,19,21,0,19,21
3,5,7,3,5,18,21,50,50,50,18,18,17,19,18,19,21,0,19,21
3,5,7,3,5,19,24,56,56,56,19,21,17,22,21,22,24,0,22,24
3,5,7,3,5,19,24,56,56,56,19,21,17,22,21,22,24,0,22,24
3,5,7,3,5,19,24,63,63,63,19,21,17,22,21,22,24,0,22,24
3,5,7,3,5,19,24,63,63,63,19,21,17,22,21,22,24,0,22,24
3,5,7,3,5,19,24,3,5,7,19,21,17,22,21,22,24,0,22,24
3,5,7,3,5,19,24,3,5,7,19,21,17,22,21,22,24,0,22,24
3,5,7,3,5,19,24,3,5,7,19,21,17,22,21,22,24,0,22,24
3,5,7,3,5,19,24,3,5,7,19,21,17,22,21,22,24,0,22,24
3,5,7,3,5,19,24,3,5,7,19,21,17,22,21,22,24,0,22,24
3,5,7,3,5,19,24,3,5,7,19,21,17,22,21,22,24,0,22,24
3,5,7,3,5,19,24,3,5,7,19,21,17,22,21,22,24,0,22,24
3,5,7,3,5,19,24,3,5,7,19,21,17,22,21,22,24,0,22,24
3,5,7,3,5,19,24,3,5,7,19,21,17,22,21,22,24,0,22,24
3,5,7,3,5,19,24,3,5,7,19,21,17,22,21,22,24,0,22,24
3,5,7,3,5,19,24,3,5,7,19,21,17,22,21,22,24,0,22,24
3,5,7,3,5,19,24,3,5,7,19,21,17,22,21,22,24,0,22,24
3,5,7,3,5,22,38,3,5,7,22,23,17,27,23,27,38,0,27,38
3,5,7,3,5,22,38,3,5,7,22,23,17,27,23,27,38,0,27,38
3,5,7,3,5,22,38,3,5,7,22,24,17,27,24,27,38,0,27,38
3,5,7,3,5,22,38,3,5,7,22,24,17,27,24,27,38,0,27,38
3,5,7,3,5,22,38,3,5,7,22,24,17,27,24,27,38,0,27,38
3,5,7,3,5,22,38,3,5,7,22,24,17,27,24,27,38,0,27,38
3,5,7,3,5,22,38,3,5,7,22,24,17,27,24,27,38,0,27,38
3,5,7,3,5,22,38,3,5,7,22,24,17,27,24,27,38,0,27,38
3,5,7,3,5,22,38,3,5,7,22,24,17,27,24,27,38,0,27,38
3,5,7,3,5,22,38,3,5,7,22,24,17,27,24,27,38,0,27,38
3,5,7,3,5,22,38,3,5,7,22,24,17,27,24,27,38,0,27,38
3,5,7,3,5,22,38,3,5,7,22,24,17,27,24,27,38,0,27,38
3,5,7,3,5,22,38,3,5,7,22,24,17,27,24,27,38,0,27,38
3,5,7,3,5,22,38,3,5,7,22,24,17,27,24,27,38,0,27,38
3,5,7,3,5,22,38,3,5,7,22,24,17,27,24,27,38,0,27,38
3,5,7,3,5,22,38,3,5,7,22,24,17,27,24,27,38,0,27,38
3,5,7,3,5,23,39,3,5,7,23,24,17,45,24,45,39,0,45,39
3,5,7,3,5,23,39,3,5,7,23,24,17,45,24,45,39,0,45,39
3,5,7,3,5,25,39,3,5,7,25,25,17,45,25,45,39,0,45,39
3,5,7,3,5,25,39,3,5,7,25,25,17,45,25,45,39,0,45,39
3,5,7,3,5,26,39,3,5,7,26,26,17,45,26,45,39,0,45,39
3,5,7,3,5,26,39,3,5,7,26,26,17,45,26,45,39,0,45,39
3,5,7,3,5,27,39,3,5,7,27,28,17,45,28,45,39,0,45,39
3,5,7,3,5,27,39,3,5,7,27,28,17,45,28,45,39,0,45,39
3,5,7,3,5,27,39,3,5,7,27,30,17,45,30,45,39,0,45,39
3,5,7,3,5,27,39,3,5,7,27,30,17,45,30,45,39,0,45,39
3,5,7,3,5,27,39,3,5,7,27,31,17,45,31,45,39,0,45,39
3,5,7,3,5,27,39,3,5,7,27,31,17,45,31,45,39,0,45,39
3,5,7,3,5,27,39,3,5,7,27,32,17,45,32,45,39,0,45,39
3,5,7,3,5,27,39,3,5,7,27,32,17,45,32,45,39,0,45,39
3,5,7,3,5,27,39,3,5,7,27,33,17,45,33,45,39,0,45,39
3,5,7,3,5,27,39,3,5,7,27,33,17,45,33,45,39,0,45,39
3,5,7,3,5,27,51,3,5,7,27,34,17,52,34,52,51,0,52,51
3,5,7,3,5,27,51,3,5,7,27,34,17,52,34,52,51,0,52,51
3,5,7,3,5,27,51,3,5,7,27,35,17,52,35,52,51,0,52,51
3,5,7,3,5,27,51,3,5,7,27,35,17,52,35,52,51,0,52,51
3,5,7,3,5,27,51,3,5,7,27,36,17,52,36,52,51,0,52,51
3,5,7,3,5,27,51,3,5,7,27,36,17,52,36,52,51,0,52,51
3,5,7,3,5,28,51,3,5,7,28,38,17,52,38,52,51,0,52,51
3,5,7,3,5,28,51,3,5,7,28,38,17,52,38,52,51,0,52,51
3,5,7,3,5,30,51,3,5,7,30,38,17,52,38,52,51,0,52,51
3,5,7,3,5,30,51,3,5,7,30,38,17,52,38,52,51,0,52,51
3,5,7,3,5,31,51,3,5,7,31,38,17,52,38,52,51,0,52,51
3,5,7,3,5,31,51,3,5,7,31,38,17,52,38,52,51,0,52,51
3,5,7,3,5,32,51,3,5,7,32,38,17,52,38,52,51,0,52,51
3,5,7,3,5,32,51,3,5,7,32,38,17,52,38,52,51,0,52,51
3,5,7,3,5,33,51,3,5,7,33,38,17,52,38,52,51,0,52,51
3,5,7,3,5,33,51,3,5,7,33,38,17,52,38,52,51,0,52,51
3,5,7,3,5,34,54,3,5,7,34,38,17,57,38,57,54,0,57,54
3,5,7,3,5,34,54,3,5,7,34,38,17,57,38,57,54,0,57,54
3,5,7,3,5,35,54,3,5,7,35,38,17,57,38,57,54,0,57,54
3,5,7,3,5,35,54,3,5,7,35,38,17,57,38,57,54,0,57,54
3,5,7,3,5,36,54,3,5,7,36,38,17,57,38,57,54,0,57,54
3,5,7,3,5,36,54,3,5,7,36,38,17,57,38,57,54,0,57,54
3,5,7,3,5,40,54,3,5,7,40,39,17,57,39,57,54,0,57,54
3,5,7,3,5,40,54,3,5,7,40,39,17,57,39,57,54,0,57,54
3,5,7,3,5,42,54,3,5,7,42,39,17,57,39,57,54,0,57,54
3,5,7,3,5,42,54,3,5,7,42,39,17,57,39,57,54,0,57,54
3,5,7,3,5,44,54,3,5,7,44,39,17,57,39,57,54,0,57,54
11,16,7,3,5,44,54,3,5,7,44,39,17,57,39,57,54,0,57,54
11,16,7,3,5,45,54,3,5,7,45,39,17,57,39,57,54,0,57,54
11,16,7,3,5,45,54,3,5,7,45,39,17,57,39,57,54,0,57,54
11,16,7,3,5,45,54,3,5,7,45,39,17,57,39,57,54,0,57,54
11,16,7,3,5,45,54,3,5,7,45,39,17,57,39,57,54,0,57,54
11,16,7,3,5,45,59,3,5,7,45,39,17,60,39,60,59,0,60,59
11,16,7,3,5,45,59,3,5,7,45,39,17,60,39,60,59,0,60,59
11,16,7,3,5,45,59,3,5,7,45,39,17,60,39,60,59,0,60,59
11,16,7,3,5,45,59,3,5,7,45,39,17,60,39,60,59,0,60,59
11,16,7,3,5,45,59,3,5,7,45,39,17,60,39,60,59,0,60,59
11,16,7,3,5,45,59,3,5,7,45,39,17,60,39,60,59,0,60,59
11,16,7,3,5,45,59,3,5,7,45,40,17,60,40,60,59,0,60,59
11,16,7,3,5,45,59,3,5,7,45,40,17,60,40,60,59,0,60,59
11,16,7,3,5,45,59,3,5,7,45,42,17,60,42,60,59,0,60,59
11,16,7,3,5,45,59,3,5,7,45,42,17,60,42,60,59,0,60,59
11,16,7,3,5,45,59,3,5,7,45,44,17,60,44,60,59,0,60,59
11,16,7,3,5,45,59,3,5,7,45,44,17,60,44,60,59,0,60,59
11,16,7,3,5,49,59,3,5,7,49,49,17,60,49,60,59,0,60,59
11,16,7,3,5,49,59,3,5,7,49,49,17,60,49,60,59,0,60,59
11,16,7,3,5,50,59,3,5,7,50,50,17,60,50,60,59,0,60,59
11,16,7,3,5,50,59,3,5,7,50,50,17,60,50,60,59,0,60,59
11,16,7,3,5,52,61,3,5,7,52,51,17,62,51,62,61,0,62,61
11,16,7,3,5,52,61,3,5,7,52,51,17,62,51,62,61,0,62,61
11,16,7,3,5,52,61,3,5,7,52,51,17,62,51,62,61,0,62,61
11,16,7,3,5,52,61,3,5,7,52,51,17,62,51,62,61,0,62,61
11,16,7,20,16,52,61,3,5,7,52,51,17,62,51,62,61,0,62,61
11,16,7,20,16,52,61,3,5,7,52,51,17,62,51,62,61,0,62,61
11,16,7,20,16,52,61,3,5,7,52,51,17,62,51,62,61,0,62,61
11,16,7,20,16,52,61,3,5,7,52,51,17,62,51,62,61,0,62,61
11,16,7,20,16,52,61,3,5,7,52,51,17,62,51,62,61,0,62,61
11,16,7,20,16,52,61,3,5,7,52,51,17,62,51,62,61,0,62,61
11,16,7,20,16,52,61,3,5,7,52,51,17,62,51,62,61,0,62,61
11,16,7,20,16,52,61,3,5,7,52,51,17,62,51,62,61,0,62,61
11,16,7,20,16,52,61,3,5,7,52,51,17,62,51,62,61,0,62,61
11,16,7,20,16,52,61,3,5,7,52,51,17,62,51,62,61,0,62,61
11,16,7,20,16,52,61,3,5,7,52,51,17,62,51,62,61,0,62,61
11,16,7,20,16,52,61,3,5,7,52,51,17,62,51,62,61,0,62,61
11,16,7,20,16,56,11,3,5,7,56,54,17,20,54,0,0,0,0,0
11,16,7,20,16,56,11,3,5,7,56,54,17,20,54,0,0,0,0,0
11,16,7,20,16,57,11,3,5,7,57,54,17,20,54,0,0,0,0,0
11,16,7,20,16,57,11,3,5,7,57,54,17,20,54,0,0,0,0,0
11,16,7,20,16,57,11,3,5,7,57,54,17,20,54,0,0,0,0,0
11,16,7,20,16,57,11,3,5,7,57,54,17,20,54,0,0,0,0,0
11,16,7,20,16,57,11,3,5,7,57,54,17,20,54,0,0,0,0,0
11,16,7,20,16,57,11,3,5,7,57,54,17,20,54,0,0,0,0,0
11,16,7,20,16,57,11,3,5,7,57,54,17,20,54,0,0,0,0,0
11,16,7,20,16,57,11,3,5,7,57,54,17,20,54,0,0,0,0,0
11,16,7,20,16,57,11,3,5,7,57,54,17,20,54,0,0,0,0,0
11,16,7,20,16,57,11,3,5,7,57,54,17,20,54,0,0,0,0,0
11,16,7,20,16,57,11,3,5,7,57,54,17,20,54,0,0,0,0,0
11,16,7,20,16,57,11,3,5,7,57,54,17,20,54,0,0,0,0,0
11,16,7,20,16,57,11,3,5,7,57,54,17,20,54,0,0,0,0,0
11,16,7,20,16,57,11,3,5,7,57,54,17,20,54,0,0,0,0,0
11,16,7,20,16,57,11,3,5,7,57,56,17,20,56,0,0,0,0,0
11,16,7,20,16,57,11,3,5,7,57,56,17,20,56,0,0,0,0,0
11,16,7,20,16,60,11,3,5,7,60,59,17,20,59,0,0,0,0,0
11,16,7,20,16,60,11,3,5,7,60,59,17,20,59,0,0,0,0,0
11,16,7,20,16,60,11,3,5,7,60,59,17,20,59,0,0,0,0,0
11,16,7,20,16,60,11,3,5,7,60,59,17,20,59,0,0,0,0,0
11,16,7,20,16,60,11,3,5,7,60,59,17,20,59,0,0,0,0,0
11,16,7,20,16,60,11,3,5,7,60,59,17,20,59,0,0,0,0,0
11,16,17,20,16,60,11,3,5,7,60,59,17,20,59,0,0,0,0,0
11,16,17,20,16,60,11,3,5,7,60,59,17,20,59,0,0,0,0,0
11,16,17,20,16,60,11,3,5,7,60,59,17,20,59,0,0,0,0,0
11,16,17,20,16,60,11,3,5,7,60,59,17,20,59,0,0,0,0,0
11,16,17,20,16,60,11,3,5,7,60,59,17,20,59,0,0,0,0,0
11,16,17,20,16,60,11,3,5,7,60,59,17,20,59,0,0,0,0,0
11,16,17,20,16,60,11,3,5,7,60,59,17,20,59,0,0,0,0,0
11,16,17,20,16,60,11,3,5,7,60,59,17,20,59,0,0,0,0,0
11,16,17,20,16,60,11,3,5,7,60,59,17,20,59,0,0,0,0,0
11,16,17,20,16,60,11,3,5,7,60,59,17,20,59,0,0,0,0,0
11,16,17,20,16,62,11,3,5,7,62,61,17,20,61,0,0,0,0,0
11,16,17,20,16,62,11,3,5,7,62,61,17,20,61,0,0,0,0,0
11,16,17,20,16,62,11,3,5,7,62,61,17,20,61,0,0,0,0,0
11,16,17,20,16,62,11,3,5,7,62,61,17,20,61,0,0,0,0,0
11,16,17,20,16,62,11,3,5,7,62,61,17,20,61,0,0,0,0,0
11,16,17,20,16,62,11,3,5,7,62,61,17,20,61,0,0,0,0,0
11,16,17,20,16,62,11,3,5,7,62,61,17,20,61,0,0,0,0,0
11,16,17,20,16,62,11,3,5,7,62,61,17,20,61,0,0,0,0,0
11,16,17,20,16,62,11,3,5,7,62,61,17,20,61,0,0,0,0,0
11,16,17,20,16,62,11,3,5,7,62,61,17,20,61,0,0,0,0,0
11,16,17,20,16,62,11,3,5,7,62,61,17,20,61,0,0,0,0,0
11,16,17,20,16,62,11,3,5,7,62,61,17,20,61,0,0,0,0,0
11,16,17,20,16,62,11,3,5,7,62,61,17,20,61,0,0,0,0,0
11,16,17,20,16,62,11,3,5,7,62,61,17,20,61,0,0,0,0,0
11,16,17,20,16,62,11,3,5,7,62,61,17,20,61,0,0,0,0,0
11,16,17,20,16,62,11,3,5,7,62,61,17,20,61,0,0,0,0,0
11,16,17,20,16,63,11,3,5,7,63,63,17,20,63,0,0,0,0,0
11,16,17,20,16,63,11,3,5,7,63,63,17,20,63,0,0,0,0,0
11,16,17,20,16,7,11,3,5,7,11,16,17,20,0,0,0,0,0,0
11,16,17,20,16,7,11,3,5,7,11,16,17,20,0,0,0,0,0,0
11,16,17,20,16,7,11,3,5,7,11,16,17,20,0,0,0,0,0,0
11,16,17,20,16,7,11,3,5,7,11,16,17,20,0,0,0,0,0,0
11,16,17,20,16,7,11,3,5,7,11,16,17,20,0,0,0,0,0,0
11,16,17,20,16,7,11,3,5,7,11,16,17,20,0,0,0,0,0,0
11,16,17,20,16,7,11,3,5,7,11,16,17,20,0,0,0,0,0,0
11,16,17,20,16,7,11,3,5,7,11,16,17,20,0,0,0,0,0,0
11,16,17,20,16,7,11,3,5,7,11,16,17,20,0,0,0,0,0,0
11,16,17,20,16,7,11,3,5,7,11,16,17,20,0,0,0,0,0,0
11,16,17,20,16,7,11,3,5,7,11,16,17,20,0,0,0,0,0,0
11,16,17,20,16,7,11,3,5,7,11,16,17,20,0,0,0,0,0,0
11,16,17,20,16,7,11,3,5,7,11,16,17,20,0,0,0,0,0,0
11,16,17,20,16,7,11,3,5,7,11,16,17,20,0,0,0,0,0,0
11,16,17,20,16,7,11,3,5,7,11,16,17,20,0,0,0,0,0,0
11,16,17,20,16,7,11,3,5,7,11,16,17,20,0,0,0,0,0,0
11,16,17,20,16,7,11,3,5,7,11,16,17,20,0,0,0,0,0,0
11,16,17,20,16,7,11,3,5,7,11,16,17,20,0,0,0,0,0,0
11,16,17,20,16,7,11,3,5,7,11,16,17,20,0,0,0,0,0,0
11,16,17,20,16,7,11,3,5,7,11,16,17,20,0,0,0,0,0,0
11,16,17,20,16,7,11,3,5,7,11,16,17,20,0,0,0,0,0,0
11,16,17,20,16,7,11,3,5,7,11,16,17,20,0,0,0,0,0,0
11,16,17,20,16,7,11,3,5,7,11,16,17,20,0,0,0,0,0,0
11,16,17,20,16,7,11,3,5,7,11,16,17,20,0,0,0,0,0,0
11,16,17,20,16,7,11,3,5,7,11,16,17,20,0,0,0,0,0,0
11,16,17,20,16,7,11,3,5,7,11,16,17,20,0,0,0,0,0,0
11,16,17,20,16,7,11,3,5,7,11,16,17,20,0,0,0,0,0,0
11,16,17,20,16,7,11,3,5,7,11,16,17,20,0,0,0,0,0,0
11,16,17,20,16,7,11,3,5,7,11,16,17,20,0,0,0,0,0,0
11,16,17,20,16,7,11,3,5,7,11,16,17,20,0,0,0,0,0,0
11,16,17,20,16,7,11,3,5,7,11,16,17,20,0,0,0,0,0,0
11,16,17,20,16,7,11,3,5,7,11,16,17,20,0,0,0,0,0,0
11,16,17,20,16,7,11,3,5,7,11,16,17,20,0,0,0,0,0,0
11,16,17,20,16,7,11,3,5,7,11,16,17,20,0,0,0,0,0,0
20,29,17,20,16,7,11,3,5,7,11,16,29,20,0,0,0,0,0,0
20,29,17,20,16,7,11,3,5,7,11,16,29,20,0,0,0,0,0,0
20,29,17,20,16,7,11,3,5,7,11,16,29,20,0,0,0,0,0,0
20,29,17,20,16,7,11,3,5,7,11,16,29,20,0,0,0,0,0,0
20,29,17,20,16,7,11,3,5,7,11,16,29,20,0,0,0,0,0,0
20,29,17,20,16,7,11,3,5,7,11,16,29,20,0,0,0,0,0,0
20,29,17,20,16,7,11,3,5,7,11,16,29,20,0,0,0,0,0,0
20,29,17,20,16,7,11,3,5,7,11,16,29,20,0,0,0,0,0,0
20,29,17,20,16,7,11,3,5,7,11,16,29,20,0,0,0,0,0,0
20,29,17,20,16,7,11,3,5,7,11,16,29,20,0,0,0,0,0,0
20,29,17,20,16,7,11,3,5,7,11,16,29,20,0,0,0,0,0,0
20,29,17,20,16,7,11,3,5,7,11,16,29,20,0,0,0,0,0,0
20,29,17,20,16,7,11,3,5,7,11,16,29,20,0,0,0,0,0,0
20,29,17,20,16,7,11,3,5,7,11,16,29,20,0,0,0,0,0,0
20,29,17,20,16,7,11,3,5,7,11,16,29,20,0,0,0,0,0,0
20,29,17,20,16,7,11,3,5,7,11,16,29,20,0,0,0,0,0,0
20,29,17,20,16,7,11,3,5,7,11,16,29,20,0,0,0,0,0,0
20,29,17,20,16,7,11,3,5,7,11,16,29,20,0,0,0,0,0,0
20,29,17,20,16,7,11,3,5,7,11,16,29,20,0,0,0,0,0,0
20,29,17,20,16,7,11,3,5,7,11,16,29,20,0,0,0,0,0,0
20,29,17,20,16,7,11,3,5,7,11,16,29,20,0,0,0,0,0,0
20,29,17,20,16,7,11,3,5,7,11,16,29,20,0,0,0,0,0,0
20,29,17,20,16,7,11,3,5,7,11,16,29,20,0,0,0,0,0,0
20,29,17,20,16,7,11,3,5,7,11,16,29,20,0,0,0,0,0,0
20,29,17,20,16,7,11,3,5,7,11,16,29,20,0,0,0,0,0,0
20,29,17,20,16,7,11,3,5,7,11,16,29,20,0,0,0,0,0,0
20,29,17,20,16,7,11,3,5,7,11,16,29,20,0,0,0,0,0,0
20,29,17,20,16,7,11,3,5,7,11,16,29,20,0,0,0,0,0,0
20,29,17,20,16,7,11,3,5,7,11,16,29,20,0,0,0,0,0,0
20,29,17,20,16,7,11,3,5,7,11,16,29,20,0,0,0,0,0,0
20,29,17,20,16,7,11,3,5,7,11,16,29,20,0,0,0,0,0,0
20,29,17,20,16,7,11,3,5,7,11,16,29,20,0,0,0,0,0,0
20,29,17,20,16,7,11,3,5,7,11,16,29,20,0,0,0,0,0,0
20,29,17,20,16,7,11,3,5,7,11,16,29,20,0,0,0,0,0,0
20,29,17,20,16,7,11,41,43,7,11,16,29,20,0,0,0,0,0,0
20,29,17,20,16,7,11,41,43,7,11,16,29,20,0,0,0,0,0,0
20,29,17,20,16,7,11,41,43,7,11,16,29,20,0,0,0,0,0,0
20,29,17,20,16,7,11,41,43,7,11,16,29,20,0,0,0,0,0,0
20,29,17,20,16,7,11,41,43,7,11,16,29,20,0,0,0,0,0,0
20,29,17,20,16,7,11,41,43,7,11,16,29,20,0,0,0,0,0,0
20,29,17,20,16,7,11,41,43,7,11,16,29,20,0,0,0,0,0,0
20,29,17,20,16,7,11,41,43,7,11,16,29,20,0,0,0,0,0,0
20,29,17,20,16,7,11,41,43,7,11,16,29,20,0,0,0,0,0,0
20,29,17,20,16,7,11,41,43,7,11,16,29,20,0,0,0,0,0,0
20,29,17,20,16,7,11,41,43,7,11,16,29,20,0,0,0,0,0,0
20,29,17,20,16,7,11,41,43,7,11,16,29,20,0,0,0,0,0,0
20,29,17,20,16,7,11,41,43,7,11,16,29,20,0,0,0,0,0,0
20,29,17,20,16,7,11,41,43,7,11,16,29,20,0,0,0,0,0,0
20,29,17,20,16,7,11,41,43,7,11,16,29,20,0,0,0,0,0,0
20,29,17,41,43,7,11,41,43,7,11,16,29,20,0,0,0,0,0,0
20,29,17,41,43,7,11,41,43,7,11,16,29,20,0,0,0,0,0,0
20,29,17,41,43,7,11,41,43,7,11,16,29,20,0,0,0,0,0,0
20,29,17,41,43,7,11,41,43,7,11,16,29,20,0,0,0,0,0,0
20,29,17,41,43,7,11,41,43,7,11,16,29,20,0,0,0,0,0,0
20,29,17,41,43,7,11,41,43,7,11,16,29,20,0,0,0,0,0,0
20,29,17,41,43,7,11,41,43,7,11,16,29,20,0,0,0,0,0,0
20,29,17,41,43,7,11,41,43,7,11,16,29,20,0,0,0,0,0,0
20,29,17,41,43,7,11,41,43,7,11,16,29,20,0,0,0,0,0,0
20,29,17,41,43,7,17,41,43,7,11,16,29,20,0,0,0,0,0,0
20,29,17,41,43,7,17,41,43,7,11,16,29,20,0,0,0,0,0,0
20,29,17,41,43,7,17,41,43,7,11,16,29,20,0,0,0,0,0,0
20,29,17,41,43,7,17,41,43,7,11,16,29,20,0,0,0,0,0,0
20,29,17,41,43,7,17,41,43,7,11,16,29,20,0,0,0,0,0,0
20,29,17,41,43,7,17,41,43,7,11,16,29,20,0,0,0,0,0,0
20,29,17,41,43,7,17,41,43,7,11,16,29,20,0,0,0,0,0,0
20,29,17,41,43,7,17,41,43,7,11,16,29,20,0,0,0,0,0,0
20,29,17,41,43,7,17,41,43,7,11,16,29,20,0,0,0,0,0,0
20,29,17,41,43,7,17,41,43,7,11,16,29,20,0,0,0,0,0,0
20,29,17,41,43,7,17,41,43,7,11,16,29,20,0,0,0,0,0,0
20,29,17,41,43,7,17,41,43,7,11,16,29,20,0,0,0,0,0,0
20,29,17,41,43,7,17,41,43,7,11,16,29,20,0,0,0,0,0,0
20,29,17,41,43,7,17,41,43,7,11,16,29,20,0,0,0,0,0,0
20,29,17,41,43,7,17,41,43,7,11,16,29,20,0,0,0,0,0,0
20,29,17,41,43,7,17,41,43,7,11,16,29,20,0,0,0,0,0,0
20,29,17,41,43,7,17,41,43,7,11,16,29,20,0,0,0,0,0,0
20,29,17,41,43,7,17,41,43,7,11,16,29,20,0,0,0,0,0,0
20,29,17,41,43,7,17,41,43,7,11,16,29,20,0,0,0,0,0,0
20,29,17,41,43,7,17,41,43,7,11,16,29,20,0,0,0,0,0,0
20,29,17,41,43,7,17,41,43,7,11,16,29,20,0,0,0,0,0,0
20,29,17,41,43,7,17,41,43,7,11,16,29,20,0,0,0,0,0,0
20,29,17,41,43,7,17,41,43,7,11,16,29,20,0,0,0,0,0,0
20,29,17,41,43,7,17,41,43,7,11,16,29,20,0,0,0,0,0,0
20,29,17,41,43,7,17,41,43,7,11,16,29,20,0,0,0,0,0,0
20,29,17,41,43,7,17,41,43,7,11,16,29,20,0,0,0,0,0,0
20,29,17,41,43,7,17,41,43,7,11,16,29,20,0,0,0,0,0,0
20,29,17,41,43,7,17,41,43,7,11,16,29,20,0,0,0,0,0,0
20,29,17,41,43,7,17,41,43,7,11,16,29,20,0,0,0,0,0,0
20,29,17,41,43,7,17,41,43,7,11,16,29,20,0,0,0,0,0,0
20,29,17,41,43,7,17,41,43,7,11,16,29,20,0,0,0,0,0,0
20,29,17,41,43,7,17,41,43,7,11,16,29,20,0,0,0,0,0,0
20,29,17,41,43,7,17,41,43,7,11,16,29,20,0,0,0,0,0,0
20,29,17,41,43,7,17,41,43,7,11,16,29,20,0,0,0,0,0,0
20,29,17,41,43,7,17,41,43,7,11,16,29,20,0,0,0,0,0,0
20,29,17,41,43,7,17,41,43,7,11,16,29,20,0,0,0,0,0,0
20,29,17,41,43,7,17,41,43,7,11,16,29,20,0,0,0,0,0,0
20,29,17,41,43,7,17,41,43,7,11,16,29,20,0,0,0,0,0,0
20,29,17,41,43,7,17,41,43,7,11,16,29,20,0,0,0,0,0,0
20,29,17,41,43,29,17,41,43,7,11,16,29,20,0,0,0,0,0,0
20,29,17,41,43,29,17,41,43,7,11,16,29,20,0,0,0,0,0,0
20,29,17,41,43,29,17,41,43,7,11,16,29,20,0,0,0,0,0,0
20,29,17,41,43,29,17,41,43,7,11,16,29,20,0,0,0,0,0,0
20,29,17,41,43,29,17,41,43,7,11,16,29,20,0,0,0,0,0,0
20,29,17,41,43,29,17,41,43,7,11,16,29,20,0,0,0,0,0,0
20,29,17,41,43,29,17,41,43,7,11,16,29,20,0,0,0,0,0,0
20,29,17,41,43,29,17,41,43,7,11,16,29,20,0,0,0,0,0,0
20,29,17,41,43,29,17,41,43,7,11,16,29,20,0,0,0,0,0,0
20,29,17,41,43,29,17,41,43,7,11,16,29,20,0,0,0,0,0,0
20,29,17,41,43,29,17,41,43,7,11,16,29,20,0,0,0,0,0,0
20,29,17,41,43,29,17,41,43,7,11,16,29,20,0,0,0,0,0,0
20,29,17,41,43,29,17,41,43,7,11,16,29,20,0,0,0,0,0,0
20,29,17,41,43,29,17,41,43,7,11,16,29,20,0,0,0,0,0,0
20,29,17,41,43,29,17,41,43,7,11,16,29,20,0,0,0,0,0,0
20,29,17,41,43,29,17,41,43,7,11,16,29,20,0,0,0,0,0,0
20,29,17,41,43,29,17,41,43,7,11,16,29,20,0,0,0,0,0,0
20,29,17,41,43,29,17,41,43,7,11,16,29,20,0,0,0,0,0,0
20,29,17,41,43,29,17,41,43,7,11,16,29,20,0,0,0,0,0,0
20,29,17,41,43,29,17,41,43,7,11,16,29,20,0,0,0,0,0,0
20,29,17,41,43,29,17,41,43,7,11,16,29,20,0,0,0,0,0,0
20,29,17,41,43,29,17,41,43,7,11,16,29,20,0,0,0,0,0,0
20,29,17,41,43,29,17,41,43,7,11,16,29,20,0,0,0,0,0,0
20,29,17,41,43,29,17,41,43,7,11,16,29,20,0,0,0,0,0,0
20,29,17,41,43,29,17,41,43,7,11,16,29,20,0,0,0,0,0,0
20,29,37,41,43,29,17,41,43,7,11,16,29,20,0,0,0,0,0,0
41,43,37,41,43,29,17,41,43,7,11,16,29,20,0,0,0,0,0,0
41,43,37,41,43,29,17,41,43,7,11,16,29,20,0,0,0,0,0,0
41,43,37,41,43,29,17,41,43,7,11,16,29,20,0,0,0,0,0,0
41,43,37,41,43,29,17,41,43,7,11,16,29,20,0,0,0,0,0,0
41,43,37,41,43,29,17,41,43,7,11,16,29,20,0,0,0,0,0,0
41,43,37,41,43,29,17,41,43,7,11,16,29,20,0,0,0,0,0,0
41,43,37,41,43,29,17,41,43,7,11,16,29,20,0,0,0,0,0,0
41,43,37,41,43,29,17,41,43,7,11,16,29,20,0,0,0,0,0,0
41,43,37,41,43,29,17,41,43,7,11,16,29,20,0,0,0,0,0,0
41,43,37,41,43,29,17,41,43,7,11,16,29,20,0,0,0,0,0,0
41,43,37,41,43,29,17,41,43,7,11,16,29,20,0,0,0,0,0,0
41,43,37,41,43,29,17,41,43,7,11,16,29,20,0,0,0,0,0,0
41,43,37,41,43,29,17,41,43,7,11,16,29,20,0,0,0,0,0,0
41,43,37,41,43,29,17,41,43,7,11,16,29,20,0,0,0,0,0,0
41,43,37,41,43,29,17,41,43,7,11,16,29,20,0,0,0,0,0,0
41,43,37,41,43,29,17,41,43,7,11,16,29,20,0,0,0,0,0,0
41,43,37,41,43,29,17,41,43,7,11,16,29,20,0,0,0,0,0,0
41,43,37,41,43,29,17,41,43,7,11,16,29,20,0,0,0,0,0,0
41,43,37,41,43,29,17,41,43,7,11,16,29,20,0,0,0,0,0,0
41,43,37,41,43,29,17,41,43,7,11,16,29,20,0,0,0,0,0,0
41,43,37,41,43,29,17,41,43,7,11,16,29,20,0,0,0,0,0,0
41,43,37,41,43,29,17,41,43,7,11,16,29,20,0,0,0,0,0,0
41,43,37,41,43,29,17,41,43,7,11,16,29,20,0,0,0,0,0,0
41,43,37,41,43,29,17,41,43,7,11,16,29,20,0,0,0,0,0,0
41,43,37,41,43,29,17,41,43,7,11,16,29,20,0,0,0,0,0,0
41,43,37,41,43,29,17,41,43,46,11,16,29,20,0,0,0,0,0,0
41,43,37,41,43,29,17,41,43,46,11,16,29,20,0,0,0,0,0,0
41,43,37,41,43,29,17,41,43,46,11,16,29,20,0,0,0,0,0,0
41,43,37,41,43,29,17,41,43,46,11,16,29,20,0,0,0,0,0,0
41,43,37,41,43,29,17,41,43,46,11,16,29,20,0,0,0,0,0,0
41,43,37,41,43,29,17,41,43,46,11,16,29,20,0,0,0,0,0,0
41,43,37,41,43,29,17,41,43,46,11,16,29,20,0,0,0,0,0,0
41,43,37,41,43,29,17,41,43,46,11,16,29,20,0,0,0,0,0,0
41,43,37,41,43,29,17,41,43,46,11,16,29,20,0,0,0,0,0,0
41,43,37,41,43,29,17,41,43,46,11,16,29,20,0,0,0,0,0,0
41,43,37,41,43,29,17,41,43,46,11,16,29,20,0,0,0,0,0,0
41,43,37,41,43,29,17,41,43,46,11,16,29,20,0,0,0,0,0,0
41,43,37,41,43,29,17,41,43,46,11,16,29,20,0,0,0,0,0,0
41,43,37,41,43,29,17,41,43,46,11,16,29,20,0,0,0,0,0,0
41,43,37,41,43,29,17,41,43,46,11,16,29,20,0,0,0,0,0,0
41,43,37,41,43,29,17,41,43,46,11,16,29,20,0,0,0,0,0,0
41,43,37,41,43,29,17,41,43,46,11,16,29,20,0,0,0,0,0,0
41,43,37,41,43,29,17,41,43,46,11,16,29,20,0,0,0,0,0,0
41,43,37,41,43,29,17,41,43,46,11,16,29,20,0,0,0,0,0,0
41,43,37,41,43,29,17,41,43,46,11,16,29,20,0,0,0,0,0,0
41,43,37,41,43,29,17,41,43,46,11,16,29,20,0,0,0,0,0,0
41,43,37,41,43,29,17,41,43,46,11,16,29,20,0,0,0,0,0,0
41,43,37,41,43,29,17,41,43,46,11,16,29,20,0,0,0,0,0,0
41,43,37,41,43,29,17,41,43,46,11,16,29,20,0,0,0,0,0,0
41,43,37,41,43,29,17,41,43,46,11,16,29,20,0,0,0,0,0,0
41,43,37,41,43,29,17,41,43,46,11,16,29,20,0,0,0,0,0,0
41,43,37,41,43,29,17,41,43,46,11,16,29,20,0,0,0,0,0,0
41,43,37,41,43,29,17,41,43,46,11,16,29,20,0,0,0,0,0,0
41,43,37,41,43,29,17,41,43,46,11,16,29,20,0,0,0,0,0,0
41,43,37,41,43,29,17,41,43,46,11,16,29,20,0,0,0,0,0,0
41,43,37,41,43,29,17,41,43,46,11,16,29,20,0,0,0,0,0,0
41,43,37,41,43,29,17,41,43,46,11,16,29,20,0,0,0,0,0,0
41,43,37,41,43,29,17,41,43,46,11,16,29,20,0,0,0,0,0,0
41,43,37,41,43,29,17,41,43,46,11,16,29,20,0,0,0,0,0,0
41,43,37,41,43,29,17,41,43,46,11,16,29,20,0,0,0,0,0,0
41,43,37,41,43,29,17,41,43,46,11,16,29,20,0,0,0,0,0,0
41,43,37,41,43,29,17,41,43,46,11,16,29,20,0,0,0,0,0,0
41,43,37,41,43,29,17,41,43,46,11,16,29,20,0,0,0,0,0,0
41,43,37,41,43,29,17,41,43,46,11,16,29,20,0,0,0,0,0,0
41,43,37,41,43,29,17,41,43,46,11,16,29,20,0,0,0,0,0,0
41,43,37,41,43,29,17,41,43,46,11,16,29,20,0,0,0,0,0,0
41,43,37,41,43,29,17,41,43,46,11,16,29,20,0,0,0,0,0,0
41,43,37,41,43,29,17,41,43,46,11,16,29,20,0,0,0,0,0,0
41,43,37,41,43,29,17,41,43,46,11,16,29,20,0,0,0,0,0,0
41,43,37,41,43,29,17,41,43,46,11,16,29,20,0,0,0,0,0,0
41,43,37,41,43,29,17,41,43,46,11,16,29,20,0,0,0,0,0,0
41,43,37,41,43,29,17,41,43,46,11,16,29,20,0,0,0,0,0,0
41,43,37,41,43,29,17,41,43,46,11,16,29,20,0,0,0,0,0,0
41,43,37,47,48,29,17,41,43,46,11,16,29,20,0,0,0,0,0,0
41,43,37,47,48,29,17,41,43,46,11,16,29,20,0,0,0,0,0,0
41,43,37,47,48,29,17,41,43,46,11,16,29,20,0,0,0,0,0,0
41,43,37,47,48,29,17,41,43,46,11,16,29,20,0,0,0,0,0,0
41,43,37,47,48,29,17,41,43,46,11,16,29,20,0,0,0,0,0,0
41,43,37,47,48,29,17,41,43,46,11,16,29,20,0,0,0,0,0,0
41,43,37,47,48,29,37,41,43,46,11,16,29,37,0,0,0,0,0,0
41,43,37,47,48,29,37,41,43,46,11,16,29,37,0,0,0,0,0,0
41,43,37,47,48,29,37,41,43,46,11,16,29,37,0,0,0,0,0,0
41,43,37,47,48,29,37,41,43,46,11,16,29,37,0,0,0,0,0,0
41,43,37,47,48,29,37,41,43,46,11,16,29,37,0,0,0,0,0,0
41,43,37,47,48,29,37,41,43,46,11,16,29,37,0,0,0,0,0,0
41,43,37,47,48,29,37,41,43,46,11,16,29,37,0,0,0,0,0,0
41,43,37,47,48,29,37,41,43,46,11,16,29,37,0,0,0,0,0,0
41,43,37,47,48,29,37,41,43,46,11,16,29,37,0,0,0,0,0,0
41,43,37,47,48,29,37,41,43,46,11,16,29,37,0,0,0,0,0,0
41,43,37,47,48,29,37,41,43,46,11,16,29,37,0,0,0,0,0,0
41,43,37,47,48,29,37,41,43,46,11,16,29,37,0,0,0,0,0,0
41,43,37,47,48,29,37,41,43,46,11,16,29,37,0,0,0,0,0,0
41,43,37,47,48,29,37,41,43,46,11,16,29,37,0,0,0,0,0,0
41,43,37,47,48,29,37,41,43,46,11,16,29,37,0,0,0,0,0,0
41,43,37,47,48,29,37,41,43,46,11,16,29,37,0,0,0,0,0,0
41,43,37,47,48,29,37,41,43,46,11,16,29,37,0,0,0,0,0,0
41,43,37,47,48,29,37,41,43,46,11,16,29,37,0,0,0,0,0,0
41,43,37,47,48,29,37,41,43,46,11,16,29,37,0,0,0,0,0,0
41,43,37,47,48,29,37,41,43,46,11,16,29,37,0,0,0,0,0,0
41,43,37,47,48,29,37,41,43,46,11,16,29,37,0,0,0,0,0,0
41,43,37,47,48,29,37,41,43,46,11,16,29,37,0,0,0,0,0,0
41,43,37,47,48,29,37,41,43,46,11,16,29,37,0,0,0,0,0,0
41,43,37,47,48,29,37,41,43,46,11,16,29,37,0,0,0,0,0,0
41,43,37,47,48,29,37,41,43,46,11,16,29,37,0,0,0,0,0,0
41,43,37,47,48,29,37,41,43,46,11,16,29,37,0,0,0,0,0,0
41,43,37,47,48,46,37,41,43,46,47,48,29,37,0,0,0,0,0,0
41,43,37,47,48,46,37,41,43,46,47,48,29,37,0,0,0,0,0,0
41,43,37,47,48,46,37,41,43,46,47,48,29,37,0,0,0,0,0,0
41,43,37,47,48,46,37,41,43,46,47,48,29,37,0,0,0,0,0,0
41,43,37,47,48,46,37,41,43,46,47,48,29,37,0,0,0,0,0,0
41,43,37,47,48,46,37,41,43,46,47,48,29,37,0,0,0,0,0,0
41,43,37,47,48,46,37,41,43,46,47,48,29,37,0,0,0,0,0,0
41,43,37,47,48,46,37,41,43,46,47,48,29,37,0,0,0,0,0,0
41,43,37,47,48,46,37,41,43,46,47,48,29,37,0,0,0,0,0,0
41,43,37,47,48,46,37,41,43,46,47,48,29,37,0,0,0,0,0,0
41,43,37,47,48,46,37,41,43,46,47,48,29,37,0,0,0,0,0,0
41,43,37,47,48,46,37,41,43,46,47,48,29,37,0,0,0,0,0,0
41,43,37,47,48,46,37,41,43,46,47,48,29,37,0,0,0,0,0,0
41,43,37,47,48,46,37,41,43,46,47,48,29,37,0,0,0,0,0,0
41,43,37,47,48,46,37,41,43,46,47,48,29,37,0,0,0,0,0,0
41,43,37,47,48,46,37,41,43,46,47,48,29,37,0,0,0,0,0,0
41,43,37,47,48,46,37,41,43,46,47,48,29,37,0,0,0,0,0,0
41,43,37,47,48,46,37,41,43,46,47,48,53,37,0,0,0,0,0,0
48,53,37,47,48,46,37,41,43,46,47,48,53,37,0,0,0,0,0,0
48,53,37,47,48,46,37,41,43,46,47,48,53,37,0,0,0,0,0,0
48,53,37,47,48,46,37,41,43,46,47,48,53,37,0,0,0,0,0,0
48,53,37,47,48,46,37,41,43,46,47,48,53,37,0,0,0,0,0,0
48,53,37,47,48,46,37,41,43,46,47,48,53,37,0,0,0,0,0,0
48,53,37,47,48,46,37,41,43,46,47,48,53,37,0,0,0,0,0,0
48,53,37,47,48,46,37,41,43,46,47,48,53,37,0,0,0,0,0,0
48,53,37,47,48,46,37,41,43,46,47,48,53,37,0,0,0,0,0,0
48,53,37,47,48,46,37,41,43,46,47,48,53,37,0,0,0,0,0,0
48,53,37,47,48,46,37,41,43,46,47,48,53,37,0,0,0,0,0,0
48,53,37,47,48,46,37,41,43,46,47,48,53,37,0,0,0,0,0,0
48,53,37,47,48,46,37,41,43,46,47,48,53,37,0,0,0,0,0,0
48,53,37,47,48,46,37,41,43,46,47,48,53,37,0,0,0,0,0,0
48,53,37,47,48,46,37,41,43,46,47,48,53,37,0,0,0,0,0,0
48,53,37,47,48,46,37,41,43,46,47,48,53,37,0,0,0,0,0,0
48,53,37,47,48,46,37,41,43,46,47,48,53,37,0,0,0,0,0,0
48,53,37,47,48,46,37,55,58,46,47,48,53,37,0,0,0,0,0,0
48,53,37,47,48,46,37,55,58,46,47,48,53,37,0,0,0,0,0,0
48,53,37,47,48,46,37,55,58,46,47,48,53,37,0,0,0,0,0,0
48,53,37,47,48,46,37,55,58,46,47,48,53,37,0,0,0,0,0,0
48,53,37,47,48,46,37,55,58,46,47,48,53,37,0,0,0,0,0,0
48,53,37,47,48,46,37,55,58,46,47,48,53,37,0,0,0,0,0,0
48,53,37,47,48,46,37,55,58,46,47,48,53,37,0,0,0,0,0,0
48,53,37,47,48,46,37,55,58,46,47,48,53,37,0,0,0,0,0,0
48,53,37,47,48,46,37,55,58,46,47,48,53,37,0,0,0,0,0,0
48,53,37,47,48,46,37,55,58,46,47,48,53,37,0,0,0,0,0,0
48,53,37,47,48,46,37,55,58,46,47,48,53,37,0,0,0,0,0,0
48,53,37,47,48,46,37,55,58,46,47,48,53,37,0,0,0,0,0,0
48,53,37,47,48,46,37,55,58,46,47,48,53,37,0,0,0,0,0,0
48,53,37,47,48,46,37,55,58,46,47,48,53,37,0,0,0,0,0,0
48,53,37,47,48,46,37,55,58,46,47,48,53,37,0,0,0,0,0,0
48,53,37,47,48,46,37,55,58,46,47,48,53,37,0,0,0,0,0,0
48,53,37,47,48,46,37,55,58,46,47,48,53,37,0,0,0,0,0,0
48,53,37,47,48,46,37,55,58,46,47,48,53,37,0,0,0,0,0,0
48,53,37,47,48,46,37,55,58,46,47,48,53,37,0,0,0,0,0,0
48,53,37,47,48,46,37,55,58,46,47,48,53,37,0,0,0,0,0,0
48,53,37,47,48,46,37,55,58,46,47,48,53,37,0,0,0,0,0,0
48,53,37,47,48,46,37,55,58,46,47,48,53,37,0,0,0,0,0,0
48,53,37,47,48,46,37,55,58,46,47,48,53,37,0,0,0,0,0,0
48,53,37,47,48,46,37,55,58,46,47,48,53,37,0,0,0,0,0,0
48,53,37,47,48,46,37,55,58,46,47,48,53,37,0,0,0,0,0,0
48,53,37,47,48,46,37,55,58,46,47,48,53,37,0,0,0,0,0,0
48,53,37,47,48,46,37,55,58,46,47,48,53,37,0,0,0,0,0,0
48,53,37,47,48,46,37,55,58,46,47,48,53,37,0,0,0,0,0,0
48,53,37,47,48,46,37,55,58,46,47,48,53,37,0,0,0,0,0,0
48,53,37,47,48,46,37,55,58,46,47,48,53,37,0,0,0,0,0,0
48,53,37,47,48,46,37,55,58,46,47,48,53,37,0,0,0,0,0,0
48,53,37,47,48,46,37,55,58,46,47,48,53,37,0,0,0,0,0,0
48,53,37,47,48,46,37,55,58,46,47,48,53,37,0,0,0,0,0,0
48,53,37,47,48,46,37,55,58,46,47,48,53,37,0,0,0,0,0,0
48,53,37,47,48,46,37,55,58,46,47,48,53,37,0,0,0,0,0,0
48,53,37,47,48,46,37,55,58,46,47,48,53,37,0,0,0,0,0,0
48,53,37,47,48,46,37,55,58,46,47,48,53,37,0,0,0,0,0,0
48,53,37,47,48,46,37,55,58,46,47,48,53,37,0,0,0,0,0,0
48,53,37,47,48,46,37,55,58,46,47,48,53,37,0,0,0,0,0,0
48,53,37,47,48,46,37,55,58,46,47,48,53,37,0,0,0,0,0,0
48,53,37,47,48,46,37,55,58,46,47,48,53,37,0,0,0,0,0,0
48,53,37,47,48,46,37,55,58,46,47,48,53,37,0,0,0,0,0,0
48,53,37,47,48,46,37,55,58,46,47,48,53,37,0,0,0,0,0,0
48,53,37,47,48,46,37,55,58,46,47,48,53,37,0,0,0,0,0,0
48,53,46,47,48,46,37,55,58,46,47,48,53,37,0,0,0,0,0,0
48,53,46,47,48,46,37,55,58,46,47,48,53,37,0,0,0,0,0,0
48,53,46,47,48,46,37,55,58,46,47,48,53,37,0,0,0,0,0,0
48,53,46,47,48,46,37,55,58,46,47,48,53,37,0,0,0,0,0,0
48,53,46,47,48,46,37,55,58,46,47,48,53,37,0,0,0,0,0,0
48,53,46,47,48,46,37,55,58,46,47,48,53,37,0,0,0,0,0,0
48,53,46,47,48,46,37,55,58,46,47,48,53,37,0,0,0,0,0,0
48,53,46,47,48,46,37,55,58,46,47,48,53,37,0,0,0,0,0,0
48,53,46,47,48,46,37,55,58,46,47,48,53,37,0,0,0,0,0,0
48,53,46,47,48,46,37,55,58,46,47,48,53,37,0,0,0,0,0,0
48,53,46,47,48,46,37,55,58,46,47,48,53,37,0,0,0,0,0,0
48,53,46,47,48,46,37,55,58,46,47,48,53,37,0,0,0,0,0,0
48,53,46,47,48,46,37,55,58,46,47,48,53,37,0,0,0,0,0,0
48,53,46,47,48,46,37,55,58,46,47,48,53,37,0,0,0,0,0,0
48,53,46,47,48,46,37,55,58,46,47,48,53,37,0,0,0,0,0,0
48,53,46,47,48,46,37,55,58,46,47,48,53,37,0,0,0,0,0,0
48,53,46,47,48,46,37,55,58,46,47,48,53,37,0,0,0,0,0,0
48,53,46,47,48,46,37,55,58,46,47,48,53,37,0,0,0,0,0,0
48,53,46,47,48,46,37,55,58,46,47,48,53,37,0,0,0,0,0,0
48,53,46,47,48,46,37,55,58,46,47,48,53,37,0,0,0,0,0,0
48,53,46,47,48,46,37,55,58,46,47,48,53,37,0,0,0,0,0,0
48,53,46,47,48,46,37,55,58,46,47,48,53,37,0,0,0,0,0,0
48,53,46,47,48,46,37,55,58,46,47,48,53,37,0,0,0,0,0,0
48,53,46,47,48,46,37,55,58,46,47,48,53,37,0,0,0,0,0,0
48,53,46,47,48,46,37,55,58,46,47,48,53,37,0,0,0,0,0,0
48,53,46,47,48,46,37,55,58,46,47,48,53,37,0,0,0,0,0,0
48,53,46,47,48,46,37,55,58,46,47,48,53,37,0,0,0,0,0,0
48,53,46,47,48,46,37,55,58,46,47,48,53,37,0,0,0,0,0,0
48,53,46,47,48,46,37,55,58,46,47,48,53,37,0,0,0,0,0,0
48,53,46,47,48,46,37,55,58,46,47,48,53,37,0,0,0,0,0,0
48,53,46,47,48,46,37,55,58,46,47,48,53,37,0,0,0,0,0,0
48,53,46,47,48,46,37,55,58,46,47,48,53,37,0,0,0,0,0,0
48,53,46,47,48,46,37,55,58,46,47,48,53,37,0,0,0,0,0,0
48,53,46,47,48,46,37,55,58,46,47,48,53,37,0,0,0,0,0,0
48,53,46,47,48,46,37,55,58,46,47,48,53,37,0,0,0,0,0,0
48,53,46,47,48,46,37,55,58,46,47,48,53,37,0,0,0,0,0,0
48,53,46,47,48,46,37,55,58,46,47,48,53,37,0,0,0,0,0,0
48,53,46,55,58,46,37,55,58,46,47,48,53,37,0,0,0,0,0,0
48,53,46,55,58,46,37,55,58,46,47,48,53,37,0,0,0,0,0,0
48,53,46,55,58,46,37,55,58,46,47,48,53,37,0,0,0,0,0,0
48,53,46,55,58,46,47,55,58,46,47,48,53,37,0,0,0,0,0,0
48,53,46,55,58,46,47,55,58,46,47,48,53,37,0,0,0,0,0,0
48,53,46,55,58,46,47,55,58,46,47,48,53,37,0,0,0,0,0,0
48,53,46,55,58,46,47,55,58,46,47,48,53,37,0,0,0,0,0,0
48,53,46,55,58,46,47,55,58,46,47,48,53,37,0,0,0,0,0,0
48,53,46,55,58,46,47,55,58,46,47,48,53,37,0,0,0,0,0,0
48,53,46,55,58,46,47,55,58,46,47,48,53,37,0,0,0,0,0,0
48,53,46,55,58,46,47,55,58,46,47,48,53,37,0,0,0,0,0,0
48,53,46,55,58,46,47,55,58,46,47,48,53,37,0,0,0,0,0,0
48,53,46,55,58,46,47,55,58,46,47,48,53,37,0,0,0,0,0,0
48,53,46,55,58,46,47,55,58,46,47,48,53,37,0,0,0,0,0,0
48,53,46,55,58,46,47,55,58,46,47,48,53,37,0,0,0,0,0,0
48,53,46,55,58,46,47,55,58,46,47,48,53,37,0,0,0,0,0,0
48,53,46,55,58,53,47,55,58,46,47,48,53,37,0,0,0,0,0,0
48,53,46,55,58,53,47,55,58,46,47,48,53,37,0,0,0,0,0,0
48,53,46,55,58,53,47,55,58,46,47,48,53,37,0,0,0,0,0,0
48,53,46,55,58,53,47,55,58,46,47,48,53,37,0,0,0,0,0,0
48,53,46,55,58,53,47,55,58,46,47,48,53,37,0,0,0,0,0,0
48,53,46,55,58,53,47,55,58,46,47,48,53,37,0,0,0,0,0,0
48,53,46,55,58,53,47,55,58,46,47,48,53,37,0,0,0,0,0,0
48,53,46,55,58,53,47,55,58,46,47,48,53,37,0,0,0,0,0,0
48,53,46,55,58,53,47,55,58,46,47,48,53,37,0,0,0,0,0,0
55,58,46,55,58,53,47,55,58,46,47,48,53,37,0,0,0,0,0,0
55,58,46,55,58,53,47,55,58,46,47,48,53,37,0,0,0,0,0,0
55,58,46,55,58,53,47,55,58,46,47,48,53,37,0,0,0,0,0,0
55,58,46,55,58,53,47,55,58,46,47,48,53,37,0,0,0,0,0,0
55,58,46,55,58,53,47,55,58,46,47,48,53,37,0,0,0,0,0,0
55,58,46,55,58,53,47,55,58,46,47,48,53,37,0,0,0,0,0,0
55,58,46,55,58,53,47,55,58,46,47,48,53,37,0,0,0,0,0,0
55,58,46,55,58,53,47,55,58,46,47,48,53,37,0,0,0,0,0,0
55,58,46,55,58,53,47,55,58,46,47,48,53,37,0,0,0,0,0,0
55,58,46,55,58,53,47,55,58,46,47,48,53,37,0,0,0,0,0,0
55,58,46,55,58,53,47,55,58,46,47,48,53,37,0,0,0,0,0,0
55,58,46,55,58,53,47,55,58,46,47,48,53,37,0,0,0,0,0,0
55,58,46,55,58,53,47,55,58,46,47,48,53,37,0,0,0,0,0,0
55,58,46,55,58,53,47,55,58,46,47,48,53,37,0,0,0,0,0,0
55,58,46,55,58,53,47,55,58,46,47,48,53,37,0,0,0,0,0,0
55,58,46,55,58,53,47,55,58,46,47,48,53,37,0,0,0,0,0,0
55,58,46,55,58,53,47,55,58,46,47,48,53,37,0,0,0,0,0,0
55,58,46,55,58,53,47,55,58,46,47,48,53,37,0,0,0,0,0,0
55,58,46,55,58,53,47,55,58,46,47,48,53,37,0,0,0,0,0,0
55,58,46,55,58,53,47,55,58,46,47,48,53,37,0,0,0,0,0,0
55,58,46,55,58,53,47,55,58,46,47,48,53,37,0,0,0,0,0,0
55,58,46,55,58,53,47,55,58,46,47,48,53,37,0,0,0,0,0,0
55,58,46,55,58,53,47,55,58,46,47,48,53,37,0,0,0,0,0,0
55,58,46,55,58,53,47,55,58,46,47,48,53,37,0,0,0,0,0,0
55,58,46,55,58,53,47,55,58,46,47,48,53,37,0,0,0,0,0,0
55,58,46,55,58,53,47,55,58,46,47,48,53,37,0,0,0,0,0,0
55,58,46,55,58,53,47,55,58,46,47,48,53,37,0,0,0,0,0,0
55,58,46,55,58,53,47,55,58,46,47,48,53,37,0,0,0,0,0,0
55,58,46,55,58,53,47,55,58,46,47,48,53,37,0,0,0,0,0,0
55,58,46,55,58,53,47,55,58,46,47,48,53,37,0,0,0,0,0,0
55,58,46,55,58,53,47,55,58,46,47,48,53,37,0,0,0,0,0,0
55,58,46,55,58,53,47,55,58,46,47,48,53,37,0,0,0,0,0,0
55,58,46,55,58,53,47,55,58,46,47,48,53,37,0,0,0,0,0,0
55,58,46,55,58,53,47,55,58,46,47,48,53,37,0,0,0,0,0,0
55,58,46,55,58,53,47,55,58,46,47,48,53,37,0,0,0,0,0,0
55,58,46,55,58,53,47,55,58,46,47,48,53,37,0,0,0,0,0,0
55,58,46,55,58,53,47,55,58,46,47,48,53,37,0,0,0,0,0,0
55,58,46,55,58,53,47,55,58,46,47,48,53,37,0,0,0,0,0,0
55,58,46,55,58,53,47,55,58,46,47,48,53,37,0,0,0,0,0,0
55,58,46,55,58,53,47,55,58,46,47,48,53,37,0,0,0,0,0,0
55,58,46,55,58,53,47,55,58,46,47,48,53,37,0,0,0,0,0,0
55,58,46,55,58,53,47,55,58,46,47,48,53,37,0,0,0,0,0,0
55,58,46,55,58,53,47,55,58,46,47,48,53,37,0,0,0,0,0,0
55,58,46,55,58,53,47,55,58,46,47,48,53,37,0,0,0,0,0,0
55,58,46,55,58,53,47,55,58,46,47,48,53,37,0,0,0,0,0,0
55,58,46,55,58,53,47,55,58,46,47,48,53,37,0,0,0,0,0,0
55,58,46,55,58,53,47,55,58,46,47,48,53,37,0,0,0,0,0,0
55,58,46,55,58,53,47,55,58,46,47,48,53,37,0,0,0,0,0,0
55,58,46,55,58,53,47,55,58,46,47,48,53,37,0,0,0,0,0,0
55,58,46,55,58,53,47,55,58,46,47,48,53,37,0,0,0,0,0,0
55,58,46,55,58,53,47,55,58,46,47,48,53,37,0,0,0,0,0,0
55,58,46,55,58,53,47,55,58,46,47,48,53,37,0,0,0,0,0,0
55,58,46,55,58,53,47,55,58,46,47,48,53,37,0,0,0,0,0,0
55,58,46,55,58,53,47,55,58,46,47,48,53,37,0,0,0,0,0,0
55,58,46,55,58,53,47,55,58,46,47,48,53,37,0,0,0,0,0,0
55,58,46,55,58,53,47,55,58,46,47,48,53,37,0,0,0,0,0,0
55,58,46,55,58,53,47,55,58,46,47,48,53,37,0,0,0,0,0,0
55,58,46,55,58,53,47,55,58,46,47,48,53,37,0,0,0,0,0,0
55,58,46,55,58,53,47,55,58,46,47,48,53,37,0,0,0,0,0,0
55,58,46,55,58,53,47,55,58,46,47,48,53,37,0,0,0,0,0,0
55,58,46,55,58,53,47,55,58,46,47,48,53,37,0,0,0,0,0,0
55,58,46,55,58,53,47,55,58,46,47,48,53,37,0,0,0,0,0,0
55,58,46,55,58,53,47,55,58,46,47,48,53,37,0,0,0,0,0,0
55,58,46,55,58,53,47,55,58,46,47,48,53,37,0,0,0,0,0,0
55,58,46,55,58,53,47,55,58,46,47,48,53,37,0,0,0,0,0,0
55,58,46,55,58,53,47,55,58,46,47,48,53,37,0,0,0,0,0,0
55,58,46,55,58,53,47,55,58,46,47,48,53,37,0,0,0,0,0,0
55,58,46,55,58,53,47,55,58,46,47,48,53,37,0,0,0,0,0,0
55,58,46,55,58,53,47,55,58,46,47,48,53,37,0,0,0,0,0,0
55,58,46,55,58,53,47,55,58,46,47,48,53,37,0,0,0,0,0,0
55,58,46,55,58,53,47,55,58,46,47,48,53,37,0,0,0,0,0,0
55,58,46,55,58,53,47,55,58,46,47,48,53,37,0,0,0,0,0,0
55,58,46,55,58,53,47,55,58,46,47,48,53,37,0,0,0,0,0,0
55,58,46,55,58,53,47,55,58,46,47,48,53,37,0,0,0,0,0,0
55,58,46,55,58,53,47,55,58,46,47,48,53,37,0,0,0,0,0,0
55,58,46,55,58,53,47,55,58,46,47,48,53,37,0,0,0,0,0,0
55,58,46,55,58,53,47,55,58,46,47,48,53,37,0,0,0,0,0,0
55,58,46,55,58,53,47,55,58,46,47,48,53,37,0,0,0,0,0,0
55,58,46,55,58,53,47,55,58,46,47,48,53,37,0,0,0,0,0,0
55,58,46,55,58,53,47,55,58,46,47,48,53,37,0,0,0,0,0,0
55,58,46,55,58,53,47,55,58,46,47,48,53,37,0,0,0,0,0,0
55,58,46,55,58,53,47,55,58,46,47,48,53,37,0,0,0,0,0,0
55,58,46,55,58,53,47,55,58,46,47,48,53,37,0,0,0,0,0,0
55,58,46,55,58,53,47,55,58,46,47,48,53,37,0,0,0,0,0,0
55,58,46,55,58,53,47,55,58,46,47,48,53,37,0,0,0,0,0,0
55,58,46,55,58,53,47,55,58,46,47,48,53,37,0,0,0,0,0,0
55,58,46,55,58,53,47,55,58,46,47,48,53,37,0,0,0,0,0,0
55,58,46,55,58,53,47,55,58,46,47,48,53,37,0,0,0,0,0,0
55,58,46,55,58,53,47,55,58,46,47,48,53,37,0,0,0,0,0,0
55,58,46,55,58,53,47,55,58,46,47,48,53,37,0,0,0,0,0,0
55,58,46,55,58,53,47,55,58,46,47,48,53,37,0,0,0,0,0,0
55,58,46,55,58,53,47,55,58,46,47,48,53,37,0,0,0,0,0,0
55,58,46,55,58,53,47,55,58,46,47,48,53,37,0,0,0,0,0,0
55,58,46,55,58,53,47,55,58,46,47,48,53,37,0,0,0,0,0,0
55,58,46,55,58,53,47,55,58,46,47,48,53,37,0,0,0,0,0,0
55,58,46,55,58,53,47,55,58,46,47,48,53,37,0,0,0,0,0,0
55,58,46,55,58,53,47,55,58,46,47,48,53,37,0,0,0,0,0,0
55,58,46,55,58,53,47,55,58,46,47,48,53,37,0,0,0,0,0,0
55,58,46,55,58,53,47,55,58,46,47,48,53,37,0,0,0,0,0,0
55,58,46,55,58,53,47,55,58,46,47,48,53,37,0,0,0,0,0,0
55,58,46,55,58,53,47,55,58,46,47,48,53,37,0,0,0,0,0,0
55,58,46,55,58,53,47,55,58,46,47,48,53,37,0,0,0,0,0,0
55,58,46,55,58,53,47,55,58,46,47,48,53,37,0,0,0,0,0,0
55,58,46,55,58,53,47,55,58,46,47,48,53,37,0,0,0,0,0,0
55,58,46,55,58,53,47,55,58,46,47,48,53,37,0,0,0,0,0,0
55,58,46,55,58,53,47,55,58,46,47,48,53,37,0,0,0,0,0,0
55,58,46,55,58,53,47,55,58,46,47,48,53,37,0,0,0,0,0,0
55,58,46,55,58,53,47,55,58,46,47,48,53,37,0,0,0,0,0,0
55,58,46,55,58,53,47,55,58,46,47,48,53,37,0,0,0,0,0,0
55,58,46,55,58,53,47,55,58,46,47,48,53,37,0,0,0,0,0,0
55,58,46,55,58,53,47,55,58,46,47,48,53,37,0,0,0,0,0,0
55,58,46,55,58,53,47,55,58,46,47,48,53,37,0,0,0,0,0,0
55,58,46,55,58,53,47,55,58,46,47,48,53,37,0,0,0,0,0,0
55,58,46,55,58,53,47,55,58,46,47,48,53,37,0,0,0,0,0,0
55,58,46,55,58,53,47,55,58,46,47,48,53,37,0,0,0,0,0,0
55,58,46,55,58,53,47,55,58,46,47,48,53,37,0,0,0,0,0,0
55,58,46,55,58,53,47,55,58,46,47,48,53,37,0,0,0,0,0,0
55,58,46,55,58,53,47,55,58,46,47,48,53,37,0,0,0,0,0,0
55,58,46,55,58,53,47,55,58,46,47,48,53,37,0,0,0,0,0,0
55,58,46,55,58,53,47,55,58,46,47,48,53,37,0,0,0,0,0,0
55,58,46,55,58,53,47,55,58,46,47,48,53,37,0,0,0,0,0,0
55,58,46,55,58,53,47,55,58,46,47,48,53,37,0,0,0,0,0,0