105,542,562,105,944,1203,891,1092,130,105,1204,771,549,539,76,758,967,888,1241,670
105,542,562,105,944,1203,891,1092,130,105,1204,771,549,539,76,758,967,888,1241,670
105,542,562,105,948,725,907,885,803,998,1205,1256,549,539,76,758,0,891,1241,1082
109,542,562,109,948,725,907,885,803,998,1205,1256,549,539,76,758,0,891,1241,1082
109,542,562,109,130,758,922,964,1226,1194,1205,130,549,539,76,758,851,0,1241,1173
109,542,562,109,130,758,922,964,1226,1194,1205,130,549,539,76,758,851,0,1241,1173
154,542,562,154,1221,758,1074,1222,1171,191,1205,1082,549,539,76,758,1006,968,1241,1031
154,542,562,154,1221,758,1074,1222,1171,191,1205,1082,549,539,76,758,1006,968,1241,1031
154,542,562,154,647,758,1066,1239,1003,369,1205,163,549,539,76,758,536,1015,1241,965
191,542,562,191,647,758,1066,1239,1003,369,1205,163,549,539,76,758,536,1015,1241,965
191,542,562,191,322,758,897,725,979,388,1205,163,549,539,76,758,536,0,1241,711
191,542,562,191,322,758,897,725,979,388,1205,163,549,539,76,758,536,0,1241,711
213,558,562,213,700,758,243,1206,1033,340,1205,163,549,539,76,758,536,312,1241,511
213,558,687,213,700,758,243,1206,1033,340,1205,163,549,539,76,758,536,312,1241,511
213,558,687,213,1061,758,1177,969,724,1203,1205,163,549,539,76,758,536,312,1241,515
256,558,687,256,1061,758,1177,969,724,1203,1205,163,549,539,76,758,536,312,1241,515
256,558,687,256,831,758,924,1157,822,359,1205,163,469,0,1021,386,536,312,737,948
256,558,687,256,831,758,924,1157,822,359,1205,163,469,0,1021,386,536,312,737,948
276,558,687,276,771,758,739,1228,647,841,0,163,471,702,1029,386,536,312,737,1036
276,558,687,276,771,758,739,1228,647,841,0,163,471,702,1029,386,536,312,737,1036
276,558,687,276,904,911,743,549,842,923,0,163,1228,702,1218,386,536,312,737,1223
335,558,687,335,904,911,743,549,842,923,0,163,1228,702,1218,386,536,312,737,1223
335,558,687,335,409,964,1102,549,844,1162,0,163,978,702,1249,386,536,312,737,787
335,558,687,335,409,964,1102,549,844,1162,0,163,978,702,1249,386,536,312,737,787
340,643,687,340,452,1237,1184,549,844,1218,604,1166,1015,702,0,386,0,312,737,353
340,643,687,340,452,1237,1184,549,844,1218,604,1166,1015,702,0,386,0,312,737,353
340,643,697,340,942,1016,750,549,844,366,604,867,1260,702,0,386,725,312,737,1227
343,643,697,343,942,1016,750,549,844,366,604,867,1260,702,0,386,725,312,737,1227
343,643,697,343,1045,1169,767,549,844,378,604,778,1184,702,0,386,1033,539,737,549
343,643,697,343,1045,1169,767,549,844,378,604,778,1184,702,0,386,1033,539,737,549
359,643,697,359,1064,1190,822,549,844,371,604,876,884,702,0,386,1035,539,737,549
359,643,697,359,1064,1190,822,549,844,371,604,876,884,702,0,386,1035,539,737,549
359,643,697,359,554,76,1064,549,844,578,604,378,1189,702,758,549,1035,539,386,549
366,643,697,366,554,76,1064,549,844,578,604,378,1189,702,758,549,1035,539,386,549
366,643,697,366,1036,76,1186,549,844,652,604,891,312,1035,758,549,1035,539,386,549
366,643,697,366,1036,76,1186,549,844,652,604,891,312,1035,758,549,1035,539,386,549
371,656,697,371,1151,76,851,978,844,659,604,1259,312,1035,758,549,1035,539,386,549
371,656,697,371,1151,76,851,978,844,659,604,1259,312,1035,758,549,1035,539,386,549
371,656,697,371,1006,76,853,1245,636,1107,604,554,312,1035,758,549,1035,539,386,549
374,656,704,374,1006,76,853,1245,636,1107,604,554,312,1035,758,549,1035,539,386,549
374,656,704,374,515,76,959,607,1036,1222,1033,1105,312,1035,758,549,1035,539,386,549
374,656,704,374,515,76,959,607,1036,1222,1033,1105,312,1035,758,549,1035,539,386,549
415,656,704,415,112,76,112,1250,1156,374,1035,1107,312,1035,758,549,1035,539,386,549
415,656,704,415,112,76,112,1250,1156,374,1035,1107,312,1035,758,549,1035,539,386,549
415,656,704,415,380,76,867,661,1136,583,1035,1116,312,1035,758,549,1035,549,386,1252
446,656,704,446,380,76,867,661,1136,583,1035,1116,312,1035,758,549,1035,549,386,1252
446,656,704,446,695,76,973,1108,1260,446,1035,380,312,1035,758,549,917,549,386,1233
446,656,704,446,695,76,973,1108,1260,446,1035,380,312,1035,758,549,917,549,386,1233
454,689,704,454,1168,1054,1105,1141,1229,1026,1035,888,312,1035,1239,842,390,549,0,1087
454,689,704,454,1168,1054,1105,1141,1229,1026,1035,888,312,1035,1239,842,390,549,0,1087
454,689,704,454,1123,1058,974,1166,1163,1228,1035,898,0,845,1240,844,390,549,0,583
475,689,704,475,1123,1058,974,1166,1163,1228,1035,898,0,845,1240,844,390,549,0,583
475,689,726,475,636,1238,710,1256,965,454,1035,647,488,845,1243,844,390,549,0,790
475,689,726,475,636,1238,710,1256,965,454,1035,647,488,845,1243,844,390,549,0,790
498,689,726,498,1066,1062,1223,831,968,322,1035,842,488,845,1250,844,390,549,0,1006
498,689,726,498,1066,1062,1223,831,968,322,1035,842,488,845,1250,844,390,549,0,1006
498,689,726,498,724,1071,1194,1054,884,1099,1035,844,488,845,0,844,390,549,243,978
512,689,726,512,724,1071,1194,1054,884,1099,1035,844,488,845,0,844,390,549,243,978
512,689,726,512,885,1082,1081,1169,1075,1099,1203,844,488,845,0,844,390,549,0,554
512,689,726,512,885,1082,1081,1169,1075,1099,1203,844,488,845,0,844,390,549,0,554
513,736,726,513,1233,1164,996,1259,400,1099,0,844,488,845,0,844,390,1210,0,564
513,736,726,513,1233,1164,996,1259,400,1099,0,844,488,845,0,844,390,1210,0,564
513,736,726,513,739,1191,967,998,554,1099,0,844,488,845,0,844,390,0,0,695
517,736,726,517,739,1191,967,998,554,1099,0,844,488,845,0,844,390,0,0,695
517,736,726,517,1092,731,977,1112,981,1099,0,844,488,845,1099,844,647,1212,0,1088
517,736,729,517,1092,731,977,1112,981,1099,0,844,488,845,1099,844,647,1212,0,1088
521,736,729,521,297,731,386,841,876,1099,0,844,488,1099,1099,604,844,1216,76,76
521,736,729,521,297,731,386,841,876,1099,0,844,488,1099,1099,604,844,1216,76,76
521,736,729,521,457,731,386,1117,891,1099,76,844,636,1099,1099,604,844,1217,76,76
531,736,729,531,457,731,386,1117,891,1099,76,844,636,1099,1099,604,844,1217,76,76
531,736,729,531,1075,731,386,898,1088,1099,76,844,1156,1099,1099,604,844,1218,76,76
531,736,729,531,1075,731,386,898,1088,1099,76,844,1156,1099,1099,604,844,1218,76,76
535,740,729,535,1046,731,386,932,984,163,76,112,1157,1099,1099,604,844,1221,76,76
535,740,729,535,1046,731,386,932,984,163,76,112,1157,1099,1099,604,844,1221,76,76
535,740,729,535,1107,731,386,1248,985,163,76,977,1191,1099,1099,604,844,0,76,76
541,740,729,541,1107,731,386,1248,985,163,76,977,1191,1099,1099,604,844,0,76,76
541,740,729,541,888,731,386,1121,988,163,76,578,932,1099,1099,604,844,1156,76,76
541,740,729,541,888,731,386,1121,988,163,76,578,932,1099,1099,604,844,1156,76,76
579,740,730,579,243,731,386,769,990,163,76,907,1203,1099,1099,604,844,1258,76,76
579,740,730,579,243,731,386,769,990,163,76,907,1203,1099,1099,604,844,1258,76,76
579,740,730,579,1087,1141,386,771,996,163,76,388,942,1099,928,604,844,0,76,76
591,740,730,591,1087,1141,386,771,996,163,76,388,942,1099,928,604,844,0,76,76
591,740,730,591,607,1196,695,776,1234,163,76,914,948,0,928,988,1252,932,1099,112
591,740,730,591,607,1196,695,776,1234,163,76,914,948,0,928,988,1252,932,1099,112
615,773,730,615,945,1201,981,1124,1134,163,665,583,1152,665,928,1100,0,0,1099,607
615,773,730,615,945,1201,981,1124,1134,163,665,583,1152,665,928,1100,0,0,1099,607
615,773,730,615,469,1206,702,944,1154,163,665,996,0,665,928,1100,904,979,1099,677
619,773,730,619,469,1206,702,944,1154,163,665,996,0,665,928,1100,904,979,1099,677
619,773,730,619,968,988,702,1007,1196,498,665,917,243,665,928,1100,977,1046,1099,897
619,773,730,619,968,988,702,1007,1196,498,665,917,243,665,928,1100,977,1046,1099,897
620,773,730,620,565,1021,702,1012,1197,394,665,965,1123,665,928,1100,564,0,1099,388
620,773,755,620,565,1021,702,1012,1197,394,665,965,1123,665,928,1100,564,0,1099,388
620,773,755,620,932,1116,702,1016,1201,1131,665,922,0,665,928,1100,769,409,1099,1179
623,773,755,623,932,1116,702,1016,1201,1131,665,922,0,665,928,1100,769,409,1099,1179
623,773,755,623,769,1216,702,1126,1216,1233,665,776,1046,665,928,1100,787,0,1099,1185
623,773,755,623,769,1216,702,1126,1216,1233,665,776,1046,665,928,1100,787,0,1099,1185
632,774,755,632,914,471,702,536,1221,542,665,904,1075,665,0,1100,0,724,1099,911
632,774,755,632,914,471,702,536,1221,542,665,904,1075,665,0,1100,0,724,1099,911
632,774,755,632,1173,544,702,536,1227,853,665,944,1086,665,0,1100,981,0,0,1054
633,774,755,633,1173,544,702,536,1227,853,665,944,1086,665,0,1100,981,0,0,1054
633,774,755,633,1105,677,702,536,154,1250,1081,979,1125,1062,0,845,0,924,984,1058
633,774,755,633,1105,677,702,536,154,1250,1081,979,1125,1062,0,845,0,924,984,1058
634,774,755,634,394,1156,985,536,154,562,1186,659,0,0,845,845,831,990,0,1259
634,774,755,634,394,1156,985,536,1253,562,1186,659,0,0,845,845,831,990,0,1259
634,774,756,634,1125,1260,1129,536,1015,1125,1191,981,737,0,845,845,1003,1087,1012,1060
639,774,756,639,1125,1260,1129,536,1015,1125,1191,981,737,0,845,845,1003,1087,1012,1060
639,774,756,639,967,1262,659,536,469,1256,0,322,737,0,845,845,853,0,1054,1062
639,774,756,639,967,1262,659,536,469,1256,0,322,737,0,845,845,853,0,1054,1062
651,783,756,651,320,1003,1249,536,907,615,0,0,737,0,845,845,944,369,1058,1066
651,783,756,651,320,1003,1249,536,907,615,0,0,737,0,845,845,944,369,1058,1066
651,783,756,651,973,1264,1227,536,471,778,0,945,737,0,845,845,1012,0,0,0
671,783,756,671,973,1264,1227,536,471,778,0,945,737,0,845,845,1012,0,0,0
671,783,756,671,1129,1033,872,1130,544,620,0,1179,737,0,845,845,867,984,1061,1190
671,783,756,671,1129,1033,872,1130,544,620,0,1179,737,0,845,845,867,984,1061,1190
675,783,756,675,353,1238,1131,1094,670,790,0,710,737,0,845,845,914,985,1064,130
675,783,756,675,353,1238,1131,1094,670,790,0,710,737,0,845,845,914,985,1064,130
675,783,757,675,537,1094,1133,1106,677,1151,441,1185,737,386,845,163,1016,988,1100,923
684,783,757,684,537,1094,1133,1106,677,1151,441,1185,737,386,845,163,1016,988,1100,923
684,783,757,684,1047,1147,1134,1116,911,1259,441,1007,737,386,1206,163,737,0,1100,731
684,783,757,684,1047,1147,1134,1116,911,1259,441,1007,737,386,1206,163,737,0,1100,731
694,843,757,694,776,1238,1136,1135,232,623,441,1194,0,386,1222,163,737,996,1100,731
694,843,757,694,776,1238,1136,1135,232,623,441,1194,0,386,1222,163,737,996,1100,731
694,843,757,694,867,564,1152,1123,232,978,441,831,511,386,1256,163,737,1045,1100,731
709,843,757,709,867,564,1152,1123,232,978,441,831,511,386,1256,163,737,1045,1100,731
709,843,757,709,652,568,1162,1143,232,1031,441,1206,1081,386,0,163,737,1088,1100,731
709,843,757,709,652,568,1162,1143,232,1031,441,1206,1081,386,0,163,737,1088,1100,731
719,843,757,719,1163,568,1168,1179,232,643,441,851,0,386,0,163,737,0,1100,731
719,843,757,719,1163,568,1168,1179,232,643,441,851,0,386,0,163,737,0,1100,731
719,843,852,719,1243,568,1171,1209,232,651,441,0,750,386,0,163,737,520,1100,731
727,843,852,727,1243,568,1171,1209,232,651,441,0,750,386,0,163,737,520,1100,731
727,843,852,727,842,568,1197,1218,232,661,441,967,897,386,0,163,737,537,1100,731
727,843,852,727,842,568,1197,1218,232,661,441,967,897,386,0,163,737,537,1100,731
732,877,852,732,369,568,876,1139,232,656,0,968,1092,921,441,539,737,604,390,731
732,877,852,732,369,568,876,1139,232,656,0,968,1092,921,441,539,737,604,390,731
732,877,852,732,378,568,1252,297,232,687,1047,0,0,921,441,539,945,604,390,0
746,877,852,746,378,568,1252,297,232,687,1047,0,0,921,441,539,945,604,390,0
746,877,852,746,778,568,320,452,213,664,1061,841,536,921,441,539,0,604,390,1194
746,877,852,746,778,568,320,452,213,664,1061,841,536,921,441,539,0,604,390,1194
751,877,852,751,1106,568,942,537,213,665,1064,0,536,921,441,539,320,604,390,1040
751,877,852,751,1106,568,942,537,1257,665,1064,0,536,921,441,539,320,604,390,1040
751,877,858,751,388,1239,1018,564,1029,665,1086,853,536,921,441,539,322,604,390,969
768,877,858,768,388,1239,1018,564,1029,665,1086,853,536,921,441,539,322,604,390,969
768,877,858,768,1007,1240,921,1145,1236,665,1131,0,536,921,441,539,1116,604,390,1071
768,877,858,768,1007,1240,921,1145,1236,665,1131,0,536,921,441,539,1116,604,390,1071
777,936,858,777,1245,1241,921,711,922,665,1138,1060,536,921,441,539,0,604,390,1125
777,936,858,777,1245,1241,921,711,922,665,1138,1060,536,921,441,539,0,604,390,1125
777,936,858,777,1081,1241,921,904,353,665,1138,0,536,921,441,539,471,604,390,0
794,936,858,794,1081,1241,921,904,353,665,1138,0,536,921,441,539,471,604,390,0
794,936,858,794,1152,1241,921,917,604,665,1138,536,536,1241,815,1241,973,1094,0,922
794,936,858,794,1152,1241,921,917,604,665,1138,536,536,1241,815,1241,973,1094,0,922
795,936,858,795,400,1241,921,945,604,665,1138,536,536,1241,815,1241,0,0,702,990
795,936,858,795,400,1241,921,945,604,665,1138,536,536,1241,815,1241,0,0,702,990
795,936,878,795,851,1241,921,1031,604,665,1138,536,0,1241,815,1241,969,1102,702,369
796,936,878,796,851,1241,921,1031,604,665,1138,536,0,1241,815,1241,969,1102,702,369
796,936,878,796,569,1241,921,1185,604,1157,1138,536,695,1241,815,1241,0,0,702,1129
796,936,878,796,569,1241,921,1185,604,1157,1138,536,695,1241,815,1241,0,0,702,1129
799,941,878,799,743,1241,921,1159,604,697,1138,536,0,1241,815,1241,815,1105,702,0
799,941,878,799,743,1241,921,1159,604,697,1138,536,0,1241,815,1241,815,1105,702,0
799,941,878,799,511,1241,1046,787,604,704,1138,536,700,1241,815,1241,815,1106,702,378
800,941,878,800,511,1241,1046,787,604,704,1138,536,700,1241,815,1241,815,1106,702,378
800,941,878,800,1102,714,1243,889,604,889,1210,536,702,1241,815,1241,815,1114,702,1092
800,941,878,800,1102,714,1243,889,604,889,1210,536,702,1241,815,1241,815,1114,702,1092
805,941,878,805,1248,714,1258,923,604,709,0,536,702,1241,815,1241,815,0,702,0
805,941,878,805,1248,714,1258,923,604,709,0,536,702,1241,815,1241,815,0,702,0
812,941,894,812,710,714,790,1040,1164,1040,1212,569,702,163,1198,0,815,998,702,778
812,941,894,812,710,714,790,1040,1164,1040,1212,569,702,163,1198,0,815,998,702,778
820,941,894,820,767,714,0,1161,815,726,1217,572,702,163,1198,0,815,1133,998,0
820,941,894,820,767,714,0,1161,815,726,1217,572,702,163,1198,0,815,1133,998,0
829,946,894,829,787,714,914,457,815,1179,1221,0,702,163,1198,0,815,1134,1016,565
829,946,894,829,787,714,914,457,815,1179,1221,0,702,163,1198,0,815,1134,1016,565
837,946,894,837,711,714,1006,1224,815,729,1228,652,702,163,1198,0,815,1136,0,872
837,946,894,837,711,714,1006,1224,815,729,1228,652,702,163,1198,0,815,1136,0,872
838,946,894,838,803,714,1029,1045,815,730,1241,0,702,163,1198,0,0,0,0,0
838,946,894,838,803,714,1029,1045,815,730,1241,0,702,163,1198,0,0,0,0,0
840,946,894,840,1088,714,380,1147,815,897,1241,394,702,163,1198,0,394,1141,0,452
840,946,894,840,1088,714,380,1147,815,897,1241,394,702,163,1198,0,394,1141,0,452
857,946,949,857,520,390,409,1190,815,1082,1241,0,0,163,1198,0,396,1143,0,488
857,946,949,857,520,390,409,1190,815,1082,1241,0,0,163,1198,0,396,1143,0,488
859,946,949,859,974,390,565,1244,815,1185,1241,544,565,163,1198,0,396,1147,163,488
859,946,949,859,974,390,565,1244,815,1185,1241,544,565,163,1198,0,396,1147,163,488
869,999,949,869,572,390,0,1047,815,740,1241,661,0,396,0,1138,396,1151,163,488
869,999,949,869,572,390,0,1047,815,740,1241,661,0,396,0,1138,396,1151,163,488
870,999,949,870,1249,390,569,1246,1184,755,1241,1133,670,396,0,1138,396,1152,163,488
870,999,949,870,1249,390,569,1246,1184,755,1241,1133,670,396,0,1138,396,1152,163,488
871,999,949,871,578,390,572,948,1210,396,1241,1134,0,396,0,1138,396,1154,163,488
871,999,949,871,578,390,572,948,1210,396,1241,1134,0,396,0,1138,396,1154,163,488
874,999,949,874,1177,390,1217,1058,1251,396,1241,1138,815,396,604,1138,396,1163,163,488
874,999,949,874,1177,390,1217,1058,1251,396,1241,1138,815,396,604,1138,396,1163,163,488
879,999,952,879,583,390,0,1247,1212,396,0,1138,815,396,604,1138,396,1184,163,488
879,999,952,879,583,390,0,1247,1212,396,0,1138,815,396,604,1138,396,1184,163,488
892,999,952,892,798,390,664,511,1217,396,700,1138,815,396,604,1138,396,0,163,488
892,999,952,892,798,390,664,511,1217,396,700,1138,815,396,604,1138,396,0,163,488
901,1034,952,901,872,441,1173,515,1223,396,702,1138,815,396,604,1138,0,1029,163,1197
901,1034,952,901,872,441,1173,515,1223,396,702,1138,815,396,604,1138,0,1029,163,1197
909,1034,952,909,750,441,0,1254,1240,396,702,1138,815,396,604,1138,386,1189,396,1198
909,1034,952,909,750,441,0,1254,1240,396,702,1138,815,396,604,1138,386,1189,396,1198
912,1034,952,912,670,441,884,520,276,396,702,1138,815,0,604,924,386,1196,396,1198
912,1034,952,912,670,441,884,520,276,396,702,1138,815,0,604,924,386,1196,396,1198
913,1034,952,913,1060,441,0,1062,276,396,702,1138,815,0,604,0,386,1197,396,1198
913,1034,952,913,1060,441,0,1062,335,396,702,1138,815,0,604,0,386,1197,396,1198
916,1034,963,916,1252,441,312,1071,928,1018,702,1138,815,0,604,0,386,1198,396,1198
916,1034,963,916,1252,441,312,1071,928,1018,702,1138,815,0,604,0,386,1198,396,1198
919,1034,963,919,1086,441,312,1261,928,1020,702,353,822,0,847,0,386,1198,396,1198
919,1034,963,919,1086,441,312,1261,928,1020,702,353,822,0,847,0,386,1198,396,1198
929,1057,963,929,1114,441,312,700,928,1021,702,0,959,0,847,0,386,1198,396,1198
929,1057,963,929,1114,441,312,700,928,1021,702,0,959,0,847,0,386,1198,396,1198
930,1057,963,930,977,441,312,1204,928,756,702,515,1240,0,847,0,386,1198,396,1198
930,1057,963,930,977,441,312,1204,928,756,702,515,1240,0,847,0,386,1198,396,1198
931,1057,963,931,1074,737,312,1205,928,757,714,0,1258,0,847,0,386,1198,396,1198
931,1057,963,931,1074,737,312,1205,928,757,714,0,1258,0,847,0,386,1198,396,1198
935,1057,963,935,1133,737,312,1205,928,1191,714,737,0,0,847,0,764,1198,1035,767
935,1057,963,935,1133,737,312,1205,928,1191,714,737,0,0,847,0,764,1198,1035,767
937,1057,997,937,898,737,312,1205,928,774,714,737,767,1205,847,764,764,1198,1035,776
937,1057,997,937,898,737,312,1205,928,774,714,737,767,1205,847,764,764,1198,1035,776
954,1057,997,954,917,737,312,1205,928,777,714,737,803,1205,847,764,764,1198,1035,1074
954,1057,997,954,917,737,312,1205,928,777,714,737,803,1205,847,764,764,1198,1035,1074
957,1070,997,957,924,737,1060,1205,1189,478,714,737,889,1205,847,764,764,841,1035,1249
957,1070,997,957,924,737,1060,1205,1189,478,714,737,889,1205,847,764,764,841,1035,1249
971,1070,997,971,1209,737,1114,1205,1198,478,714,737,0,1205,731,764,764,844,1035,0
971,1070,997,971,1209,737,1114,1205,1198,478,714,737,0,1205,731,764,764,844,1035,0
975,1070,997,975,959,737,0,1205,1198,478,714,737,1169,1205,731,764,764,844,1035,544
975,1070,997,975,959,737,0,1205,1198,478,714,737,1169,1205,731,764,764,844,1035,544
976,1070,997,976,965,737,1061,1205,1198,478,714,737,0,1205,731,764,764,844,1035,0
976,1070,997,976,965,737,1061,1205,1198,478,714,737,0,1205,731,764,764,844,1035,0
987,1070,1056,987,969,764,0,1086,1198,478,1099,737,872,1205,731,764,764,844,1035,771
987,1070,1056,987,969,764,0,1086,1198,478,1099,737,872,1205,731,764,764,844,1035,771
991,1070,1056,991,979,764,798,1087,1198,478,1099,664,923,1205,731,764,0,844,539,0
991,1070,1056,991,979,764,798,1087,1198,478,1099,664,923,1205,731,764,0,844,539,0
1004,1072,1056,1004,984,764,888,1265,1198,478,1099,0,1196,232,731,665,457,844,539,803
1004,1072,1056,1004,984,764,888,1265,1198,478,1099,0,1196,232,731,665,457,844,539,803
1017,1072,1056,1017,990,764,0,847,1198,478,1099,457,1198,232,731,665,0,844,539,0
1017,1072,1056,1017,990,764,0,847,1198,478,1099,457,1198,232,731,665,0,844,539,0
1022,1072,1056,1022,1012,764,488,847,1198,845,1099,0,1198,232,731,665,1071,844,539,876
1022,1072,1056,1022,1012,764,488,847,1198,845,1099,0,1198,232,731,665,1071,844,539,876
1030,1072,1056,1030,1015,764,488,847,335,845,1099,1066,1198,232,921,665,0,1222,539,0
1030,1072,1056,1030,1015,764,488,847,335,845,1099,1066,1198,232,921,665,0,1222,539,0
1038,1072,1090,1038,1020,764,488,847,335,845,1099,1074,1198,232,921,665,1100,0,539,537
1038,1072,1090,1038,1020,764,488,847,521,845,1099,1074,1198,232,921,665,1100,0,539,537
1041,1072,1090,1041,1026,764,488,847,521,845,1099,1129,1198,232,921,665,1100,576,539,569
1041,1072,1090,1041,1026,764,488,847,521,845,1099,1129,1198,232,921,665,1100,576,539,569
1042,1073,1090,1042,1143,1035,488,847,541,845,0,1168,1198,232,921,665,1100,576,539,0
1042,1073,1090,1042,1143,1035,488,847,541,845,0,1168,1198,232,921,665,1100,576,539,0
1043,1073,1090,1043,1154,1035,488,847,541,845,0,0,1198,232,921,665,1100,576,1205,974
1043,1073,1090,1043,1154,1035,488,847,558,845,0,0,1198,232,921,665,1100,576,1205,974
1052,1073,1090,1052,1166,1035,488,847,558,845,758,1094,1198,714,921,0,1100,576,1205,0
1052,1073,1090,1052,1166,1035,488,847,558,845,758,1094,1198,714,921,0,1100,576,1205,0
1063,1073,1090,1063,1186,1035,488,1100,619,845,758,0,1018,714,921,312,1100,576,1205,652
1063,1073,1090,1063,1186,1035,488,1100,619,845,758,0,1018,714,921,312,1100,576,1205,652
1065,1073,1137,1065,1189,1035,539,1100,619,783,758,1102,1020,714,921,312,1100,576,1205,1075
1065,1073,1137,1065,1189,1035,539,1100,632,783,758,1102,1020,714,921,312,1100,576,1205,1075
1068,1073,1137,1068,1210,1035,539,1100,632,796,758,0,1021,714,764,312,1100,576,1205,1107
1068,1073,1137,1068,1210,1035,539,1100,632,796,758,0,1021,714,764,312,1100,576,1205,1107
1079,1080,1137,1079,1204,1035,539,1100,633,820,758,1106,1227,714,764,312,636,576,1205,0
1079,1080,1137,1079,1204,1035,539,1100,633,820,758,1106,1227,714,764,312,636,576,1205,0
1084,1080,1137,1084,1212,1035,539,1100,633,837,758,1163,0,714,764,312,0,815,1205,441
1084,1080,1137,1084,1212,1035,539,1100,634,837,758,1163,0,714,764,312,0,815,1205,441
1089,1080,1137,1089,1258,542,539,1100,634,852,758,0,1045,714,764,312,798,815,1205,441
1089,1080,1137,1089,1258,542,539,1100,634,852,758,0,1045,714,764,312,798,815,1205,441
1095,1080,1137,1095,558,542,539,1100,671,858,758,607,1047,714,764,312,0,815,921,441
1095,1080,1137,1095,558,542,539,1100,671,858,758,607,1047,714,764,312,0,815,921,441
1096,1080,1155,1096,558,562,539,1100,671,870,232,711,1131,1100,764,312,469,815,921,441
1096,1080,1155,1096,558,562,539,1100,675,870,232,711,1131,1100,764,312,469,815,921,441
1097,1080,1155,1097,558,562,539,109,675,871,232,0,1136,1100,764,714,1162,815,921,441
1097,1080,1155,1097,643,562,539,109,675,871,232,0,1136,1100,764,714,1162,815,921,441
1104,1127,1155,1104,643,687,576,109,684,877,232,320,0,1100,764,714,1166,815,921,441
1104,1127,1155,1104,643,687,576,256,684,877,232,320,0,1100,764,714,1166,815,921,441
1108,1127,1155,1108,643,687,576,256,684,878,232,973,1141,1100,1204,714,1168,815,921,441
1108,1127,1155,1108,643,687,576,256,689,878,232,973,1141,1100,1204,714,1168,815,921,441
1109,1127,1155,1109,656,697,576,343,689,892,232,1162,1143,1100,1209,714,1177,815,921,441
1109,1127,1155,1109,656,697,576,343,689,892,232,1162,1143,1100,1209,714,1177,815,921,441
1111,1127,1155,1111,656,697,576,343,736,894,232,1164,1147,1100,1245,714,1186,0,921,572
1111,1127,1155,1111,656,697,576,415,736,894,232,1164,1147,1100,1245,714,1186,0,921,572
1112,1127,1183,1112,656,704,576,415,736,909,232,0,1151,1100,0,714,0,1007,921,659
1112,1127,1183,1112,689,704,576,415,773,909,232,0,1151,1100,0,714,0,1007,921,659
1113,1127,1183,1113,689,704,576,475,773,916,232,885,1154,1100,0,714,232,1223,665,769
1113,1127,1183,1113,689,704,576,475,773,916,232,885,1154,1100,0,714,232,1223,665,769
1117,1132,1183,1117,689,726,576,475,794,919,390,0,0,478,0,714,232,0,665,884
1117,1132,1183,1117,689,726,576,512,794,919,390,0,0,478,0,714,232,0,665,884
1118,1132,1183,1118,736,726,576,512,794,930,390,232,964,478,0,0,232,758,665,0
1118,1132,1183,1118,736,726,576,512,795,930,390,232,964,478,0,0,232,758,665,0
1119,1132,1183,1119,736,729,1138,513,795,931,390,232,0,478,0,396,232,758,665,380
1119,1132,1183,1119,736,729,1138,513,795,931,390,232,0,478,0,396,232,758,665,380
1121,1132,1183,1121,736,729,1138,513,799,936,390,232,724,478,568,396,232,758,665,0
1121,1132,1183,1121,740,729,1138,517,799,936,390,232,724,478,568,396,232,758,665,0
1124,1132,1188,1124,740,730,1138,517,799,937,390,232,725,478,568,396,232,758,665,578
1124,1132,1188,1124,740,730,1138,517,800,937,390,232,725,478,568,396,232,758,665,578
1126,1132,1188,1126,740,730,1138,531,800,941,390,232,739,478,568,396,232,758,665,661
1126,1132,1188,1126,740,730,1138,531,812,941,390,232,739,478,568,396,232,758,665,661
1130,1144,1188,1130,773,755,1138,531,812,946,390,232,0,478,568,396,232,758,665,0
1130,1144,1188,1130,773,755,1138,535,838,946,390,232,0,478,568,396,232,758,665,0
1135,1144,1188,1135,773,755,1138,535,838,949,390,232,1173,478,568,396,1190,758,312,297
1135,1144,1188,1135,773,755,1138,535,843,949,390,232,1173,478,568,396,1190,758,312,297
1139,1144,1188,1139,773,756,1138,579,843,952,921,232,0,847,568,396,0,758,312,942
1139,1144,1188,1139,774,756,1138,579,857,952,921,232,0,847,568,396,0,758,312,942
1142,1144,1188,1142,774,756,1138,579,857,957,921,0,297,847,568,396,885,1018,312,1171
1142,1144,1188,1142,774,756,1138,591,859,957,921,0,297,847,568,396,885,1018,312,1171
1145,1144,1231,1145,774,757,0,591,859,963,921,409,743,847,568,576,1239,1020,312,0
1145,1144,1231,1145,774,757,0,591,869,963,921,409,743,847,568,576,1239,1020,312,0
1146,1144,1231,1146,783,757,0,639,869,997,921,677,790,847,536,576,0,0,312,400
1146,1144,1231,1146,783,852,0,639,874,997,921,677,790,847,536,576,0,0,312,400
1148,1170,1231,1148,783,852,0,639,874,1017,921,0,1177,847,536,576,907,1026,312,764
1148,1170,1231,1148,783,852,0,694,971,1017,921,0,1177,847,536,576,907,1026,312,764
1150,1170,1231,1150,783,858,0,694,971,1022,921,1040,0,847,536,576,1123,1036,312,764
1150,1170,1231,1150,843,858,0,694,975,1022,921,1040,0,847,536,576,1123,1036,312,764
1159,1170,1231,1159,843,858,0,719,975,1034,921,1233,520,847,536,576,1243,0,312,764
1159,1170,1231,1159,843,878,0,719,976,1034,921,1233,520,847,536,576,1243,0,312,764
1160,1170,1231,1160,843,878,0,719,976,1042,921,1245,1031,847,536,576,0,1201,845,764
1160,1170,1231,1160,843,878,0,727,987,1042,921,1245,1031,847,536,576,0,1201,845,764
1161,1170,1232,1161,877,894,0,727,987,1043,576,0,0,390,536,576,959,1209,845,764
1161,1170,1232,1161,877,894,0,727,991,1043,576,0,0,390,536,576,959,1209,845,764
1167,1170,1232,1167,877,894,0,732,991,1052,576,1171,974,390,536,576,0,1260,845,764
1167,1170,1232,1167,877,949,0,732,999,1052,576,1171,974,390,536,576,0,1260,845,764
1175,1176,1232,1175,877,949,0,732,999,1056,576,1248,985,390,536,0,0,0,845,764
1175,1176,1232,1175,936,949,0,746,1030,1056,576,1248,985,390,536,0,0,0,845,764
1182,1176,1232,1182,936,952,0,746,1030,1057,576,1250,0,390,1026,478,488,731,845,764
1182,1176,1232,1182,936,952,0,746,1038,1057,576,1250,0,390,1026,478,488,731,845,764
1192,1176,1232,1192,936,952,0,751,1038,1070,576,0,452,390,1216,478,488,731,845,889
1192,1176,1232,1192,936,963,0,751,1041,1070,576,0,452,390,1216,478,488,731,845,889
1193,1176,1232,1193,941,963,0,751,1041,1079,576,400,731,390,1248,478,488,731,845,0
1193,1176,1232,1193,941,963,0,768,1063,1079,576,400,731,390,1248,478,488,731,845,0
1199,1176,1235,1199,941,997,0,768,1063,1090,576,1114,731,390,0,478,488,731,845,739
1199,1176,1235,1199,941,997,0,768,1065,1090,576,1114,731,390,0,478,488,731,845,739
1200,1176,1235,1200,941,997,0,805,1065,1096,576,1201,731,390,0,478,488,731,847,743
1200,1176,1235,1200,946,1034,0,805,1072,1096,576,1201,731,390,0,478,488,731,847,743
1202,1225,1235,1202,946,1034,0,805,1072,1111,847,0,731,928,0,478,488,731,847,1164
1202,1225,1235,1202,946,1034,0,829,1073,1111,847,0,731,928,0,478,488,731,847,1164
1207,1225,1235,1207,946,1056,0,829,1073,1118,847,714,731,928,0,478,488,731,847,0
1207,1225,1235,1207,946,1056,0,829,1080,1118,847,714,731,928,0,478,488,731,847,0
1208,1225,1235,1208,999,1056,0,840,1080,1119,847,714,731,928,0,478,488,731,847,750
1208,1225,1235,1208,999,1057,0,840,1109,1119,847,714,731,928,0,478,488,731,847,750
1213,1225,1235,1213,999,1057,0,840,1109,1127,847,714,731,928,478,1205,0,822,847,1157
1213,1225,1235,1213,999,1057,0,879,1113,1127,847,714,731,928,478,1205,0,822,847,1157
1214,1225,1237,1214,999,1070,0,879,1113,1132,847,714,731,928,478,1205,710,911,847,0
1214,1225,1237,1214,1072,1070,0,879,1146,1132,847,714,731,928,478,1205,710,911,847,0
1215,1225,1237,1215,1072,1070,0,901,1146,1137,847,714,0,928,478,1205,898,964,847,664
1215,1229,1237,1215,1072,1090,0,901,1148,1137,847,714,0,928,478,1205,898,964,847,664
1219,1229,1237,1219,1072,1090,0,901,1148,1142,847,714,798,928,478,1205,0,1169,847,0
1219,1229,1237,1219,1072,1090,0,912,1150,1142,847,714,798,928,478,1205,0,1169,847,0
1220,1229,1237,1220,1073,1127,0,912,1150,1144,847,714,1003,928,478,1205,568,0,928,568
1220,1229,1237,1220,1073,1127,0,912,1160,1144,847,714,1003,928,478,1205,568,0,928,568
1224,1229,1237,1224,1073,1127,0,913,1160,1155,478,714,0,1138,478,1205,568,0,928,568
1224,1229,1237,1224,1073,1132,0,913,1167,1155,478,714,0,1138,478,1205,568,0,928,568
1226,1229,1237,1226,1073,1132,0,913,1167,1175,478,488,568,1138,478,1205,568,441,928,568
1226,1229,1237,1226,1080,1132,0,929,1170,1175,478,488,568,1138,478,1205,568,441,928,568
1234,1229,1262,1234,1080,1137,0,929,1170,1176,478,488,568,1138,478,1205,568,441,928,568
1234,1229,1262,1234,1080,1137,0,929,1182,1176,478,488,568,1138,478,1205,568,441,928,568
1236,1238,1262,1236,1080,1137,0,935,1182,1183,478,488,568,1138,576,928,568,441,928,568
1236,1238,1262,1236,1080,1144,0,935,1192,1183,478,488,568,1138,576,928,568,441,928,568
1244,1238,1262,1244,1170,1144,0,935,1192,1188,478,488,568,1138,576,928,568,441,928,568
1244,1238,1262,1244,1170,1144,0,954,1193,1188,478,488,568,1138,576,928,568,441,928,568
1246,1238,1262,1246,1170,1155,0,954,1193,1199,478,488,568,1138,576,928,568,441,928,568
1246,1238,1262,1246,1170,1155,0,954,1207,1199,478,488,568,1138,576,928,568,441,928,568
1247,1238,1262,1247,1176,1155,0,1004,1207,1200,478,488,568,1138,576,928,568,441,928,568
1247,1238,1262,1247,1176,1183,0,1004,1208,1200,478,488,568,1138,576,928,568,441,928,568
1251,1238,1262,1251,1176,1183,0,1004,1208,1202,478,488,568,1138,576,928,0,441,0,0
1251,1238,1262,1251,1176,1183,0,1068,1213,1202,478,488,568,1138,576,928,0,441,0,0
1253,1238,1264,1253,1225,1188,0,1068,1213,1231,0,488,568,0,576,928,0,441,0,0
1253,1263,1264,1253,1225,1188,0,1068,1214,1231,0,488,568,0,576,928,0,441,0,0
1254,1263,1264,1254,1225,1188,0,1084,1214,1232,0,0,0,0,576,928,0,0,0,0
1254,1263,1264,1254,1225,1231,0,1084,1215,1232,0,0,0,0,576,928,0,0,0,0
1255,1263,1264,1255,1229,1231,0,1089,1215,1235,0,0,0,0,576,928,0,0,0,0
1255,1263,1264,1255,1229,1231,0,1089,1219,1235,0,0,0,0,576,928,0,0,0,0
1257,1263,1264,1257,1229,1232,0,1095,1219,1237,0,0,0,0,0,0,0,0,0,0
1257,1263,1264,1257,1229,1232,0,1095,1220,1238,0,0,0,0,0,0,0,0,0,0
1261,1263,1264,1261,1263,1232,0,1097,1220,1255,0,0,0,0,0,0,0,0,0,0
1261,1263,1264,1261,1263,1235,0,1097,1225,1262,0,0,0,0,0,0,0,0,0,0
1265,1263,1264,1265,1263,1235,0,1104,1225,1263,0,0,0,0,0,0,0,0,0,0
1265,1263,1264,1265,1263,1235,0,1104,0,1264,0,0,0,0,0,0,0,0,0,0