105,542,562,105,944,1203,891,1092,1356,105,1204,771,549,539,1270,758,967,888,1323,670
105,542,562,105,944,1203,891,1092,1356,105,1204,771,549,539,1270,758,967,888,1323,670
105,542,562,105,948,1380,907,885,803,998,1205,1256,549,539,0,758,1313,891,1325,1289
109,542,562,109,948,1380,907,885,803,998,1205,1256,549,539,0,758,1313,891,1325,1289
109,542,562,109,1276,758,1398,1392,1305,1194,1205,1289,549,539,1276,758,851,0,1336,1284
109,542,562,109,1276,758,1398,1392,1305,1194,1205,1289,549,539,1276,758,851,0,1336,1284
154,542,562,154,1221,758,1074,1222,1171,191,1205,0,549,539,0,758,1006,968,0,1031
154,542,562,154,1221,758,1074,1222,1171,191,1205,0,549,539,0,758,1006,968,0,1031
154,542,562,154,647,758,1279,1239,1003,369,1205,1335,549,539,1299,758,536,1015,0,965
191,542,562,191,647,758,1279,1239,1003,369,1205,1335,549,539,1299,758,536,1015,0,965
191,558,687,191,322,758,897,1376,1373,1407,1205,1335,549,539,0,758,536,0,0,711
191,558,687,191,322,758,897,1376,1373,1407,1205,1335,549,539,0,758,536,0,0,711
213,558,687,213,700,758,243,1206,1033,366,1205,1335,549,539,0,758,536,312,0,511
213,558,687,213,700,758,243,1206,1033,366,1205,1335,549,539,0,758,536,312,0,511
213,558,687,213,1429,758,1177,969,1363,1203,1205,1335,549,539,0,758,536,312,0,515
276,558,687,276,1429,758,1177,969,1363,1203,1205,1335,549,539,0,758,536,312,0,515
276,558,687,276,831,758,924,1157,822,371,1205,1335,0,0,1021,386,536,312,737,948
276,558,687,276,831,758,924,1157,822,371,1205,1335,0,0,1021,386,536,312,737,948
366,558,687,366,771,758,739,1228,647,841,0,1335,471,702,1029,386,536,312,737,0
366,558,687,366,771,758,739,1228,647,841,0,1335,471,702,1029,386,536,312,737,0
366,643,704,366,1279,911,1351,549,842,923,0,1335,1228,702,1218,386,536,312,737,1223
371,643,704,371,1279,911,1351,549,842,923,0,1335,1228,702,1218,386,536,312,737,1223
371,643,704,371,409,542,1291,549,1340,1162,0,1335,978,702,0,386,536,312,737,787
371,643,704,371,409,542,1291,549,1340,1162,0,1335,978,702,0,386,536,312,737,787
374,643,704,374,1325,542,1184,549,1342,1218,604,1166,1015,702,1304,386,1318,312,737,1426
374,643,704,374,1325,1404,1184,549,1342,1218,604,1166,1015,702,1304,386,1318,312,737,1426
374,643,704,374,942,1016,750,549,1343,374,604,867,1260,702,0,386,0,312,737,0
415,643,704,415,942,1016,750,549,1343,374,604,867,1260,702,0,386,0,312,737,0
415,643,704,415,1045,1169,767,549,1345,378,604,778,1184,702,0,386,1033,539,737,549
415,643,704,415,1045,1169,767,549,1345,378,604,778,1184,702,0,386,1033,539,737,549
446,656,726,446,1064,1190,822,549,1346,446,604,876,884,702,0,386,1383,539,737,549
446,656,726,446,1064,1190,822,549,1346,446,604,876,884,702,0,386,1383,539,737,549
446,656,726,446,554,1267,1064,549,1348,578,604,378,1189,702,758,549,1392,539,386,549
454,656,726,454,554,1267,1064,549,1348,578,604,378,1189,702,758,549,1392,539,386,549
454,656,726,454,1398,1267,1186,549,1349,652,604,891,312,0,758,549,1394,539,386,549
454,656,726,454,1398,1267,1186,549,1349,652,604,891,312,0,758,549,1394,539,386,549
475,656,726,475,1280,1267,851,978,1430,659,604,1259,312,0,758,549,1400,539,386,549
475,656,726,475,1280,1267,851,978,1430,659,604,1259,312,0,758,549,1400,539,386,549
475,656,726,475,1006,1267,853,1394,636,1107,604,554,312,0,758,549,1402,539,386,549
498,656,726,498,1006,1267,853,1394,636,1107,604,554,312,0,758,549,1402,539,386,549
498,736,729,498,515,1267,959,607,1417,1222,1033,0,312,0,758,549,1407,539,386,549
498,736,729,498,515,1267,959,607,1417,1222,1033,0,312,0,758,549,1407,539,386,549
512,736,729,512,112,1267,112,1247,1156,454,1381,1107,312,0,758,549,1417,539,386,549
512,736,729,512,112,1267,112,1247,1156,454,1381,1107,312,0,758,549,1417,539,386,549
512,736,729,512,380,1267,867,661,1136,583,1383,1116,312,0,758,549,0,549,386,1252
513,736,729,513,380,1267,867,661,1136,583,1383,1116,312,0,758,549,0,549,386,1252
513,736,729,513,1372,1267,1297,1280,1260,498,1414,380,312,0,758,549,917,549,386,1233
513,736,729,513,1372,1267,1297,1280,1260,498,1414,380,312,0,758,549,917,549,386,1233
541,736,729,541,1281,1384,1299,1141,1352,1026,1380,888,312,0,1239,842,390,549,0,1087
541,736,729,541,1281,1384,1299,1141,1352,1026,1380,888,312,0,1239,842,390,549,0,1087
541,773,730,541,1123,1058,974,1166,1163,1228,1380,898,1313,845,1240,1343,390,549,0,583
591,773,730,591,1123,1058,974,1166,1163,1228,1380,898,1313,845,1240,1343,390,549,0,583
591,773,730,591,636,1385,710,1256,965,542,1380,647,1412,845,0,1351,390,549,0,1310
591,773,730,591,636,1385,710,1256,965,542,1380,647,1412,845,0,1351,390,549,0,1310
615,773,730,615,1299,1062,1223,831,968,322,1380,842,1412,845,0,1418,390,549,0,1006
615,773,730,615,1299,1062,1223,831,968,322,1380,842,1412,845,0,1418,390,549,0,1006
615,773,730,615,1284,1071,1194,1396,884,1099,1380,1343,1412,845,0,0,390,549,243,978
619,773,730,619,1284,1071,1194,1396,884,1099,1380,1343,1412,845,0,0,390,549,243,978
619,773,730,619,885,1386,1325,1169,1075,1099,1203,1346,1412,845,0,0,390,549,1271,554
619,773,730,619,885,1386,1325,1169,1075,1099,1203,1346,1412,845,0,0,390,549,1271,554
620,843,755,620,1233,1164,1409,1259,400,1099,1271,1349,1412,845,0,0,390,1210,1271,1413
620,843,755,620,1233,1164,1409,1259,400,1099,1271,1349,1412,845,0,0,390,1210,1271,1413
620,843,755,620,739,1191,967,998,554,1099,1271,1357,1412,845,0,0,390,0,1271,0
623,843,755,623,739,1191,967,998,554,1099,1271,1357,1412,845,0,0,390,0,1271,0
623,843,755,623,1092,731,977,1314,981,1099,1271,1365,1412,845,1099,0,647,1212,1271,0
623,843,755,623,1092,731,977,1314,981,1099,1271,1365,1412,845,1099,0,647,1212,1271,0
632,843,755,632,297,731,386,841,876,1099,1271,1372,1412,1099,1099,604,1340,1216,1271,1267
632,843,755,632,297,731,386,841,876,1099,1271,1372,1412,1099,1099,604,1340,1216,1271,1267
632,843,755,632,457,731,386,1318,891,1099,1271,1373,636,1099,1099,604,1342,1217,1271,1267
633,843,755,633,457,731,386,1318,891,1099,1271,1373,636,1099,1099,604,1342,1217,1271,1267
633,877,757,633,1075,731,386,898,1353,1099,1271,0,1156,1099,1099,604,1348,1218,1271,1267
633,877,757,633,1075,731,386,898,1353,1099,1271,0,1156,1099,1099,604,1348,1218,1271,1267
634,877,757,634,1308,731,386,932,984,1330,1271,112,1157,1099,1099,604,1356,1221,1271,1267
634,877,757,634,1308,731,386,932,984,1330,1271,112,1157,1099,1099,604,1356,1221,1271,1267
634,877,757,634,1107,731,386,1402,1355,1332,1271,977,1191,1099,1099,604,1363,0,0,1267
639,877,757,639,1107,731,386,1402,1355,1332,1271,977,1191,1099,1099,604,1363,0,0,1267
639,877,757,639,888,731,386,1323,988,562,0,578,932,1099,1099,604,1413,1156,0,1267
639,877,757,639,888,731,386,1323,988,562,0,578,932,1099,1099,604,1413,1156,0,1267
651,877,757,651,243,731,386,769,990,1336,0,907,1203,1099,1099,604,1427,1258,0,1267
651,877,757,651,243,731,386,769,990,1336,0,907,1203,1099,1099,604,1427,1258,0,1267
651,936,852,651,1087,1141,386,771,1372,1357,0,1416,942,1099,928,604,0,0,0,1267
671,936,852,671,1087,1141,386,771,1372,1357,0,1416,942,1099,928,604,0,0,0,1267
671,936,852,671,607,1387,1400,776,1358,1365,0,1387,948,0,928,988,1252,932,1099,112
671,936,852,671,607,1387,1400,776,1358,1365,0,1387,948,0,928,988,1252,932,1099,112
675,936,852,675,1400,1201,981,1326,1134,1405,665,583,1426,665,928,1346,1280,1372,1099,607
675,936,852,675,1400,1201,981,1326,1134,1405,665,583,1426,665,928,1346,1280,1372,1099,607
675,936,852,675,1424,1206,702,944,1154,1416,665,0,0,665,928,1362,0,0,1099,677
684,936,852,684,1424,1206,702,944,1154,1416,665,0,0,665,928,1362,0,0,1099,677
684,936,852,684,968,988,702,1007,1359,615,665,917,243,665,928,0,977,1308,1099,897
684,936,852,684,968,988,702,1007,1359,615,665,917,243,665,928,0,977,1308,1099,897
694,941,858,694,565,1021,702,1261,1197,394,665,965,1123,665,928,0,0,0,1099,0
694,941,858,694,565,1021,702,1261,1197,394,665,965,1123,665,928,0,0,0,1099,0
694,941,858,694,932,1116,702,1016,1201,1131,665,0,1308,665,928,0,769,409,1099,1179
709,941,858,709,932,1116,702,1016,1201,1131,665,0,1308,665,928,0,769,409,1099,1179
709,941,858,709,769,1216,702,1328,1216,1233,665,776,0,665,928,0,787,0,1099,1185
709,941,858,709,769,1216,702,1328,1216,1233,665,776,0,665,928,0,787,0,1099,1185
719,941,858,719,1405,471,702,536,1221,620,665,1314,1075,665,0,0,0,1281,1099,911
719,941,858,719,1405,471,702,536,1221,620,665,1314,1075,665,0,0,0,1281,1099,911
719,941,858,719,1351,1388,702,536,1370,853,665,944,1086,665,0,0,981,0,0,1305
727,941,858,727,1351,1388,702,536,1370,853,665,944,1086,665,0,0,981,0,0,1305
727,946,878,727,1291,677,702,536,1270,1406,0,0,1429,1062,0,845,0,924,984,1058
727,946,878,727,1291,677,702,536,1270,1406,0,0,1429,1062,0,845,0,924,984,1058
746,946,878,746,394,1156,1348,536,1378,1421,1186,659,0,0,845,845,831,990,0,1259
746,946,878,746,394,1156,1348,536,1378,1421,1186,659,0,0,845,845,831,990,0,1259
746,946,878,746,1406,1260,1129,536,1015,623,1191,981,737,0,845,845,1003,1087,0,1060
777,946,878,777,1406,1260,1129,536,1015,623,1191,981,737,0,845,845,1003,1087,0,1060
777,946,878,777,967,1389,659,536,1401,1256,0,322,737,0,845,845,853,0,0,1062
777,946,878,777,967,1389,659,536,1401,1256,0,322,737,0,845,845,853,0,0,1062
794,946,878,794,1297,1003,1367,536,907,643,0,1421,737,0,845,845,944,369,1058,1270
794,946,878,794,1297,1003,1367,536,907,643,0,1421,737,0,845,845,944,369,1058,1270
794,999,949,794,1304,1390,1418,536,471,778,0,1387,737,0,845,845,0,0,0,1314
795,999,949,795,1304,1390,1418,536,471,778,0,1387,737,0,845,845,0,0,0,1314
795,999,949,795,1129,1033,872,1330,1403,1310,0,1179,737,0,845,845,867,984,0,1190
795,999,949,795,1129,1033,872,1330,1403,1310,0,1179,737,0,845,845,867,984,0,1190
796,999,949,796,1426,1393,1131,1094,670,1314,0,710,737,0,845,845,0,0,1064,0
796,999,949,796,1426,1393,1131,1094,670,1314,0,710,737,0,845,845,0,0,1064,0
796,999,949,796,1409,1094,1343,1106,677,651,441,1185,737,386,845,1349,1016,988,1326,923
799,999,949,799,1409,1094,1343,1106,677,651,441,1185,737,386,845,1349,1016,988,1326,923
799,999,949,799,1430,1421,1134,1116,911,1259,441,1007,737,386,1206,1365,737,1417,1328,731
799,999,949,799,1430,1421,1134,1116,911,1259,441,1007,737,386,1206,1365,737,1417,1328,731
800,1034,952,800,776,562,1136,1332,232,656,441,1194,0,386,1222,0,737,0,1414,731
800,1034,952,800,776,562,1136,1332,232,656,441,1194,0,386,1222,0,737,0,1414,731
800,1034,952,800,867,562,1427,1123,232,978,441,831,511,386,1256,0,737,1045,0,731
805,1034,952,805,867,1404,1427,1123,232,978,441,831,511,386,1256,0,737,1045,0,731
805,1034,952,805,652,1270,1162,1143,232,1031,441,1206,1367,386,1318,0,737,1429,0,731
805,1034,952,805,652,1270,1162,1143,232,1031,441,1206,1367,386,1318,0,737,1429,0,731
812,1034,952,812,1163,1399,0,1179,232,687,441,851,0,386,0,0,737,0,0,731
812,1034,952,812,1163,1399,0,1179,232,687,441,851,0,386,0,0,737,0,0,731
812,1034,952,812,1416,1318,1171,1209,232,704,441,0,750,386,0,0,737,520,0,731
820,1034,952,820,1416,1318,1171,1209,232,704,441,0,750,386,0,0,737,520,0,731
820,1057,963,820,842,1342,1197,1218,232,661,441,967,897,386,0,0,737,0,0,731
820,1057,963,820,842,1342,1197,1218,232,661,441,967,897,386,0,0,737,0,0,731
829,1057,963,829,369,1349,876,1265,232,709,0,968,1092,921,441,539,737,604,390,731
829,1057,963,829,369,1349,876,1265,232,709,0,968,1092,921,441,539,737,604,390,731
829,1057,963,829,378,1365,1252,297,232,726,0,0,0,921,441,539,0,604,390,0
837,1057,963,837,378,1365,1252,297,232,726,0,0,0,921,441,539,0,604,390,0
837,1057,963,837,778,687,1304,1379,1281,664,0,841,536,921,441,539,1291,604,390,1194
837,1057,963,837,778,687,1304,1379,1281,664,0,841,536,921,441,539,1291,604,390,1194
838,1057,963,838,1106,687,942,1414,1422,665,1064,0,536,921,441,539,0,604,390,1040
838,1057,963,838,1106,1404,942,1414,1422,665,1064,0,536,921,441,539,0,604,390,1040
838,1127,997,838,1373,1239,1018,1415,1029,665,1086,853,536,921,441,539,322,604,390,969
840,1127,997,840,1373,1239,1018,1415,1029,665,1086,853,536,921,441,539,322,604,390,969
840,1127,997,840,1007,1240,921,1293,1413,665,1131,0,536,921,441,539,1116,604,390,1071
840,1127,997,840,1007,1240,921,1293,1413,665,1131,0,536,921,441,539,1116,604,390,1071
859,1127,997,859,1418,1323,921,711,1424,665,1138,1060,536,921,441,539,0,604,390,1415
859,1127,997,859,1418,1323,921,711,1424,665,1138,1060,536,921,441,539,0,604,390,1415
859,1127,997,859,1336,1326,921,1300,1423,665,1138,0,536,921,441,539,471,604,390,0
869,1127,997,869,1336,1326,921,1300,1423,665,1138,0,536,921,441,539,471,604,390,0
869,1127,997,869,1427,1328,921,917,604,665,1138,536,536,1335,815,1328,0,1094,0,0
869,1127,997,869,1427,1328,921,917,604,665,1138,536,536,1335,815,1328,0,1094,0,0
870,1144,1090,870,400,1345,921,1302,604,665,1138,536,536,1335,815,1330,0,1279,702,990
870,1144,1090,870,400,1345,921,1302,604,665,1138,536,536,1335,815,1330,0,1279,702,990
870,1144,1090,870,851,1357,921,1031,604,665,1138,536,1376,1335,815,1332,969,1297,702,369
871,1144,1090,871,851,1357,921,1031,604,665,1138,536,1376,1335,815,1332,969,1297,702,369
871,1144,1090,871,569,1379,921,1185,604,1157,1138,536,1430,1335,815,0,0,1305,702,1129
871,1144,1090,871,569,1379,921,1185,604,1157,1138,536,1430,1335,815,0,0,1305,702,1129
879,1144,1090,879,1356,1381,921,1306,604,729,1138,536,0,1335,815,1335,815,0,702,0
879,1144,1090,879,1356,1381,921,1306,604,729,1138,536,0,1335,815,1335,815,0,702,0
879,1144,1090,879,511,1382,1308,787,604,730,1138,536,700,1335,815,1335,815,1106,702,378
892,1144,1090,892,511,1382,1308,787,604,730,1138,536,700,1335,815,1335,815,1106,702,378
892,1225,1137,892,1289,1383,0,889,604,889,1210,536,702,1335,815,1335,815,0,702,1092
892,1225,1137,892,1289,1383,0,889,604,889,1210,536,702,1335,815,1335,815,0,702,1092
901,1225,1137,901,1360,1394,1258,923,604,755,0,536,702,1335,815,1335,815,0,702,0
901,1225,1137,901,1360,1394,1258,923,604,755,0,536,702,1335,815,1335,815,0,702,0
901,1225,1137,901,710,1402,1310,1040,1164,1040,1212,569,702,0,1198,1335,815,998,702,778
909,1225,1137,909,710,1402,1310,1040,1164,1040,1212,569,702,0,1198,1335,815,998,702,778
909,1225,1137,909,767,1413,1305,1327,815,757,1217,1424,702,0,1198,1335,815,0,998,0
909,1225,1137,909,767,1413,1305,1327,815,757,1217,1424,702,0,1198,1335,815,0,998,0
912,1225,1137,912,787,1415,0,457,815,1179,1221,1387,702,0,1198,1335,815,1134,1016,565
912,1225,1137,912,787,1415,0,457,815,1179,1221,1387,702,0,1198,1335,815,1134,1016,565
913,1229,1183,913,711,704,1006,1329,815,777,1228,652,702,0,1198,1335,815,1136,1330,872
913,1229,1183,913,711,704,1006,1329,815,777,1228,652,702,0,1198,1335,815,1136,1330,872
919,1229,1183,919,803,704,1029,1045,815,796,1323,0,702,0,1198,0,0,0,1332,0
919,1229,1183,919,803,726,1029,1045,815,796,1323,0,702,0,1198,0,0,0,1332,0
929,1229,1183,929,1313,726,380,1364,815,897,1325,394,702,0,1198,0,394,1141,0,1412
929,1229,1183,929,1313,726,380,1364,815,897,1325,394,702,0,1198,0,394,1141,0,1412
930,1229,1183,930,520,390,409,1190,815,820,1396,1427,0,0,1198,0,396,1143,1335,1412
930,1229,1183,930,520,390,409,1190,815,820,1396,1427,0,0,1198,0,396,1143,1335,1412
931,1229,1183,931,974,390,565,1429,815,1185,1430,1387,565,0,1198,0,396,1424,1335,1412
931,1229,1183,931,974,390,565,1429,815,1185,1430,1387,565,0,1198,0,396,1424,1335,1412
935,1238,1188,935,1370,390,1313,109,815,837,1380,661,0,396,0,1138,396,0,1335,1412
935,1238,1188,935,1370,390,1313,109,815,837,1380,661,0,396,0,1138,396,0,1335,1412
937,1238,1188,937,1367,390,569,109,1184,852,1380,0,670,396,0,1138,396,0,1335,1412
937,1238,1188,937,1367,390,569,1410,1184,852,1380,0,670,396,0,1138,396,0,1335,1412
954,1238,1188,954,578,390,0,948,1210,396,1380,1134,0,396,0,1138,396,1154,1335,1412
954,1238,1188,954,578,390,0,948,1210,396,1380,1134,0,396,0,1138,396,1154,1335,1412
957,1238,1188,957,1177,390,1217,1058,1425,396,1380,1138,815,396,604,1138,396,1163,1335,1412
957,1238,1188,957,1177,390,1217,1058,1425,396,1380,1138,815,396,604,1138,396,1163,1335,1412
975,1238,1188,975,583,390,1362,1366,1212,396,1380,1138,815,396,604,1138,396,1184,1335,1412
975,1238,1188,975,583,390,1362,1366,1212,396,1380,1138,815,396,604,1138,396,1184,1335,1412
976,1263,1232,976,798,390,664,511,1217,396,700,1138,815,396,604,1138,396,0,1335,0
976,1263,1232,976,798,390,664,511,1217,396,700,1138,815,396,604,1138,396,0,1335,0
987,1263,1232,987,872,441,1284,515,1223,396,702,1138,815,396,604,1138,0,1029,0,1197
987,1263,1232,987,872,441,1284,515,1223,396,702,1138,815,396,604,1138,0,1029,0,1197
991,1263,1232,991,750,441,1363,1391,1240,396,702,1138,815,396,604,1138,386,1189,396,1198
991,1263,1232,991,750,441,1363,1391,1240,396,702,1138,815,396,604,1138,386,1189,396,1198
1017,1263,1232,1017,670,441,884,520,1289,396,702,1138,815,1271,604,924,386,0,396,1198
1017,1263,1232,1017,670,441,884,520,1289,396,702,1138,815,1271,604,924,386,0,396,1198
1022,1263,1232,1022,1060,441,0,1062,1428,396,702,1138,815,1271,604,1406,386,1197,396,1198
1022,1263,1232,1022,1060,441,0,1062,1428,396,702,1138,815,1271,604,1406,386,1197,396,1198
1041,1272,1235,1041,1252,441,312,1071,928,1018,702,1138,815,1271,604,0,386,1198,396,1198
1041,1272,1235,1041,1252,441,312,1071,928,1018,702,1138,815,1271,604,0,386,1198,396,1198
1042,1272,1235,1042,1086,441,312,1395,928,1020,702,1387,822,1271,847,0,386,1198,396,1198
1042,1272,1235,1042,1086,441,312,1395,928,1020,702,1387,822,1271,847,0,386,1198,396,1198
1063,1272,1235,1063,0,441,312,700,928,1021,702,1387,959,1271,847,0,386,1198,396,1198
1063,1272,1235,1063,0,441,312,700,928,1021,702,1387,959,1271,847,0,386,1198,396,1198
1068,1272,1235,1068,977,441,312,1204,928,858,702,515,1240,1271,847,0,386,1198,396,1198
1068,1272,1235,1068,977,441,312,1204,928,858,702,515,1240,1271,847,0,386,1198,396,1198
1095,1272,1235,1095,1074,737,312,1205,928,870,1382,0,1258,1271,847,0,386,1198,396,1198
1095,1272,1235,1095,1074,737,312,1205,928,870,1382,0,1258,1271,847,0,386,1198,396,1198
1096,1273,1237,1096,1340,737,312,1205,928,1191,1406,737,0,1271,847,0,764,1198,1396,767
1096,1273,1237,1096,1340,737,312,1205,928,1191,1406,737,0,1271,847,0,764,1198,1396,767
1097,1273,1237,1097,898,737,312,1205,928,871,1380,737,767,1205,847,764,764,1198,1405,776
1097,1273,1237,1097,898,737,312,1205,928,871,1380,737,767,1205,847,764,764,1198,1405,776
1108,1273,1237,1108,917,737,312,1205,928,877,1380,737,803,1205,847,764,764,1198,1418,1074
1108,1273,1237,1108,917,737,312,1205,928,877,1380,737,803,1205,847,764,764,1198,1418,1074
1109,1273,1237,1109,924,737,1060,1205,1189,478,1380,737,889,1205,847,764,764,841,0,1409
1109,1273,1237,1109,924,737,1060,1205,1189,478,1380,737,889,1205,847,764,764,841,0,1409
1111,1273,1237,1111,1209,737,1426,1205,1198,478,1380,737,0,1205,731,764,764,1340,0,1421
1111,1273,1237,1111,1209,737,1426,1205,1198,478,1380,737,0,1205,731,764,764,1340,0,1421
1112,1275,1264,1112,959,737,0,1205,1198,478,1380,737,1169,1205,731,764,764,1342,0,0
1112,1275,1264,1112,959,737,0,1205,1198,478,1380,737,1169,1205,731,764,764,1342,0,0
1113,1275,1264,1113,965,737,1276,1205,1198,478,1380,737,0,1205,731,764,764,1345,0,0
1113,1275,1264,1113,965,737,1276,1205,1198,478,1380,737,0,1205,731,764,764,1345,0,0
1117,1275,1264,1117,969,764,0,1086,1198,478,1099,737,872,1205,731,764,764,1348,0,771
1117,1275,1264,1117,969,764,0,1086,1198,478,1099,737,872,1205,731,764,764,1348,0,771
1118,1275,1264,1118,1376,764,798,1087,1198,478,1099,664,923,1205,731,764,0,1356,539,0
1118,1275,1264,1118,1376,764,798,1087,1198,478,1099,664,923,1205,731,764,0,1356,539,0
1119,1275,1264,1119,984,764,888,1408,1198,478,1099,0,0,232,731,665,457,1362,539,803
1119,1275,1264,1119,984,764,888,1408,1198,478,1099,0,0,232,731,665,457,1362,539,803
1124,1294,1290,1124,990,764,1412,847,1198,478,1099,457,1198,232,731,665,0,1373,539,0
1124,1294,1290,1124,990,764,1412,847,1198,478,1099,457,1198,232,731,665,0,1373,539,0
1126,1294,1290,1126,1370,764,1412,847,1198,845,1099,1276,1198,232,731,665,1071,0,539,876
1126,1294,1290,1126,1370,764,1412,847,1198,845,1099,1276,1198,232,731,665,1071,0,539,876
1130,1294,1290,1130,1015,764,1412,847,154,845,1099,0,1198,232,921,665,1326,1222,539,0
1130,1294,1290,1130,1015,764,1412,847,154,845,1099,0,1198,232,921,665,1326,1222,539,0
1142,1294,1290,1142,1020,764,1412,847,154,845,1099,1074,1198,232,921,665,1336,0,539,0
1142,1294,1290,1142,1020,764,1412,847,213,845,1099,1074,1198,232,921,665,1336,0,539,0
1145,1294,1290,1145,1026,764,1412,847,213,845,1099,1129,1198,232,921,665,1345,576,539,569
1145,1294,1290,1145,1026,764,1412,847,213,845,1099,1129,1198,232,921,665,1345,576,539,569
1148,1295,1321,1148,1143,1392,1412,847,276,845,0,1281,1198,232,921,665,1351,576,539,0
1148,1295,1321,1148,1143,1392,1412,847,276,845,0,1281,1198,232,921,665,1351,576,539,0
1159,1295,1321,1159,1154,1396,1412,847,276,845,0,0,1198,232,921,665,1357,576,1205,974
1159,1295,1321,1159,1154,1396,1412,847,541,845,0,0,1198,232,921,665,1357,576,1205,974
1160,1295,1321,1160,1166,1407,1412,847,541,845,758,1094,1198,1381,921,0,1367,576,1205,0
1160,1295,1321,1160,1166,1407,1412,847,541,845,758,1094,1198,1381,921,0,1367,576,1205,0
1161,1295,1321,1161,1186,1414,0,1335,558,845,758,0,1018,1382,921,312,1376,576,1205,652
1161,1295,1321,1161,1186,1414,0,1335,558,845,758,0,1018,1382,921,312,1376,576,1205,652
1167,1295,1321,1167,1189,1417,539,1335,558,878,758,1291,1020,1383,921,312,0,576,1205,1075
1167,1295,1321,1167,1189,1417,539,1335,619,878,758,1291,1020,1383,921,312,0,576,1205,1075
1175,1331,1324,1175,1210,729,539,1335,619,892,758,0,1021,1394,764,312,0,576,1205,1107
1175,1331,1324,1175,1210,729,539,1335,619,892,758,0,1021,1394,764,312,0,576,1205,1107
1193,1331,1324,1193,1204,729,539,1335,632,909,758,1106,0,1402,764,312,636,576,1205,0
1193,1331,1324,1193,1204,730,539,1335,632,909,758,1106,0,1402,764,312,636,576,1205,0
1199,1331,1324,1199,1212,730,539,1335,632,919,758,1163,0,1409,764,312,0,815,1205,441
1199,1331,1324,1199,1212,730,539,1335,633,919,758,1163,0,1409,764,312,0,815,1205,441
1200,1331,1324,1200,1258,1271,539,1335,633,930,758,0,1045,1416,764,312,798,815,1205,441
1200,1331,1324,1200,1258,1271,539,1335,633,930,758,0,1045,1416,764,312,798,815,1205,441
1202,1331,1324,1202,1362,1271,539,1335,634,931,758,607,0,1384,764,312,0,815,921,441
1202,1331,1324,1202,1362,1271,539,1335,634,931,758,607,0,1384,764,312,0,815,921,441
1213,1337,1334,1213,1346,1271,539,1335,634,936,232,711,1131,1384,764,312,0,815,921,441
1213,1337,1334,1213,1346,1271,539,1335,671,936,232,711,1131,1384,764,312,0,815,921,441
1214,1337,1334,1214,558,1271,539,415,671,937,232,1297,1136,1384,764,1379,1162,815,921,441
1214,1337,1334,1214,558,1271,539,415,671,937,232,1297,1136,1384,764,1379,1162,815,921,441
1215,1337,1334,1215,558,1271,576,415,675,941,232,1299,0,1384,764,1398,1166,815,921,441
1215,1337,1334,1215,558,1271,576,475,675,941,232,1299,0,1384,764,1398,1166,815,921,441
1219,1337,1334,1219,558,1271,576,475,675,946,232,0,1141,1384,1204,1415,0,815,921,441
1219,1337,1334,1219,643,1271,576,475,684,946,232,0,1141,1384,1204,1415,0,815,921,441
1220,1337,1334,1220,643,1271,576,512,684,949,232,1162,1143,1384,1209,0,1177,815,921,441
1220,1337,1338,1220,643,1271,576,512,684,949,232,1162,1143,1384,1209,0,1177,815,921,441
1224,1341,1338,1224,643,1271,576,512,736,952,232,1164,0,1384,0,0,1186,0,921,0
1224,1341,1338,1224,643,1271,576,513,736,952,232,1164,0,1384,0,0,1186,0,921,0
1226,1341,1338,1226,656,755,576,513,736,957,232,0,0,1384,1267,0,0,1007,921,659
1226,1341,1338,1226,656,755,576,513,773,957,232,0,0,1384,1267,0,0,1007,921,659
1234,1341,1338,1234,656,755,576,591,773,963,232,885,1154,1384,1267,0,232,1223,665,769
1234,1341,1338,1234,656,757,576,591,773,963,232,885,1154,1384,1267,0,232,1223,665,769
1236,1341,1338,1236,656,757,576,591,794,997,390,0,0,478,1267,0,232,0,665,884
1236,1341,1338,1236,736,757,576,639,794,997,390,0,0,478,1267,0,232,0,665,884
1244,1341,1350,1244,736,852,576,639,795,1017,390,232,0,478,1267,0,232,758,665,0
1244,1341,1350,1244,736,852,576,639,795,1017,390,232,0,478,1267,0,232,758,665,0
1246,1352,1350,1246,736,852,1138,694,799,1022,390,232,1363,478,1267,396,232,758,665,380
1246,1352,1350,1246,736,858,1138,694,799,1022,390,232,1363,478,1267,396,232,758,665,380
1247,1352,1350,1247,773,858,1138,694,800,1034,390,232,0,478,1267,396,232,758,665,0
1247,1352,1350,1247,773,858,1138,719,800,1034,390,232,0,478,1267,396,232,758,665,0
1251,1352,1350,1251,773,878,1138,719,812,1042,390,232,0,478,1267,396,232,758,665,578
1251,1352,1350,1251,773,878,1138,719,812,1042,390,232,0,478,1267,396,232,758,665,578
1253,1352,1350,1253,773,878,1138,727,838,1057,390,232,739,478,1267,396,232,758,665,661
1253,1352,1361,1253,843,949,1138,727,838,1057,390,232,739,478,1267,396,232,758,665,661
1257,1352,1361,1257,843,949,1138,727,843,1090,390,232,1284,478,1279,396,232,758,665,0
1257,1352,1361,1257,843,949,1138,746,843,1090,390,232,1284,478,1279,396,232,758,665,0
1261,1355,1361,1261,843,952,1138,746,859,1096,390,232,0,478,0,396,1190,758,312,297
1261,1355,1361,1261,843,952,1138,746,859,1096,390,232,0,478,0,396,1190,758,312,297
1265,1355,1361,1265,877,952,1138,805,869,1111,921,232,0,847,0,396,0,758,312,942
1265,1355,1361,1265,877,963,1138,805,869,1111,921,232,0,847,0,396,0,758,312,942
1278,1355,1361,1278,877,963,1138,805,975,1118,921,0,297,847,0,396,885,1018,312,1171
1278,1355,1361,1278,877,963,1138,829,975,1118,921,0,297,847,0,396,885,1018,312,1171
1283,1355,1377,1283,877,997,1411,829,976,1119,921,409,0,847,0,576,1239,1020,312,0
1283,1355,1377,1283,936,997,1411,829,976,1119,921,409,0,847,0,576,1239,1020,312,0
1286,1355,1377,1286,936,997,1411,840,987,1127,921,677,0,847,536,576,0,0,312,400
1286,1355,1377,1286,936,1034,1411,840,987,1127,921,677,0,847,536,576,0,0,312,400
1287,1360,1377,1287,936,1034,1411,840,991,1137,921,0,1177,847,536,576,907,1026,312,764
1287,1360,1377,1287,936,1034,1411,879,991,1137,921,0,1177,847,536,576,907,1026,312,764
1288,1360,1377,1288,941,1057,1411,879,999,1142,921,1040,0,847,536,576,1123,0,312,764
1288,1360,1377,1288,941,1057,1411,879,999,1142,921,1040,0,847,536,576,1123,0,312,764
1293,1360,1377,1293,941,1057,1411,901,1041,1144,921,1233,520,847,536,576,0,0,312,764
1293,1360,1380,1293,941,1090,1411,901,1041,1144,921,1233,520,847,536,576,0,0,312,764
1300,1360,1380,1300,941,1090,1411,901,1063,1175,921,1388,1031,847,536,576,0,1201,845,764
1300,1360,1380,1300,946,1090,1411,912,1063,1175,921,1388,1031,847,536,576,0,1201,845,764
1302,1360,1380,1302,946,1127,1411,912,1109,1183,576,1388,0,390,536,576,959,1209,845,764
1302,1360,1380,1302,946,1127,1411,912,1109,1183,576,1388,0,390,536,576,959,1209,845,764
1306,1370,1380,1306,946,1127,1411,913,1113,1188,576,1171,974,390,536,576,1304,1260,845,764
1306,1370,1380,1306,946,1137,1411,913,1113,1188,576,1171,974,390,536,576,1304,1260,845,764
1312,1370,1380,1312,999,1137,1411,913,1148,1199,576,1405,1310,390,536,0,1412,0,845,764
1312,1370,1380,1312,999,1137,1411,929,1148,1199,576,1405,1310,390,536,0,1412,0,845,764
1315,1370,1384,1315,999,1144,1411,929,1160,1200,576,1389,0,390,1026,478,1412,731,845,764
1315,1370,1384,1315,999,1144,1411,929,1160,1200,576,1389,0,390,1026,478,1412,731,845,764
1319,1370,1384,1319,999,1144,1411,935,1167,1202,576,1389,0,390,1216,478,1412,731,845,889
1319,1370,1384,1319,1225,1183,1411,935,1167,1202,576,1389,0,390,1216,478,1412,731,845,889
1327,1370,1384,1327,1225,1183,1411,935,1193,1232,576,400,731,390,0,478,1412,731,845,0
1327,1370,1384,1327,1225,1183,1411,954,1193,1232,576,400,731,390,0,478,1412,731,845,0
1329,1385,1384,1329,1225,1188,1411,954,1213,1235,576,0,731,390,1280,478,1412,731,845,739
1329,1385,1384,1329,1225,1188,1411,954,1213,1235,576,0,731,390,1280,478,1412,731,845,739
1347,1385,1384,1347,1229,1188,1411,1068,1214,1237,576,1201,731,390,0,478,1412,731,847,0
1347,1385,1386,1347,1229,1232,1411,1068,1214,1237,576,1201,731,390,0,478,1412,731,847,0
1353,1385,1386,1353,1229,1232,1411,1068,1215,1238,847,1379,731,928,0,478,1412,731,847,1164
1353,1385,1386,1353,1229,1232,1411,1095,1215,1238,847,1379,731,928,0,478,1412,731,847,1164
1354,1385,1386,1354,1229,1235,1411,1095,1219,1263,847,1381,731,928,0,478,1412,731,847,0
1354,1385,1386,1354,1263,1235,1411,1095,1219,1263,847,1381,731,928,0,478,1412,731,847,0
1358,1385,1386,1358,1263,1235,1411,1097,1220,1264,847,1382,731,928,0,478,1411,731,847,750
1358,1385,1386,1358,1263,1237,1411,1097,1220,1264,847,1382,731,928,0,478,1411,731,847,750
1359,1387,1386,1359,1263,1237,1411,1097,1225,1283,847,1392,731,928,478,1205,1411,822,847,1157
1359,1387,1386,1359,1263,1237,1411,1108,1225,1283,847,1392,731,928,478,1205,1411,822,847,1157
1364,1387,1388,1364,1272,1238,1411,1108,1226,1287,847,1398,731,928,478,1205,710,911,847,0
1364,1387,1388,1364,1272,1238,1411,1108,1226,1287,847,1398,731,928,478,1205,710,911,847,0
1366,1387,1388,1366,1272,1238,1411,1112,1229,1288,847,1400,0,928,478,1205,898,0,847,664
1366,1387,1388,1366,1272,1264,1411,1112,1229,1288,847,1400,0,928,478,1205,898,0,847,664
1375,1387,1388,1375,1272,1264,1411,1112,1234,1290,847,1407,798,928,478,1205,0,1169,847,0
1375,1387,1388,1375,1273,1264,1411,1117,1234,1290,847,1407,798,928,478,1205,0,1169,847,0
1378,1387,1388,1378,1273,1290,1411,1117,1236,1295,847,1390,1003,928,478,1205,1267,0,928,1271
1378,1387,1388,1378,1273,1290,1411,1117,1236,1295,847,1390,1003,928,478,1205,1267,0,928,1271
1391,1390,1388,1391,1273,1290,1411,1124,1251,1321,478,1390,0,1138,478,1205,1267,0,928,1271
1391,1390,1389,1391,1273,1321,1411,1124,1251,1321,478,1390,0,1138,478,1205,1267,0,928,1271
1395,1390,1389,1395,1275,1321,1411,1124,1253,1324,478,1412,1267,1138,478,1205,1267,441,928,1271
1395,1390,1389,1395,1275,1321,1411,1126,1253,1324,478,1412,1267,1138,478,1205,1267,441,928,1271
1397,1390,1389,1397,1275,1324,1411,1126,1257,1331,478,1412,1267,1138,478,1205,1267,441,928,1271
1397,1390,1389,1397,1275,1324,1411,1126,1257,1331,478,1412,1267,1138,478,1205,1267,441,928,1271
1401,1390,1389,1401,1275,1324,1411,1130,1272,1334,478,1412,1267,1138,576,928,1267,441,928,1271
1401,1390,1389,1401,1294,1331,1411,1130,1272,1334,478,1412,1267,1138,576,928,1267,441,928,1271
1403,1390,1389,1403,1294,1331,1411,1130,1273,1337,478,1412,1267,1138,576,928,1267,441,928,1271
1403,1390,1389,1403,1294,1331,1411,1145,1273,1337,478,1412,1267,1138,576,928,1267,441,928,1271
1408,1393,1404,1408,1294,1334,1411,1145,1275,1338,478,1412,1267,1138,576,928,1267,441,928,1271
1408,1393,1404,1408,1294,1334,1411,1145,1275,1338,478,1412,1267,1138,576,928,1267,441,928,1271
1410,1393,1404,1410,1295,1334,1411,1159,1278,1350,478,1412,1267,1138,576,928,1267,441,928,1271
1410,1393,1404,1410,1295,1337,1411,1159,1278,1350,478,1412,1267,1138,576,928,1267,441,928,1271
1419,1393,1404,1419,1295,1337,1411,1159,1286,1354,478,1412,1267,1138,576,928,1411,441,0,0
1419,1393,1404,1419,1295,1337,1411,1161,1286,1354,478,1412,1267,1138,576,928,1411,441,0,0
1420,1393,1404,1420,1341,1338,1411,1161,1294,1360,1385,1412,1267,0,576,928,1411,441,0,0
1420,1393,1404,1420,1341,1338,1411,1161,1294,1360,1385,1412,1267,0,576,928,1411,441,0,0
1422,1393,1404,1422,1341,1338,1411,1224,1312,1361,1385,1386,0,0,576,928,1411,0,0,0
1422,1399,1411,1422,1341,1350,1411,1224,1312,1375,1385,1386,0,0,576,928,1411,0,0,0
1423,1399,1411,1423,1352,1350,1411,1224,1315,1377,1385,1386,0,0,576,928,1411,0,0,0
1423,1399,1411,1423,1352,1350,1411,1244,1315,1393,1385,1386,0,0,576,928,1411,0,0,0
1425,1399,1411,1425,1352,1361,1411,1244,1319,1397,1385,1386,0,0,0,0,1411,0,0,0
1425,1399,1411,1425,1352,1361,1411,1244,1319,1399,1385,1386,0,0,0,0,1411,0,0,0
1428,1399,1411,1428,1355,1361,1411,1246,1341,1404,1385,1386,0,0,0,0,1411,0,0,0
1428,1399,1411,1428,1355,1377,1411,1246,1341,1419,1385,1386,0,0,0,0,1411,0,0,0
1431,1399,1411,1431,1355,1377,1411,1246,1347,1420,1385,1386,0,0,0,0,1411,0,0,0
1431,1399,1411,1431,1355,1377,1411,0,1347,1431,1385,1386,0,0,0,0,1411,0,0,0