105,542,562,105,944,713,891,817,130,899,703,771,549,539,76,758,967,888,811,670
105,542,562,105,944,713,891,817,130,899,703,771,549,539,76,758,967,888,811,670
105,542,562,105,948,725,907,885,803,998,703,955,549,539,76,758,663,891,811,962
109,542,562,109,948,725,907,885,803,998,703,955,549,539,76,758,663,891,811,962
109,542,562,109,130,758,922,964,713,105,703,130,549,539,76,758,851,918,811,753
109,542,562,109,130,758,922,964,713,105,703,130,549,539,76,758,851,918,811,753
154,542,562,154,759,758,893,860,753,105,703,821,549,539,76,758,1006,968,811,1031
154,542,562,154,759,758,893,860,753,1032,703,821,549,539,76,758,1006,968,811,1031
154,542,562,154,647,758,821,641,1003,369,703,163,549,539,76,758,536,1015,811,965
191,542,562,191,647,758,821,641,1003,369,703,163,549,539,76,758,536,1015,811,965
191,542,562,191,322,758,897,725,979,388,703,163,549,539,76,758,536,0,811,711
191,542,562,191,322,758,897,725,979,388,703,163,549,539,76,758,536,0,811,711
194,542,562,194,700,758,243,890,1033,641,703,163,549,539,76,758,536,312,811,511
194,542,562,194,700,758,243,890,1033,641,703,163,549,539,76,758,536,312,811,511
194,558,562,194,560,758,399,969,724,191,703,163,549,539,76,758,536,312,811,515
196,558,687,196,560,758,399,969,724,191,703,163,549,539,76,758,536,312,811,515
196,558,687,196,831,758,924,879,822,191,0,163,469,0,1021,386,536,312,737,948
196,558,687,196,831,758,924,879,822,1034,0,163,469,0,1021,386,536,312,737,948
213,558,687,213,771,758,739,173,647,841,0,163,471,702,1029,386,536,312,737,1036
213,558,687,213,771,758,739,173,647,841,0,163,471,702,1029,386,536,312,737,1036
213,558,687,213,904,911,743,549,842,923,252,163,761,702,0,386,536,312,737,1039
256,558,687,256,904,911,743,549,842,923,252,163,761,702,0,386,536,312,737,1039
256,558,687,256,409,964,747,549,844,1001,0,163,978,702,0,386,536,312,737,787
256,558,687,256,409,964,747,549,844,1001,0,163,978,702,0,386,536,312,737,787
276,558,687,276,452,983,927,549,844,194,604,958,1015,702,0,386,641,312,737,353
276,558,687,276,452,983,927,549,844,194,604,958,1015,702,0,386,641,312,737,353
276,558,687,276,942,1016,750,549,844,194,604,867,663,702,0,386,725,312,737,788
293,558,687,293,942,1016,750,549,844,1042,604,867,663,702,0,386,725,312,737,788
293,563,687,293,1045,997,767,549,844,378,604,778,759,702,0,386,1033,539,737,549
293,563,687,293,1045,997,767,549,844,378,604,778,759,702,0,386,1033,539,737,549
296,563,691,296,761,997,822,549,844,972,604,876,884,702,0,386,1035,539,737,549
296,563,691,296,761,997,822,549,844,972,604,876,884,702,0,386,1035,539,737,549
296,563,691,296,554,76,938,549,844,578,604,378,0,702,758,549,1035,539,386,549
319,563,691,319,554,76,938,549,844,578,604,378,0,702,758,549,1035,539,386,549
319,563,691,319,1036,76,947,549,844,652,604,891,312,1035,758,549,1035,539,386,549
319,563,691,319,1036,76,947,549,844,652,604,891,312,1035,758,549,1035,539,386,549
335,563,691,335,252,76,851,978,844,659,604,0,312,1035,758,549,1035,539,386,549
335,563,691,335,252,76,851,978,844,659,604,0,312,1035,758,549,1035,539,386,549
335,563,691,335,1006,76,853,883,636,1013,604,554,312,1035,758,549,1035,539,386,549
340,563,691,340,1006,76,853,883,636,1013,604,554,312,1035,758,549,1035,539,386,549
340,563,691,340,515,76,959,607,1036,340,1033,962,312,1035,758,549,1035,539,386,549
340,563,691,340,515,76,959,607,1036,340,1033,962,312,1035,758,549,1035,539,386,549
343,629,691,343,112,76,112,886,926,340,1035,881,312,1035,758,549,1035,539,386,549
343,629,691,343,112,76,112,886,926,1043,1035,881,312,1035,758,549,1035,539,386,549
343,629,691,343,380,76,867,661,927,583,1035,896,312,1035,758,549,1035,549,386,493
359,629,697,359,380,76,867,661,927,583,1035,896,312,1035,758,549,1035,549,386,493
359,629,697,359,695,76,973,887,953,956,1035,380,312,1035,758,549,917,549,386,955
359,629,697,359,695,76,973,887,953,956,1035,380,312,1035,758,549,917,549,386,955
366,629,697,366,752,104,252,824,955,1026,1035,888,312,1035,811,842,390,549,0,560
366,629,697,366,752,104,252,824,955,1026,1035,888,312,1035,811,842,390,549,0,560
366,629,697,366,173,104,974,901,958,359,1035,898,487,845,811,844,390,549,0,583
371,629,697,371,173,104,974,901,958,359,1035,898,487,845,811,844,390,549,0,583
371,629,697,371,636,104,710,827,965,359,1035,647,488,845,811,844,390,549,0,790
371,629,697,371,636,104,710,827,965,1034,1035,647,488,845,811,844,390,549,0,790
374,629,697,374,943,104,752,831,968,322,1035,842,488,845,811,844,390,549,0,1006
374,629,697,374,943,104,752,831,968,322,1035,842,488,845,811,844,390,549,0,1006
374,643,697,374,724,104,759,989,884,784,1035,844,488,845,811,844,390,549,243,978
405,643,697,405,724,104,759,989,884,784,1035,844,488,845,811,844,390,549,243,978
405,643,697,405,885,104,761,912,397,784,0,844,488,845,811,844,390,549,0,554
405,643,697,405,885,104,761,912,397,784,0,844,488,845,811,844,390,549,0,554
415,643,704,415,657,104,996,956,400,784,0,844,488,845,811,844,390,474,0,564
415,643,704,415,657,104,996,956,400,784,0,844,488,845,811,844,390,474,0,564
415,643,704,415,739,104,967,998,554,784,0,844,488,845,811,844,390,474,0,695
446,643,704,446,739,104,967,998,554,784,0,844,488,845,811,844,390,474,0,695
446,643,704,446,1037,731,977,913,981,784,0,844,488,845,784,844,647,474,0,817
446,643,704,446,1037,731,977,913,981,784,0,844,488,845,784,844,647,474,0,817
451,643,704,451,297,731,386,841,876,784,0,844,488,784,784,604,844,474,76,76
451,643,704,451,297,731,386,841,876,784,0,844,488,784,784,604,844,474,76,76
451,643,704,451,457,731,386,846,891,784,76,844,636,784,784,604,844,474,76,76
454,654,704,454,457,731,386,846,891,784,76,844,636,784,784,604,844,474,76,76
454,654,704,454,938,731,386,898,983,784,76,844,0,784,784,604,844,474,76,76
454,654,704,454,938,731,386,898,983,784,76,844,0,784,784,604,844,474,76,76
475,654,704,475,1046,731,386,932,984,163,76,112,926,784,784,604,844,474,76,76
475,654,704,475,1046,731,386,932,984,163,76,112,926,784,784,604,844,474,76,76
475,654,712,475,1048,731,386,1001,985,163,76,977,927,784,784,604,844,474,76,76
482,654,712,482,1048,731,386,1001,985,163,76,977,927,784,784,604,844,474,76,76
482,654,712,482,888,731,386,929,988,163,76,578,932,784,784,604,844,0,76,76
482,654,712,482,888,731,386,929,988,163,76,578,932,784,784,604,844,0,76,76
497,654,712,497,243,731,386,769,990,163,76,907,938,784,784,604,844,926,76,76
497,654,712,497,243,731,386,769,990,163,76,907,938,784,784,604,844,926,76,76
497,654,712,497,622,1032,386,771,996,163,76,388,942,784,928,604,844,927,76,76
498,654,712,498,622,1032,386,771,996,163,76,388,942,784,928,604,844,927,76,76
498,656,712,498,607,890,695,776,1039,163,76,914,948,0,928,988,0,932,784,112
498,656,712,498,607,890,695,776,1039,163,76,914,948,0,928,988,0,932,784,112
501,656,712,501,945,918,981,899,1011,163,665,583,0,665,928,1013,846,938,784,607
501,656,712,501,945,918,981,899,1011,163,665,583,0,665,928,1013,846,938,784,607
501,656,712,501,469,966,702,944,896,163,665,996,0,665,928,0,904,979,784,677
508,656,712,508,469,966,702,944,896,163,665,996,0,665,928,0,904,979,784,677
508,656,726,508,968,988,702,1007,169,997,665,917,243,665,928,0,977,1046,784,897
508,656,726,508,968,988,702,1007,169,997,665,917,243,665,928,0,977,1046,784,897
512,656,726,512,565,1021,702,1012,169,394,665,965,890,665,928,0,564,0,784,388
512,656,726,512,565,1021,702,1012,169,394,665,965,890,665,928,0,564,0,784,388
512,656,726,512,932,1008,702,1016,169,1008,665,922,1037,665,928,0,769,409,784,899
513,656,726,513,932,1008,702,1016,169,1008,665,922,1037,665,928,0,769,409,784,899
513,656,726,513,769,1008,702,935,169,827,665,776,1046,665,928,0,787,0,784,956
513,686,726,513,769,1008,702,935,169,827,665,776,1046,665,928,0,787,0,784,956
517,686,726,517,914,471,702,536,169,1010,665,904,0,665,0,0,824,724,784,911
517,686,726,517,914,471,702,536,169,1010,665,904,0,665,0,0,824,724,784,911
517,686,726,517,947,544,702,536,169,853,665,944,622,665,0,252,981,0,983,104
521,686,726,521,947,544,702,536,169,853,665,944,622,665,0,252,981,0,983,104
521,686,726,521,546,677,702,536,169,966,104,979,953,104,0,845,827,924,984,104
521,686,726,521,546,677,702,536,169,966,104,979,953,104,0,845,827,924,984,104
528,686,729,528,394,896,985,536,169,366,104,659,0,104,845,845,831,990,989,104
528,686,729,528,394,896,985,536,169,366,104,659,0,104,845,845,831,990,989,104
528,686,729,528,824,926,631,536,1015,366,104,981,737,104,845,845,1003,0,1012,104
530,686,729,530,824,926,631,536,1015,371,104,981,737,104,845,845,1003,0,1012,104
530,686,729,530,967,980,659,536,469,371,104,322,737,104,845,845,853,0,0,104
530,686,729,530,967,980,659,536,469,371,104,322,737,104,845,845,853,0,0,104
531,689,729,531,320,1003,1039,536,907,546,104,943,737,104,845,845,944,369,0,104
531,689,729,531,320,1003,1039,536,907,546,104,943,737,104,845,845,944,369,0,104
531,689,729,531,973,1034,788,536,471,778,104,945,737,104,845,845,1012,983,0,104
535,689,729,535,973,1034,788,536,471,778,104,945,737,104,845,845,1012,983,0,104
535,689,729,535,493,1033,872,605,544,1017,104,1001,737,104,845,845,867,984,0,104
535,689,729,535,493,1033,872,605,544,1017,104,1001,737,104,845,845,867,984,0,104
541,689,729,541,353,542,1011,605,670,790,104,710,737,104,845,845,914,985,104,130
541,689,729,541,353,542,1011,605,670,790,104,710,737,104,845,845,914,985,104,130
541,689,730,541,537,542,295,605,677,374,441,824,737,386,845,163,1016,988,104,923
548,689,730,548,537,542,295,605,677,374,441,824,737,386,845,163,1016,988,104,923
548,689,730,548,1047,542,295,605,911,374,441,1007,737,386,0,163,737,989,104,731
548,689,730,548,1047,1010,295,605,911,963,441,1007,737,386,0,163,737,989,104,731
570,689,730,570,776,1010,295,605,232,881,441,827,0,386,0,163,737,996,104,731
570,690,730,570,776,1010,295,605,232,881,441,827,0,386,0,163,737,996,104,731
570,690,730,570,867,564,295,605,232,978,441,831,511,386,173,163,737,1045,104,731
579,690,730,579,867,564,295,605,232,978,441,831,511,386,173,163,737,1045,104,731
579,690,730,579,652,568,295,605,232,1031,441,1013,893,386,0,163,737,0,104,731
579,690,730,579,652,568,295,605,232,1031,441,1013,893,386,0,163,737,0,104,731
588,690,730,588,958,568,295,605,232,446,441,851,0,386,0,163,737,0,104,731
588,690,730,588,958,568,295,605,232,446,441,851,0,386,0,163,737,0,104,731
588,690,730,588,663,568,295,940,232,446,441,956,750,386,0,163,737,520,104,731
591,690,730,591,663,568,295,940,232,446,441,956,750,386,0,163,737,520,104,731
591,690,735,591,842,568,295,1023,232,661,441,967,897,386,0,163,737,537,0,731
591,690,735,591,842,568,295,1023,232,661,441,967,897,386,0,163,737,537,0,731
601,690,735,601,369,568,876,950,232,1022,1024,968,0,921,441,539,737,604,390,731
601,690,735,601,369,568,876,950,232,1022,1024,968,0,921,441,539,737,604,390,731
601,736,735,601,378,568,1013,297,232,663,1047,0,173,921,441,539,945,604,390,759
615,736,735,615,378,568,1013,297,232,663,1047,0,173,921,441,539,945,604,390,759
615,736,735,615,778,568,320,452,788,664,0,841,536,921,441,539,0,604,390,966
615,736,735,615,778,568,320,452,788,664,0,841,536,921,441,539,0,604,390,966
619,736,735,619,785,568,942,537,918,665,0,846,536,921,441,539,320,604,390,1040
619,736,735,619,785,568,942,537,918,665,0,846,536,921,441,539,320,604,390,1040
619,736,735,619,388,1010,1018,564,1029,665,0,853,536,921,441,539,322,604,390,969
620,736,735,620,388,1010,1018,564,1029,665,0,853,536,921,441,539,322,604,390,969
620,736,735,620,1007,811,921,954,622,665,0,1048,536,921,441,539,881,604,390,657
620,736,735,620,1007,811,921,954,622,665,0,1048,536,921,441,539,881,604,390,657
623,736,755,623,487,811,921,711,922,665,0,0,536,921,441,539,0,604,390,761
623,736,755,623,487,811,921,711,922,665,0,0,536,921,441,539,0,604,390,761
623,736,755,623,397,811,921,904,353,665,0,0,536,921,441,539,471,604,390,980
632,740,755,632,397,811,921,904,353,665,0,0,536,921,441,539,471,604,390,980
632,740,755,632,399,811,921,917,604,665,0,536,536,474,815,474,973,605,0,922
632,740,755,632,399,811,921,917,604,665,0,536,536,474,815,474,973,605,0,922
633,740,755,633,400,811,921,945,604,665,0,536,536,474,815,474,0,605,702,990
633,740,755,633,400,811,921,945,604,665,0,536,536,474,815,474,0,605,702,990
633,740,755,633,851,811,921,1031,604,665,0,536,0,474,815,474,969,605,702,369
634,740,755,634,851,811,921,1031,604,665,0,536,0,474,815,474,969,605,702,369
634,740,755,634,569,811,921,960,604,454,0,536,695,474,815,474,0,605,702,1011
634,740,755,634,569,811,921,960,604,454,0,536,695,474,815,474,0,605,702,1011
639,740,755,639,743,811,921,785,604,454,295,536,0,474,815,474,815,605,702,0
639,740,755,639,743,811,921,785,604,497,295,536,0,474,815,474,815,605,702,0
639,740,756,639,511,1010,1046,787,604,497,295,536,700,474,815,474,815,605,702,378
640,740,756,640,511,1010,1046,787,604,497,295,536,700,474,815,474,815,605,702,378
640,766,756,640,747,714,487,889,604,889,295,536,702,474,815,474,815,605,702,1037
640,766,756,640,747,714,487,889,604,889,295,536,702,474,815,474,815,605,702,1037
651,766,756,651,846,714,0,923,604,980,295,536,702,474,815,474,815,605,702,0
651,766,756,651,846,714,0,923,604,980,295,536,702,474,815,474,815,605,702,0
651,766,756,651,710,714,790,1040,1051,1040,295,569,702,163,0,811,815,998,702,778
671,766,756,671,710,714,790,1040,1051,1040,295,569,702,163,0,811,815,998,702,778
671,766,756,671,767,714,1024,970,815,498,295,572,702,163,0,811,815,0,998,0
671,766,756,671,767,714,1024,970,815,498,295,572,702,163,0,811,815,0,998,0
675,766,756,675,787,714,914,457,815,498,295,631,702,163,0,811,815,0,1016,565
675,766,756,675,787,714,914,457,815,542,295,631,702,163,0,811,815,0,1016,565
675,766,756,675,711,714,1006,943,815,542,295,652,702,163,169,811,815,295,0,872
683,766,756,683,711,714,1006,943,815,542,295,652,702,163,169,811,815,295,0,872
683,766,757,683,803,714,1029,1045,815,1025,474,0,702,163,169,811,0,295,0,0
683,773,757,683,803,714,1029,1045,815,1025,474,0,702,163,169,811,0,295,0,0
684,773,757,684,817,714,380,1002,815,897,474,394,702,163,169,811,394,295,0,452
684,773,757,684,817,714,380,1002,815,897,474,394,702,163,169,811,394,295,0,452
684,773,757,684,520,390,409,493,815,989,474,0,0,163,169,811,396,295,0,488
694,773,757,694,520,390,409,493,815,989,474,0,0,163,169,811,396,295,0,488
694,773,757,694,974,390,565,1037,815,562,474,544,565,163,169,811,396,295,163,488
694,773,757,694,974,390,565,1037,815,562,474,544,565,163,169,811,396,295,163,488
699,773,757,699,572,390,0,1047,815,562,474,661,0,396,169,605,396,295,163,488
699,773,757,699,572,390,0,1047,815,588,474,661,0,396,169,605,396,295,163,488
699,773,757,699,573,390,569,1004,1044,588,474,0,670,396,169,605,396,295,163,488
709,773,757,709,573,390,569,1004,1044,588,474,0,670,396,169,605,396,295,163,488
709,773,757,709,578,390,572,948,474,396,474,295,753,396,169,605,396,295,163,488
709,773,757,709,578,390,572,948,474,396,474,295,753,396,169,605,396,295,163,488
715,774,797,715,1051,390,573,109,474,396,474,295,815,396,604,605,396,817,163,488
715,774,797,715,1051,390,573,109,474,396,474,295,815,396,604,605,396,817,163,488
715,774,797,715,583,390,0,109,474,396,0,295,815,396,604,605,396,896,163,488
719,774,797,719,583,390,0,1050,474,396,0,295,815,396,604,605,396,896,163,488
719,774,797,719,798,390,664,511,474,396,700,295,815,396,604,605,396,953,163,488
719,774,797,719,798,390,664,511,474,396,700,295,815,396,604,605,396,953,163,488
727,774,797,727,872,441,753,515,474,396,702,295,815,396,604,605,0,1029,163,0
727,774,797,727,872,441,753,515,474,396,702,295,815,396,604,605,0,1029,163,0
727,774,797,727,750,441,0,1014,474,396,702,295,815,396,604,605,386,0,396,169
732,774,797,732,750,441,0,1014,474,396,702,295,815,396,604,605,386,0,396,169
732,774,797,732,670,441,884,520,474,396,702,295,815,811,604,924,386,0,396,169
732,774,797,732,670,441,884,520,474,396,702,295,815,811,604,924,386,0,396,169
744,774,797,744,0,441,0,256,474,396,702,295,815,811,604,0,386,169,396,169
744,783,797,744,0,441,0,256,474,396,702,295,815,811,604,0,386,169,396,169
744,783,806,744,631,441,312,256,928,1018,702,0,815,811,604,0,386,169,396,169
745,783,806,745,631,441,312,1014,928,1018,702,0,815,811,604,0,386,169,396,169
745,783,806,745,953,441,312,657,928,1020,702,353,822,811,847,0,386,169,396,169
745,783,806,745,953,441,312,657,928,1020,702,353,822,811,847,0,386,169,396,169
746,783,806,746,821,441,312,700,928,1021,702,0,959,811,847,0,386,169,396,169
746,783,806,746,821,441,312,700,928,1021,702,0,959,811,847,0,386,169,396,169
746,783,806,746,977,441,312,703,928,1023,702,515,0,811,847,0,386,169,396,169
751,783,806,751,977,441,312,703,928,1023,702,515,0,811,847,0,386,169,396,169
751,783,806,751,893,737,312,703,928,1024,714,0,641,811,847,0,386,169,396,169
751,783,806,751,893,737,312,703,928,1024,714,0,641,811,847,0,386,169,396,169
754,783,806,754,962,737,312,703,928,615,714,737,0,811,847,0,764,169,1035,767
754,783,806,754,962,737,312,703,928,615,714,737,0,811,847,0,764,169,1035,767
754,813,806,754,898,737,312,703,928,615,714,737,767,703,847,764,764,169,1035,776
768,813,806,768,898,737,312,703,928,620,714,737,767,703,847,764,764,169,1035,776
768,813,852,768,917,737,312,703,928,620,714,737,803,703,847,764,764,0,1035,0
768,813,852,768,917,737,312,703,928,620,714,737,803,703,847,764,764,0,1035,0
777,813,852,777,924,737,0,703,154,478,714,737,889,703,847,764,764,841,1035,622
777,813,852,777,924,737,0,703,154,478,714,737,889,703,847,764,764,841,1035,622
777,813,852,777,955,737,560,703,154,478,714,737,918,703,731,764,764,844,1035,0
781,813,852,781,955,737,560,703,154,478,714,737,918,703,731,764,764,844,1035,0
781,813,852,781,959,737,1048,703,196,478,714,737,0,703,731,764,764,844,1035,544
781,813,852,781,959,737,1048,703,196,478,714,737,0,703,731,764,764,844,1035,544
794,813,852,794,965,737,0,881,196,478,714,737,752,703,731,764,764,844,1035,546
794,813,852,794,965,737,0,881,196,478,714,737,752,703,731,764,764,844,1035,546
794,813,852,794,969,764,0,962,213,478,784,737,872,703,731,764,764,844,1035,771
795,843,852,795,969,764,0,962,213,478,784,737,872,703,731,764,764,844,1035,771
795,843,852,795,979,764,798,296,213,478,784,664,923,703,731,764,0,844,539,0
795,843,852,795,979,764,798,296,213,478,784,664,923,703,731,764,0,844,539,0
796,843,858,796,984,764,888,296,276,478,784,0,0,232,731,665,457,844,539,803
796,843,858,796,984,764,888,501,276,478,784,0,0,232,731,665,457,844,539,803
796,843,858,796,990,764,0,847,276,478,784,457,169,232,731,665,1048,844,539,0
799,843,858,799,990,764,0,847,276,478,784,457,169,232,731,665,1048,844,539,0
799,843,858,799,1012,764,488,847,293,845,784,1051,169,232,731,665,0,844,539,876
799,843,858,799,1012,764,488,847,293,845,784,1051,169,232,731,665,0,844,539,876
800,843,858,800,1015,764,488,847,293,845,784,0,169,232,921,665,0,573,539,0
800,843,858,800,1015,764,488,847,293,845,784,0,169,232,921,665,0,573,539,0
800,843,858,800,1020,764,488,847,335,845,784,0,169,232,921,665,605,0,539,537
805,843,858,805,1020,764,488,847,335,845,784,0,169,232,921,665,605,0,539,537
805,849,858,805,1026,764,488,847,335,845,784,397,169,232,921,665,605,576,539,569
805,849,858,805,1026,764,488,847,335,845,784,397,169,232,921,665,605,576,539,569
807,849,858,807,558,1035,488,847,521,845,0,493,169,232,921,665,605,576,539,631
807,849,858,807,558,1035,488,847,521,845,0,493,169,232,921,665,605,576,539,631
807,849,878,807,558,1035,488,847,521,845,0,605,169,232,921,665,605,576,703,974
812,849,878,812,558,1035,488,847,521,845,0,605,169,232,921,665,605,576,703,974
812,849,878,812,558,1035,488,847,541,845,758,605,169,714,921,0,605,576,703,0
812,849,878,812,558,1035,488,847,541,845,758,605,169,714,921,0,605,576,703,0
820,849,878,820,563,1035,488,319,541,845,758,605,1018,714,921,312,605,576,703,652
820,849,878,820,563,1035,488,319,541,845,758,605,1018,714,921,312,605,576,703,652
820,849,878,820,563,1035,539,319,558,623,758,605,1020,714,921,312,605,576,703,0
825,849,878,825,563,1035,539,343,558,623,758,605,1020,714,921,312,605,576,703,0
825,849,878,825,563,1035,539,343,558,623,758,605,1021,714,764,312,605,576,703,397
825,850,878,825,563,1035,539,343,558,629,758,605,1021,714,764,312,605,576,703,397
828,850,878,828,643,1035,539,405,563,629,758,605,1023,714,764,312,636,576,703,0
828,850,878,828,643,1035,539,405,563,629,758,605,1023,714,764,312,636,576,703,0
829,850,878,829,643,1035,539,405,563,643,758,605,1024,714,764,312,0,815,703,441
829,850,878,829,643,1035,539,415,563,643,758,605,1024,714,764,312,0,815,703,441
837,850,894,837,643,562,539,415,601,643,758,605,1045,714,764,312,798,815,703,441
837,850,894,837,643,562,539,415,601,651,758,605,1045,714,764,312,798,815,703,441
838,850,894,838,654,562,539,451,601,651,758,607,1047,714,764,312,0,815,921,441
838,850,894,838,654,562,539,451,619,651,758,607,1047,714,764,312,0,815,921,441
840,850,894,840,654,562,539,451,619,654,232,711,0,0,764,312,469,815,921,441
840,850,894,840,654,629,539,475,619,654,232,711,0,0,764,312,469,815,921,441
857,850,894,857,654,629,539,475,632,654,232,0,295,0,764,714,785,815,921,441
857,850,894,857,654,629,539,475,632,656,232,0,295,0,764,714,785,815,921,441
859,855,894,859,656,629,576,482,632,656,232,320,295,0,764,714,890,815,921,441
859,855,894,859,656,629,576,482,633,687,232,320,295,0,764,714,890,815,921,441
860,855,894,860,656,687,576,482,633,687,232,973,295,0,703,714,0,815,921,441
860,855,894,860,656,687,576,501,633,690,232,973,295,0,703,714,0,815,921,441
862,855,894,862,656,687,576,501,634,690,232,0,295,0,703,714,752,815,921,441
862,855,894,862,656,687,576,501,634,691,232,0,295,0,703,714,752,815,921,441
869,855,949,869,686,687,576,508,634,691,232,399,295,0,703,714,821,958,921,572
869,855,949,869,686,691,576,508,671,697,232,399,295,0,703,714,821,958,921,572
870,855,949,870,686,691,576,508,671,697,232,0,295,0,703,714,0,1007,921,659
870,855,949,870,686,691,576,512,671,704,232,0,295,0,703,714,0,1007,921,659
871,855,949,871,686,691,576,512,675,704,232,885,295,0,703,714,232,0,665,769
871,855,949,871,689,691,576,512,675,709,232,885,295,0,703,714,232,0,665,769
874,855,949,874,689,697,576,513,675,709,390,0,295,478,703,714,232,0,665,884
874,877,949,874,689,697,576,513,684,712,390,0,295,478,703,714,232,0,665,884
879,877,949,879,689,697,576,513,684,712,390,232,964,478,703,0,232,758,665,0
879,877,949,879,689,697,576,517,684,726,390,232,964,478,703,0,232,758,665,0
883,877,949,883,690,697,0,517,686,726,390,232,0,478,703,396,232,758,665,380
883,877,949,883,690,704,0,517,686,729,390,232,0,478,703,396,232,758,665,380
886,877,949,886,690,704,0,528,686,729,390,232,724,478,568,396,232,758,665,399
886,877,949,886,690,704,0,528,689,730,390,232,724,478,568,396,232,758,665,399
887,877,952,887,690,704,0,528,689,730,390,232,725,478,568,396,232,758,665,578
887,877,952,887,736,704,0,530,689,735,390,232,725,478,568,396,232,758,665,578
892,877,952,892,736,712,0,530,736,735,390,232,739,478,568,396,232,758,665,661
892,877,952,892,736,712,0,530,736,740,390,232,739,478,568,396,232,758,665,661
901,877,952,901,736,712,0,531,736,740,390,232,788,478,568,396,232,758,665,0
901,877,952,901,736,712,0,531,766,755,390,232,788,478,568,396,232,758,665,0
909,936,952,909,740,712,0,531,766,755,390,232,966,478,568,396,0,758,312,297
909,936,952,909,740,726,0,535,766,756,390,232,966,478,568,396,0,758,312,297
912,936,952,912,740,726,0,535,773,756,921,232,0,847,568,396,0,758,312,942
912,936,952,912,740,726,0,535,773,757,921,232,0,847,568,396,0,758,312,942
913,936,952,913,740,726,0,548,773,757,921,0,297,847,568,396,885,1018,312,947
913,936,952,913,766,726,0,548,794,774,921,0,297,847,568,396,885,1018,312,947
916,936,952,916,766,729,0,548,794,774,921,409,743,847,568,576,0,1020,312,0
916,936,952,916,766,729,0,570,794,777,921,409,743,847,568,576,0,1020,312,0
919,936,963,919,766,729,0,570,795,777,921,677,790,847,536,576,560,1023,312,400
919,936,963,919,766,729,0,570,795,781,921,677,790,847,536,576,560,1023,312,400
929,936,963,929,773,729,0,579,795,781,921,899,980,847,536,576,907,1026,312,764
929,936,963,929,773,730,0,579,799,783,921,899,980,847,536,576,907,1026,312,764
930,936,963,930,773,730,0,579,799,783,921,1040,0,847,536,576,0,1036,312,764
930,941,963,930,773,730,0,591,799,796,921,1040,0,847,536,576,0,1036,312,764
931,941,963,931,773,730,0,591,800,796,921,0,520,847,536,576,893,1039,312,764
931,941,963,931,774,730,0,591,800,797,921,0,520,847,536,576,893,1039,312,764
933,941,963,933,774,735,0,639,800,797,921,573,1031,847,536,576,943,0,845,764
933,941,963,933,774,735,0,639,807,806,921,573,1031,847,536,576,943,0,845,764
934,941,963,934,774,735,0,639,807,806,576,657,0,390,536,576,959,0,845,764
934,941,963,934,774,735,0,640,807,820,576,657,0,390,536,576,959,0,845,764
935,941,963,935,783,735,0,640,812,820,576,0,974,390,536,576,0,713,845,764
935,941,963,935,783,755,0,640,812,837,576,0,974,390,536,576,0,713,845,764
937,941,997,937,783,755,0,683,812,837,576,947,985,390,536,0,487,0,845,764
937,941,997,937,783,755,0,683,813,849,576,947,985,390,536,0,487,0,845,764
940,941,997,940,783,755,0,683,813,849,576,0,0,390,1026,478,488,731,845,764
940,941,997,940,813,755,0,694,813,850,576,0,0,390,1026,478,488,731,845,764
950,946,997,950,813,756,0,694,838,850,576,0,452,390,1051,478,488,731,845,889
950,946,997,950,813,756,0,694,838,852,576,0,452,390,1051,478,488,731,845,889
954,946,997,954,813,756,0,699,838,852,576,400,731,390,0,478,488,731,845,0
954,946,997,954,813,756,0,699,843,855,576,400,731,390,0,478,488,731,845,0
957,946,997,957,843,756,0,699,843,855,576,546,731,390,0,478,488,731,845,739
957,946,997,957,843,757,0,715,843,858,576,546,731,390,0,478,488,731,845,739
960,946,997,960,843,757,0,715,857,858,576,0,731,390,0,478,488,731,847,743
960,946,997,960,843,757,0,715,857,862,576,0,731,390,0,478,488,731,847,743
970,946,997,970,843,757,0,719,857,862,847,713,731,928,0,478,488,731,847,747
970,946,997,970,849,757,0,719,859,870,847,713,731,928,0,478,488,731,847,747
971,946,1008,971,849,797,0,719,859,870,847,714,731,928,0,478,488,731,847,0
971,946,1008,971,849,797,0,727,859,871,847,714,731,928,0,478,488,731,847,0
972,946,1008,972,849,797,0,727,869,871,847,714,731,928,0,478,488,731,847,750
972,999,1008,972,849,797,0,727,869,877,847,714,731,928,0,478,488,731,847,750
975,999,1008,975,850,797,0,732,869,877,847,714,731,928,478,1001,0,822,847,785
975,999,1008,975,850,806,0,732,874,878,847,714,731,928,478,1001,0,822,847,785
976,999,1008,976,850,806,0,732,874,878,847,714,731,928,478,0,710,911,847,0
976,999,1008,976,850,806,0,744,874,892,847,714,731,928,478,0,710,911,847,0
987,999,1008,987,850,806,0,744,971,892,847,714,747,928,478,0,898,964,847,664
987,999,1008,987,855,806,0,744,971,894,847,714,747,928,478,0,898,964,847,664
991,999,1008,991,855,852,0,745,971,894,847,714,798,928,478,0,0,1011,847,0
991,999,1008,991,855,852,0,745,975,909,847,714,798,928,478,0,0,1011,847,0
992,999,1008,992,855,852,0,745,975,909,847,714,1003,928,478,0,568,0,928,568
992,999,1008,992,855,852,0,746,975,916,847,714,1003,928,478,0,568,0,928,568
1002,999,1010,1002,877,852,0,746,976,916,478,714,0,0,478,0,568,0,928,568
1002,999,1010,1002,877,858,0,746,976,919,478,714,0,0,478,0,568,0,928,568
1004,1034,1010,1004,877,858,0,751,976,919,478,488,568,0,478,0,568,441,928,568
1004,1034,1010,1004,877,858,0,751,987,930,478,488,568,0,478,0,568,441,928,568
1009,1034,1010,1009,877,858,0,751,987,930,478,488,568,0,478,0,568,441,928,568
1009,1034,1010,1009,936,858,0,754,987,931,478,488,568,0,478,0,568,441,928,568
1014,1034,1010,1014,936,878,0,754,991,931,478,488,568,0,576,928,568,441,928,568
1014,1034,1010,1014,936,878,0,754,991,933,478,488,568,0,576,928,568,441,928,568
1017,1034,1010,1017,936,878,0,768,991,933,478,488,568,0,576,928,568,441,928,568
1017,1034,1010,1017,936,878,0,768,992,934,478,488,568,0,576,928,568,441,928,568
1022,1034,1010,1022,941,878,0,768,992,934,478,488,568,0,576,928,568,441,928,568
1022,1034,1010,1022,941,894,0,805,992,936,478,488,568,0,576,928,568,441,928,568
1025,1034,1010,1025,941,894,0,805,999,936,478,488,568,0,576,928,568,441,928,568
1025,1034,1010,1025,941,894,0,805,999,937,478,488,568,0,576,928,568,441,928,568
1030,1034,1032,1030,941,894,0,825,999,937,478,488,568,0,576,928,0,441,0,0
1030,1044,1032,1030,946,949,0,825,1009,941,478,488,568,0,576,928,0,441,0,0
1038,1044,1032,1038,946,949,0,825,1009,941,0,488,568,0,576,928,0,441,0,0
1038,1044,1032,1038,946,949,0,828,1009,946,0,488,568,0,576,928,0,441,0,0
1041,1044,1032,1041,946,949,0,828,1030,946,0,0,0,0,576,928,0,0,0,0
1041,1044,1032,1041,946,952,0,828,1030,949,0,0,0,0,576,928,0,0,0,0
1042,1044,1032,1042,999,952,0,829,1030,949,0,0,0,0,576,928,0,0,0,0
1042,1044,1032,1042,999,952,0,829,1038,952,0,0,0,0,576,928,0,0,0,0
1043,1044,1032,1043,999,952,0,829,1038,952,0,0,0,0,0,0,0,0,0,0
1043,1044,1032,1043,999,963,0,840,1038,957,0,0,0,0,0,0,0,0,0,0
1049,1044,1032,1049,999,963,0,840,1041,957,0,0,0,0,0,0,0,0,0,0
1049,1044,1032,1049,1044,963,0,840,1041,963,0,0,0,0,0,0,0,0,0,0
1050,1044,1032,1050,1044,963,0,1049,1041,963,0,0,0,0,0,0,0,0,0,0
1050,1044,1032,1050,1044,0,0,1049,0,0,0,0,0,0,0,0,0,0,0,0