9,207,194,9,78,105,67,9,105,67,88,78,87,58,67,98,87,58,131,137
9,207,194,9,78,105,67,9,105,67,88,78,87,58,67,98,87,58,131,137
9,207,194,9,78,105,67,9,105,67,88,78,87,58,67,98,87,58,131,137
9,207,194,9,78,105,67,9,105,67,88,78,87,58,67,98,87,58,131,137
9,207,194,9,78,105,67,9,105,67,88,78,87,58,67,98,87,58,131,137
9,207,194,9,78,105,67,9,105,67,88,78,87,58,67,98,87,58,131,137
58,244,198,87,164,194,88,78,188,156,119,98,105,155,88,241,121,102,236,207
58,244,198,87,164,194,88,78,188,156,119,98,105,155,88,241,121,102,236,207
58,244,198,87,164,194,88,78,188,156,119,98,105,155,88,241,121,102,236,207
58,244,198,87,164,194,88,78,188,156,119,98,105,155,88,241,121,102,236,207
58,244,198,87,164,194,88,78,188,156,119,98,105,155,88,241,121,102,236,207
58,244,198,87,164,194,88,78,188,156,119,98,105,155,88,241,121,102,236,207
102,278,330,102,207,198,155,98,192,189,195,164,121,156,119,301,188,189,277,241
102,278,330,102,207,198,155,98,192,189,195,164,121,156,119,301,188,189,277,241
102,278,330,102,207,198,155,98,192,189,195,164,121,156,119,301,188,189,277,241
102,278,330,102,207,198,155,98,192,189,195,164,121,156,119,301,188,189,277,241
102,278,330,102,207,198,155,98,192,189,195,164,121,156,119,301,188,189,277,241
102,278,330,102,207,198,155,98,192,189,195,164,121,156,119,301,188,189,277,241
121,329,339,137,244,303,156,119,213,198,217,236,188,189,131,317,193,194,293,244
121,329,339,137,244,303,156,119,213,198,217,236,188,189,131,317,193,194,293,244
121,329,339,137,244,303,156,119,213,198,217,236,188,189,131,317,193,194,293,244
121,329,339,137,244,303,156,119,213,198,217,236,188,189,131,317,193,194,293,244
121,329,339,137,244,303,156,119,213,198,217,236,188,189,131,317,193,194,293,244
121,329,339,137,244,303,156,119,213,198,217,236,188,189,131,317,193,194,293,244
131,342,340,155,278,330,195,164,220,225,290,241,192,225,236,321,213,225,329,278
131,342,340,155,278,330,195,164,220,225,290,241,192,225,236,321,213,225,329,278
131,342,340,155,278,330,195,164,220,225,290,241,192,225,236,321,213,225,329,278
131,342,340,155,278,330,195,164,220,225,290,241,192,225,236,321,213,225,329,278
131,342,340,155,278,330,195,164,220,225,290,241,192,225,236,321,213,225,329,278
131,342,340,155,278,330,195,164,220,225,290,241,192,225,236,321,213,225,329,278
137,360,356,192,329,339,217,301,273,240,299,301,213,276,277,322,220,257,341,339
137,360,356,192,329,339,217,301,273,240,299,301,213,276,277,322,220,257,341,339
137,360,356,192,329,339,217,301,273,240,299,301,213,276,277,322,220,257,341,339
137,360,356,192,329,339,217,301,273,240,299,301,213,276,277,322,220,257,341,339
137,360,356,192,329,339,217,301,273,240,299,301,213,276,277,322,220,257,341,339
137,360,356,192,329,339,217,301,273,240,299,301,213,276,277,322,220,257,341,339
193,361,362,193,360,340,290,324,286,276,303,317,220,317,299,342,240,276,358,342
193,361,362,193,360,340,290,324,286,276,303,317,220,317,299,342,240,276,358,342
193,361,362,193,360,340,290,324,286,276,303,317,220,317,299,342,240,276,358,342
193,361,362,193,360,340,290,324,286,276,303,317,220,317,299,342,240,276,358,342
193,361,362,193,360,340,290,324,286,276,303,317,220,317,299,342,240,276,358,342
193,361,362,193,360,340,290,324,286,276,303,317,220,317,299,342,240,276,358,342
257,366,367,195,361,356,299,374,321,322,324,321,240,364,303,374,273,311,366,361
257,366,367,195,361,356,299,374,321,322,324,321,240,364,303,374,273,311,366,361
257,366,367,195,361,356,299,374,321,322,324,321,240,364,303,374,273,311,366,361
257,366,367,195,361,356,299,374,321,322,324,321,240,364,303,374,273,311,366,361
257,366,367,195,361,356,299,374,321,322,324,321,240,364,303,374,273,311,366,361
257,366,367,195,361,356,299,374,321,322,324,321,240,364,303,374,273,311,366,361
277,370,372,217,366,362,336,405,349,330,336,360,273,368,324,405,286,318,386,367
277,370,372,217,366,362,336,405,349,330,336,360,273,368,324,405,286,318,386,367
277,370,372,217,366,362,336,405,349,330,336,360,273,368,324,405,286,318,386,367
277,370,372,217,366,362,336,405,349,330,336,360,273,368,324,405,286,318,386,367
277,370,372,217,366,362,336,405,349,330,336,360,273,368,324,405,286,318,386,367
293,370,372,217,366,362,336,405,349,330,336,360,273,368,324,405,286,318,386,367
293,409,379,257,370,367,348,418,352,340,348,374,286,371,341,418,349,348,389,370
293,409,379,257,370,367,348,418,352,340,348,374,286,371,341,418,349,348,389,370
293,409,379,257,370,367,348,418,352,340,348,374,286,371,341,418,349,348,389,370
293,409,379,257,370,367,348,418,352,340,348,374,286,371,341,418,349,348,389,370
311,409,379,257,370,367,348,418,352,340,348,374,286,371,341,418,349,348,389,370
311,409,379,257,370,367,348,418,352,340,348,374,286,371,341,418,349,348,389,370
311,425,388,290,389,372,350,427,364,356,350,405,349,385,373,428,352,364,399,393
311,425,388,290,389,372,350,427,364,356,350,405,349,385,373,428,352,364,399,393
311,425,388,290,389,372,350,427,364,356,350,405,349,385,373,428,352,364,399,393
318,425,388,290,389,372,350,427,364,356,350,405,349,385,373,428,352,364,399,393
318,425,388,290,389,372,350,427,364,356,350,405,349,385,373,428,352,364,399,393
318,425,388,290,389,372,350,427,364,356,350,405,349,385,373,428,352,364,399,393
318,441,393,293,409,388,373,436,368,362,373,412,352,407,386,436,375,368,408,413
318,441,393,293,409,388,373,436,368,362,373,412,352,407,386,436,375,368,408,413
341,441,393,293,409,388,373,436,368,362,373,412,352,407,386,436,375,368,408,413
341,441,393,293,409,388,373,436,368,362,373,412,352,407,386,436,375,368,408,413
341,441,393,293,409,388,373,436,368,362,373,412,352,407,386,436,375,368,408,413
341,441,393,293,409,388,373,436,368,362,373,412,352,407,386,436,375,368,408,413
341,456,403,311,425,393,379,463,375,372,379,418,375,420,408,463,384,371,425,423
358,456,403,311,425,393,379,463,375,372,379,418,375,420,408,463,384,371,425,423
358,456,403,311,425,393,379,463,375,372,379,418,375,420,408,463,384,371,425,423
358,456,403,311,425,393,379,463,375,372,379,418,375,420,408,463,384,371,425,423
358,456,403,311,425,393,379,463,375,372,379,418,375,420,408,463,384,371,425,423
358,456,403,311,425,393,379,463,375,372,379,418,375,420,408,463,384,371,425,423
371,459,413,318,437,403,426,482,384,385,426,428,384,422,422,493,401,385,441,457
371,459,413,318,437,403,426,482,384,385,426,428,384,422,422,493,401,385,441,457
371,459,413,318,437,403,426,482,384,385,426,428,384,422,422,493,401,385,441,457
371,459,413,318,437,403,426,482,384,385,426,428,384,422,422,493,401,385,441,457
371,459,413,318,437,403,426,482,384,385,426,428,384,422,422,493,401,385,441,457
386,467,455,322,441,413,460,493,389,401,427,436,388,429,423,502,407,409,441,457
386,467,455,322,441,413,460,493,389,401,427,436,388,429,423,502,407,409,447,467
386,467,455,322,441,413,460,493,389,401,427,436,388,429,423,502,407,409,447,467
386,467,455,322,441,413,460,493,389,401,427,436,388,429,423,502,407,409,447,467
386,467,455,322,441,413,460,493,389,401,427,436,388,429,423,502,407,409,447,467
399,475,457,336,456,455,462,502,410,403,462,463,401,447,426,512,412,420,447,467
399,475,457,336,456,455,462,502,410,403,462,463,401,447,426,512,412,420,447,467
399,475,457,336,456,455,462,502,410,403,462,463,401,447,426,512,412,420,455,484
399,475,457,336,456,455,462,502,410,403,462,463,401,447,426,512,412,420,455,484
399,475,457,336,456,455,462,502,410,403,462,463,401,447,426,512,412,420,455,484
408,482,469,350,459,457,468,512,412,420,470,493,407,454,427,520,416,422,455,484
408,482,469,350,459,457,468,512,412,420,470,493,407,454,427,520,416,422,455,484
408,482,469,350,459,457,468,512,412,420,470,493,407,454,427,520,416,422,455,484
408,482,469,350,459,457,468,512,412,420,470,493,407,454,427,520,416,422,456,497
408,482,469,350,459,457,468,512,412,420,470,493,407,454,427,520,416,422,456,497
423,496,478,358,467,469,470,520,416,452,478,502,410,460,479,529,429,430,456,497
423,496,478,358,467,469,470,520,416,452,478,502,410,460,479,529,429,430,456,497
423,496,478,358,467,469,470,520,416,452,478,502,410,460,479,529,429,430,456,497
423,496,478,358,467,469,470,520,416,452,478,502,410,460,479,529,429,430,456,497
423,496,478,358,467,469,470,520,416,452,478,502,410,460,479,529,429,430,459,506
430,506,484,399,475,484,478,529,428,460,491,512,416,465,487,542,437,454,459,506
430,506,484,399,475,484,478,529,428,460,491,512,416,465,487,542,437,454,459,506
430,506,484,399,475,484,478,529,428,460,491,512,416,465,487,542,437,454,459,506
430,506,484,399,475,484,478,529,428,460,491,512,416,465,487,542,437,454,459,506
430,506,484,399,475,484,478,529,428,460,491,512,416,465,487,542,437,454,459,506
437,523,490,410,496,490,479,542,446,465,499,520,429,468,491,551,446,465,475,524
437,523,490,410,496,490,479,542,446,465,499,520,429,468,491,551,446,465,475,524
437,523,490,410,496,490,479,542,446,465,499,520,429,468,491,551,446,465,475,524
437,523,490,410,496,490,479,542,446,465,499,520,429,468,491,551,446,465,475,524
437,523,490,410,496,490,479,542,446,465,499,520,429,468,491,551,446,465,475,524
447,538,507,430,506,507,481,554,473,468,501,529,446,487,505,554,452,481,496,533
447,538,507,430,506,507,481,554,473,468,501,529,446,487,505,554,452,481,496,533
447,538,507,430,506,507,481,554,473,468,501,529,446,487,505,554,452,481,496,533
447,538,507,430,506,507,481,554,473,468,501,529,446,487,505,554,452,481,496,533
447,538,507,430,506,507,481,554,473,468,501,529,446,487,505,554,452,481,496,533
454,553,524,462,523,524,491,559,503,469,508,542,452,495,508,562,473,482,505,538
454,553,524,462,523,524,491,559,503,469,508,542,452,495,508,562,473,482,505,538
454,553,524,462,523,524,491,559,503,469,508,542,452,495,508,562,473,482,505,538
454,553,524,462,523,524,491,559,503,469,508,542,452,495,508,562,473,482,505,538
454,553,524,462,523,524,491,559,503,469,508,542,452,495,508,562,473,482,505,538
481,571,533,470,538,533,497,565,509,490,526,551,473,514,514,565,499,487,516,553
481,571,533,470,538,533,497,565,509,490,526,551,473,514,514,565,499,487,516,553
481,571,533,470,538,533,497,565,509,490,526,551,473,514,514,565,499,487,516,553
481,571,533,470,538,533,497,565,509,490,526,551,473,514,514,565,499,487,516,553
481,571,533,470,538,533,497,565,509,490,526,551,473,514,514,565,499,487,516,553
495,579,539,479,553,539,501,568,530,507,528,554,503,522,537,569,503,495,523,555
495,579,539,479,553,539,501,568,530,507,528,554,503,522,537,569,503,495,523,555
495,579,539,479,553,539,501,568,530,507,528,554,503,522,537,569,503,495,523,555
495,579,539,479,553,539,501,568,530,507,528,554,503,522,537,569,503,495,523,555
495,579,539,479,553,539,501,568,530,507,528,554,503,522,537,569,503,495,523,555
499,585,540,497,571,540,508,573,534,539,535,565,509,535,540,573,509,514,537,570
499,585,540,497,571,540,508,573,534,539,535,565,509,535,540,573,509,514,537,570
499,585,540,497,571,540,508,573,534,539,535,565,509,535,540,573,509,514,537,570
499,585,540,497,571,540,508,573,534,539,535,565,509,535,540,573,509,514,537,570
499,585,540,497,571,540,508,573,534,539,535,565,509,535,540,573,509,514,537,570
505,590,550,501,579,550,528,575,543,550,541,569,530,544,544,582,530,522,545,575
505,590,550,501,579,550,528,575,543,550,541,569,530,544,544,582,530,522,545,575
505,590,550,501,579,550,528,575,543,550,541,569,530,544,544,582,530,522,545,575
505,590,550,501,579,550,528,575,543,550,541,569,530,544,544,582,530,522,545,575
505,590,550,501,579,550,528,575,543,550,541,569,530,544,544,582,530,522,545,575
516,595,555,516,585,555,541,582,547,586,562,573,534,559,567,583,534,526,548,582
516,595,555,516,585,555,541,582,547,586,562,573,534,559,567,583,534,526,548,582
516,595,555,516,585,555,541,582,547,586,562,573,534,559,567,583,534,526,548,582
516,595,555,516,585,555,541,582,547,586,562,573,534,559,567,583,534,526,548,582
516,595,555,516,585,555,541,582,547,586,562,573,534,559,567,583,534,526,548,582
522,604,570,528,590,570,551,583,569,596,567,584,543,577,589,584,543,535,579,585
522,604,570,528,590,570,551,583,569,596,567,584,543,577,589,584,543,535,579,585
522,604,570,528,590,570,551,583,569,596,567,584,543,577,589,584,543,535,579,585
522,604,570,528,590,570,551,583,569,596,567,584,543,577,589,584,543,535,579,585
522,604,570,528,590,570,551,583,569,596,567,584,543,577,589,584,543,535,579,585
526,611,586,541,595,586,562,601,572,599,583,601,547,593,593,601,547,544,589,590
526,611,586,541,595,586,562,601,572,599,583,601,547,593,593,601,547,544,589,590
526,611,586,541,595,586,562,601,572,599,583,601,547,593,593,601,547,544,589,590
526,611,586,541,595,586,562,601,572,599,583,601,547,593,593,601,547,544,589,590
526,611,586,541,595,586,562,601,572,599,583,601,547,593,593,601,547,544,589,590
537,616,596,545,604,596,567,634,584,612,600,639,568,597,600,639,568,559,594,595
537,616,596,545,604,596,567,634,584,612,600,639,568,597,600,639,568,559,594,595
537,616,596,545,604,596,567,634,584,612,600,639,568,597,600,639,568,559,594,595
537,616,596,545,604,596,567,634,584,612,600,639,568,597,600,639,568,559,594,595
537,616,596,545,604,596,567,634,584,612,600,639,568,597,600,639,568,559,594,595
545,626,599,548,611,599,600,639,592,614,606,649,571,598,613,652,572,578,604,597
545,626,599,548,611,599,600,639,592,614,606,649,571,598,613,652,572,578,604,597
545,626,599,548,611,599,600,639,592,614,606,649,571,598,613,652,572,578,604,597
545,626,599,548,611,599,600,639,592,614,606,649,571,598,613,652,572,578,604,597
545,626,599,548,611,599,600,639,592,614,606,649,571,598,613,652,572,578,604,597
548,636,605,575,616,605,606,649,602,620,629,653,572,603,614,659,577,593,611,605
548,636,605,575,616,605,606,649,602,620,629,653,572,603,614,659,577,593,611,605
548,636,605,575,616,605,606,649,602,620,629,653,572,603,614,659,577,593,611,605
548,636,605,575,616,605,606,649,602,620,629,653,572,603,614,659,577,593,611,605
548,636,605,575,616,605,606,649,602,620,629,653,572,603,614,659,577,593,611,605
578,643,620,578,626,620,613,653,608,644,634,659,577,609,622,667,592,598,613,616
578,643,620,578,626,620,613,653,608,644,634,659,577,609,622,667,592,598,613,616
578,643,620,578,626,620,613,653,608,644,634,659,577,609,622,667,592,598,613,616
578,643,620,578,626,620,613,653,608,644,634,659,577,609,622,667,592,598,613,616
578,643,620,578,626,620,613,653,608,644,634,659,577,609,622,667,592,598,613,616
589,648,637,594,636,637,614,659,621,657,645,670,592,612,629,674,597,603,623,626
589,648,637,594,636,637,614,659,621,657,645,670,592,612,629,674,597,603,623,626
589,648,637,594,636,637,614,659,621,657,645,670,592,612,629,674,597,603,623,626
589,648,637,594,636,637,614,659,621,657,645,670,592,612,629,674,597,603,623,626
589,648,637,594,636,637,614,659,621,657,645,670,592,612,629,674,597,603,623,626
594,652,644,606,648,644,629,669,632,673,658,678,602,622,634,678,602,609,636,637
594,652,644,606,648,644,629,669,632,673,658,678,602,622,634,678,602,609,636,637
594,652,644,606,648,644,629,669,632,673,658,678,602,622,634,678,602,609,636,637
594,652,644,606,648,644,629,669,632,673,658,678,602,622,634,678,602,609,636,637
594,652,644,606,648,644,629,669,632,673,658,678,602,622,634,678,602,609,636,637
598,655,657,610,649,657,645,670,638,680,665,683,608,633,651,683,608,610,653,638
598,655,657,610,649,657,645,670,638,680,665,683,608,633,651,683,608,610,653,638
598,655,657,610,649,657,645,670,638,680,665,683,608,633,651,683,608,610,653,638
598,655,657,610,649,657,645,670,638,680,665,683,608,633,651,683,608,610,653,638
598,655,657,610,649,657,645,670,638,680,665,683,608,633,651,683,608,610,653,638
603,656,673,623,652,673,658,678,641,685,686,694,621,643,661,684,621,612,655,656
603,656,673,623,652,673,658,678,641,685,686,694,621,643,661,684,621,612,655,656
603,656,673,623,652,673,658,678,641,685,686,694,621,643,661,684,621,612,655,656
603,656,673,623,652,673,658,678,641,685,686,694,621,643,661,684,621,612,655,656
603,656,673,623,652,673,658,678,641,685,686,694,621,643,661,684,621,612,655,656
609,663,676,645,655,676,665,683,646,693,689,697,632,651,665,695,632,622,662,663
609,663,676,645,655,676,665,683,646,693,689,697,632,651,665,695,632,622,662,663
609,663,676,645,655,676,665,683,646,693,689,697,632,651,665,695,632,622,662,663
609,663,676,645,655,676,665,683,646,693,689,697,632,651,665,695,632,622,662,663
609,663,676,645,655,676,665,683,646,693,689,697,632,651,665,695,632,622,662,663
610,668,685,658,656,685,686,691,648,696,692,700,638,661,672,697,641,633,676,667
610,668,685,658,656,685,686,691,648,696,692,700,638,661,672,697,641,633,676,667
610,668,685,658,656,685,686,691,648,696,692,700,638,661,672,697,641,633,676,667
610,668,685,658,656,685,686,691,648,696,692,700,638,661,672,697,641,633,676,667
610,668,685,658,656,685,686,691,648,696,692,700,638,661,672,697,641,633,676,667
623,669,688,662,663,688,689,692,650,699,701,711,641,672,681,699,643,651,681,669
623,669,688,662,663,688,689,692,650,699,701,711,641,672,681,699,643,651,681,669
623,669,688,662,663,688,689,692,650,699,701,711,641,672,681,699,643,651,681,669
623,669,688,662,663,688,689,692,650,699,701,711,641,672,681,699,643,651,681,669
623,669,688,662,663,688,689,692,650,699,701,711,641,672,681,699,643,651,681,669
633,682,691,670,668,696,701,697,660,709,705,726,646,680,688,711,646,661,692,674
633,682,691,670,668,696,701,697,660,709,705,726,646,680,688,711,646,661,692,674
633,682,691,670,668,696,701,697,660,709,705,726,646,680,688,711,646,661,692,674
633,682,691,670,668,696,701,697,660,709,705,726,646,680,688,711,646,661,692,674
633,682,691,670,668,696,701,697,660,709,705,726,646,680,688,711,646,661,692,674
662,684,696,686,682,699,709,700,668,712,725,738,650,705,691,726,650,672,694,682
662,684,696,686,682,699,709,700,668,712,725,738,650,705,691,726,650,672,694,682
662,684,696,686,682,699,709,700,668,712,725,738,650,705,691,726,650,672,694,682
662,684,696,686,682,699,709,700,668,712,725,738,650,705,691,726,650,672,694,682
662,684,696,686,682,699,709,700,668,712,725,738,650,705,691,726,650,672,694,682
674,695,700,689,684,708,725,726,679,718,731,741,660,707,694,738,660,680,705,695
674,695,700,689,684,708,725,726,679,718,731,741,660,707,694,738,660,680,705,695
674,695,700,689,684,708,725,726,679,718,731,741,660,707,694,738,660,680,705,695
674,695,700,689,684,708,725,726,679,718,731,741,660,707,694,738,660,680,705,695
674,695,700,689,684,708,725,726,679,718,731,741,660,707,694,738,660,680,705,695
681,707,708,701,717,718,733,731,711,730,733,743,667,709,715,741,679,707,716,717
681,707,708,701,717,718,733,731,711,730,733,743,667,709,715,741,679,707,716,717
681,707,708,701,717,718,733,731,711,730,733,743,667,709,715,741,679,707,716,717
681,707,708,701,717,718,733,731,711,730,733,743,667,709,715,741,679,707,716,717
681,707,708,701,717,718,733,731,711,730,733,743,667,709,715,741,679,707,716,717
716,713,718,716,722,723,744,738,713,744,745,751,679,715,725,743,693,713,722,727
716,713,718,716,722,723,744,738,713,744,745,751,679,715,725,743,693,713,722,727
716,713,718,716,722,723,744,738,713,744,745,751,679,715,725,743,693,713,722,727
716,713,718,716,722,723,744,738,713,744,745,751,679,715,725,743,693,713,722,727
716,713,718,716,722,723,744,738,713,744,745,751,679,715,725,743,693,713,722,727
728,717,730,728,729,730,750,741,723,752,753,755,693,727,731,751,708,715,729,740
728,717,730,728,729,730,750,741,723,752,753,755,693,727,731,751,708,715,729,740
728,717,730,728,729,730,750,741,723,752,753,755,693,727,731,751,708,715,729,740
728,717,730,728,729,730,750,741,723,752,753,755,693,727,731,751,708,715,729,740
728,717,730,728,729,730,750,741,723,752,753,755,693,727,731,751,708,715,729,740
736,722,740,736,739,740,759,745,743,757,754,760,712,744,732,752,712,728,732,750
736,722,740,736,739,740,759,745,743,757,754,760,712,744,732,752,712,728,732,750
736,722,740,736,739,740,759,745,743,757,754,760,712,744,732,752,712,728,732,750
736,722,740,736,739,740,759,745,743,757,754,760,712,744,732,752,712,728,732,750
736,722,740,736,739,740,759,745,743,757,754,760,712,744,732,752,712,728,732,750
747,729,749,750,760,749,766,753,751,762,759,767,723,754,733,755,727,736,739,752
747,729,749,750,760,749,766,753,751,762,759,767,723,754,733,755,727,736,739,752
747,729,749,750,760,749,766,753,751,762,759,767,723,754,733,755,727,736,739,752
747,729,749,750,760,749,766,753,751,762,759,767,723,754,733,755,727,736,739,752
747,729,749,750,760,749,766,753,751,762,759,767,723,754,733,755,727,736,739,752
753,739,757,759,767,757,779,760,755,765,766,780,732,762,745,764,747,762,749,758
753,739,757,759,767,757,779,760,755,765,766,780,732,762,745,764,747,762,749,758
753,739,757,759,767,757,779,760,755,765,766,780,732,762,745,764,747,762,749,758
753,739,757,759,767,757,779,760,755,765,766,780,732,762,745,764,747,762,749,758
753,739,757,759,767,757,779,760,755,765,766,780,732,762,745,764,747,762,749,758
756,764,758,766,771,758,786,767,761,772,779,789,747,769,763,770,756,769,754,764
756,764,758,766,771,758,786,767,761,772,779,789,747,769,763,770,756,769,754,764
756,764,758,766,771,758,786,767,761,772,779,789,747,769,763,770,756,769,754,764
756,764,758,766,771,758,786,767,761,772,779,789,747,769,763,770,756,769,754,764
756,764,758,766,771,758,786,767,761,772,779,789,747,769,763,770,756,769,754,764
763,771,765,779,784,765,787,780,768,774,786,796,756,776,769,780,761,776,763,770
763,771,765,779,784,765,787,780,768,774,786,796,756,776,769,780,761,776,763,770
763,771,765,779,784,765,787,780,768,774,786,796,756,776,769,780,761,776,763,770
763,771,765,779,784,765,787,780,768,774,786,796,756,776,769,780,761,776,763,770
763,771,765,779,784,765,787,780,768,774,786,796,756,776,769,780,761,776,763,770
770,784,772,792,793,772,792,788,773,777,788,801,761,777,776,789,768,777,771,784
770,784,772,792,793,772,792,788,773,777,788,801,761,777,776,789,768,777,771,784
770,784,772,792,793,772,792,788,773,777,788,801,761,777,776,789,768,777,771,784
770,784,772,792,793,772,792,788,773,777,788,801,761,777,776,789,768,777,771,784
770,784,772,792,793,772,792,788,773,777,788,801,761,777,776,789,768,777,771,784
797,793,774,795,803,773,795,796,775,778,792,802,768,782,782,796,775,782,793,794
797,793,774,795,803,773,795,796,775,778,792,802,768,782,782,796,775,782,793,794
797,793,774,795,803,773,795,796,775,778,792,802,768,782,782,796,775,782,793,794
797,793,774,795,803,773,795,796,775,778,792,802,768,782,782,796,775,782,793,794
797,793,774,795,803,773,795,796,775,778,792,802,768,782,782,796,775,782,793,794
800,803,778,815,812,774,808,801,781,790,795,810,773,787,786,801,781,787,797,803
800,803,778,815,812,774,808,801,781,790,795,810,773,787,786,801,781,787,797,803
800,803,778,815,812,774,808,801,781,790,795,810,773,787,786,801,781,787,797,803
800,803,778,815,812,774,808,801,781,790,795,810,773,787,786,801,781,787,797,803
800,803,778,815,812,774,808,801,781,790,795,810,773,787,786,801,781,787,797,803
811,812,794,822,813,778,815,802,789,797,809,817,775,799,788,810,790,799,800,806
811,812,794,822,813,778,815,802,789,797,809,817,775,799,788,810,790,799,800,806
811,812,794,822,813,778,815,802,789,797,809,817,775,799,788,810,790,799,800,806
811,812,794,822,813,778,815,802,789,797,809,817,775,799,788,810,790,799,800,806
811,812,794,822,813,778,815,802,789,797,809,817,775,799,788,810,790,799,800,806
819,813,804,827,820,794,822,809,798,799,816,826,781,807,800,817,798,807,812,815
819,813,804,827,820,794,822,809,798,799,816,826,781,807,800,817,798,807,812,815
819,813,804,827,820,794,822,809,798,799,816,826,781,807,800,817,798,807,812,815
819,813,804,827,820,794,822,809,798,799,816,826,781,807,800,817,798,807,812,815
819,813,804,827,820,794,822,809,798,799,816,826,781,807,800,817,798,807,812,815
827,820,806,834,830,804,831,816,810,807,822,841,790,808,804,826,802,813,814,823
827,820,806,834,830,804,831,816,810,807,822,841,790,808,804,826,802,813,814,823
827,820,806,834,830,804,831,816,810,807,822,841,790,808,804,826,802,813,814,823
827,820,806,834,830,804,831,816,810,807,822,841,790,808,804,826,802,813,814,823
827,820,806,834,830,804,831,816,810,807,822,841,790,808,804,826,802,813,814,823
836,830,814,836,833,806,834,826,817,808,831,845,798,819,809,841,811,819,820,838
836,830,814,836,833,806,834,826,817,808,831,845,798,819,809,841,811,819,820,838
836,830,814,836,833,806,834,826,817,808,831,845,798,819,809,841,811,819,820,838
836,830,814,836,833,806,834,826,817,808,831,845,798,819,809,841,811,819,820,838
836,830,814,836,833,806,834,826,817,808,831,845,798,819,809,841,811,819,820,838
842,833,825,844,837,814,839,840,821,818,834,846,811,823,816,847,818,830,827,851
842,833,825,844,837,814,839,840,821,818,834,846,811,823,816,847,818,830,827,851
842,833,825,844,837,814,839,840,821,818,834,846,811,823,816,847,818,830,827,851
842,833,825,844,837,814,839,840,821,818,834,846,811,823,816,847,818,830,827,851
842,833,825,844,837,814,839,840,821,818,834,846,811,823,816,847,818,830,827,851
848,837,828,845,843,821,844,845,835,825,840,847,818,839,821,849,823,836,837,857
848,837,828,845,843,821,844,845,835,825,840,847,818,839,821,849,823,836,837,857
848,837,828,845,843,821,844,845,835,825,840,847,818,839,821,849,823,836,837,857
848,837,828,845,843,821,844,845,835,825,840,847,818,839,821,849,823,836,837,857
848,837,828,845,843,821,844,845,835,825,840,847,818,839,821,849,823,836,837,857
855,843,838,851,861,825,851,847,841,828,844,849,835,855,831,853,833,843,850,863
855,843,838,851,861,825,851,847,841,828,844,849,835,855,831,853,833,843,850,863
855,843,838,851,861,825,851,847,841,828,844,849,835,855,831,853,833,843,850,863
855,843,838,851,861,825,851,847,841,828,844,849,835,855,831,853,833,843,850,863
855,843,838,851,861,825,851,847,841,828,844,849,835,855,831,853,833,843,850,863
865,858,846,860,863,828,860,849,848,839,852,853,842,862,840,857,835,846,858,865
865,858,846,860,863,828,860,849,848,839,852,853,842,862,840,857,835,846,858,865
865,858,846,860,863,828,860,849,848,839,852,853,842,862,840,857,835,846,858,865
865,858,846,860,863,828,860,849,848,839,852,853,842,862,840,857,835,846,858,865
865,858,846,860,863,828,860,849,848,839,852,853,842,862,840,857,835,846,858,865
871,866,850,875,865,838,867,852,853,854,857,861,854,864,852,869,842,848,872,869
871,866,850,875,865,838,867,852,853,854,857,861,854,864,852,869,842,848,872,869
871,866,850,875,865,838,867,852,853,854,857,861,854,864,852,869,842,848,872,869
871,866,850,875,865,838,867,852,853,854,857,861,854,864,852,869,842,848,872,869
871,866,850,875,865,838,867,852,853,854,857,861,854,864,852,869,842,848,872,869
879,872,859,879,872,850,875,861,863,859,860,869,858,885,862,871,854,855,873,871
879,872,859,879,872,850,875,861,863,859,860,869,858,885,862,871,854,855,873,871
879,872,859,879,872,850,875,861,863,859,860,869,858,885,862,871,854,855,873,871
879,872,859,879,872,850,875,861,863,859,860,869,858,885,862,871,854,855,873,871
879,872,859,879,872,850,875,861,863,859,860,869,858,885,862,871,854,855,873,871
887,873,867,890,873,859,882,876,868,866,867,876,864,887,882,876,864,862,879,880
887,873,867,890,873,859,882,876,868,866,867,876,864,887,882,876,864,862,879,880
887,873,867,890,873,859,882,876,868,866,867,876,864,887,882,876,864,862,879,880
887,873,867,890,873,859,882,876,868,866,867,876,864,887,882,876,864,862,879,880
887,873,867,890,873,859,882,876,868,866,867,876,864,887,882,876,864,862,879,880
896,880,874,900,880,866,883,891,877,874,875,891,868,893,883,886,868,887,889,885
896,880,874,900,880,866,883,891,877,874,875,891,868,893,883,886,868,887,889,885
896,880,874,900,880,866,883,891,877,874,875,891,868,893,883,886,868,887,889,885
896,880,874,900,880,866,883,891,877,874,875,891,868,893,883,886,868,887,889,885
896,880,874,900,880,866,883,891,877,874,875,891,868,893,883,886,868,887,889,885
901,888,881,901,888,874,890,892,885,881,882,892,877,895,893,891,877,893,896,886
901,888,881,901,888,874,890,892,885,881,882,892,877,895,893,891,877,893,896,886
901,888,881,901,888,874,890,892,885,881,882,892,877,895,893,891,877,893,896,886
901,888,881,901,888,874,890,892,885,881,882,892,877,895,893,891,877,893,896,886
901,888,881,901,888,874,890,892,885,881,882,892,877,895,893,891,877,893,896,886
903,897,889,902,897,881,902,899,894,895,883,899,886,900,896,892,888,895,900,897
903,897,889,902,897,881,902,899,894,895,883,899,886,900,896,892,888,895,900,897
903,897,889,902,897,881,902,899,894,895,883,899,886,900,896,892,888,895,900,897
903,897,889,902,897,881,902,899,894,895,883,899,886,900,896,892,888,895,900,897
903,897,889,902,897,881,902,899,894,895,883,899,886,900,896,892,888,895,900,897
908,904,898,903,904,889,905,906,907,898,890,906,894,910,902,906,894,899,901,904
908,904,898,903,904,889,905,906,907,898,890,906,894,910,902,906,894,899,901,904
908,904,898,903,904,889,905,906,907,898,890,906,894,910,902,906,894,899,901,904
908,904,898,903,904,889,905,906,907,898,890,906,894,910,902,906,894,899,901,904
908,904,898,903,904,889,905,906,907,898,890,906,894,910,902,906,894,899,901,904
911,912,905,908,912,898,915,909,908,913,905,909,907,918,910,909,907,910,903,912
911,912,905,908,912,898,915,909,908,913,905,909,907,918,910,909,907,910,903,912
911,912,905,908,912,898,915,909,908,913,905,909,907,918,910,909,907,910,903,912
911,912,905,908,912,898,915,909,908,913,905,909,907,918,910,909,907,910,903,912
911,912,905,908,912,898,915,909,908,913,905,909,907,918,910,909,907,910,903,912
919,914,913,911,914,913,918,916,917,918,915,916,917,919,915,916,917,919,911,914
919,914,913,911,914,913,918,916,917,918,915,916,917,919,915,916,917,919,911,914
919,914,913,911,914,913,918,916,917,918,915,916,917,919,915,916,917,919,911,914
919,914,913,911,914,913,918,916,917,918,915,916,917,919,915,916,917,919,911,914
919,914,913,911,914,913,918,916,917,918,915,916,917,919,915,916,917,919,911,914