170,55,136,170,448,361,448,344,55,170,361,204,55,361,0,0,344,448,361,0
170,55,136,170,448,361,448,344,55,170,361,204,55,361,0,0,344,448,361,0
170,55,136,170,344,361,202,334,55,170,361,204,55,361,0,0,334,202,361,0
170,55,136,170,344,361,202,334,55,170,361,204,55,361,0,0,334,202,361,0
170,55,136,170,415,361,423,407,55,170,361,204,55,361,0,388,296,423,361,0
170,55,136,170,415,361,423,407,55,170,361,204,55,361,0,388,296,423,361,0
170,55,136,170,424,361,452,455,55,170,361,204,55,361,0,389,407,329,361,0
170,55,136,170,424,361,452,455,55,170,361,204,55,361,0,389,407,329,361,0
170,55,136,170,334,361,329,430,55,170,361,204,55,361,0,389,455,279,361,0
170,55,136,170,334,361,329,430,55,170,361,204,55,361,0,389,455,279,361,0
170,55,136,170,452,361,279,332,55,170,361,204,55,361,0,389,430,227,361,0
170,55,136,170,452,361,279,332,55,170,361,204,55,361,0,389,430,227,361,0
173,55,136,173,406,361,227,347,136,170,361,204,136,361,0,389,332,449,361,0
173,55,136,173,406,361,227,347,136,170,361,204,136,361,0,389,332,449,361,0
173,55,136,173,202,361,449,410,136,170,361,204,136,361,0,389,347,121,361,0
173,55,136,173,202,361,449,410,136,170,361,204,136,361,0,389,347,121,361,0
173,55,136,173,121,389,121,0,136,170,389,204,136,389,0,389,410,452,0,0
173,55,136,173,121,389,121,0,136,170,389,204,136,389,0,389,410,452,0,0
173,55,136,173,279,389,0,315,136,170,389,204,136,389,0,389,0,367,0,0
173,55,136,173,279,389,0,315,136,170,389,204,136,389,0,389,0,367,0,0
173,55,136,173,332,389,367,439,136,170,389,204,136,389,0,389,315,414,389,0
173,55,136,173,332,389,367,439,136,170,389,204,136,389,0,389,315,414,389,0
173,55,136,173,227,389,414,415,136,170,389,204,136,389,0,416,439,349,389,0
173,151,156,173,227,389,414,415,136,173,389,280,136,389,0,416,439,349,389,0
181,151,156,181,455,389,349,155,151,173,389,280,151,389,0,428,415,324,389,0
181,151,156,181,455,389,349,155,151,173,389,280,151,389,0,428,415,324,389,0
181,151,156,181,449,389,324,167,151,173,389,280,151,389,0,440,155,416,389,0
181,151,156,181,449,389,324,167,151,173,389,280,151,389,0,440,155,416,389,0
181,151,156,181,416,389,416,370,151,173,389,280,151,389,0,0,167,0,389,0
181,151,156,181,416,389,416,370,151,173,389,280,151,389,0,0,167,0,389,0
181,151,156,181,0,389,0,417,151,173,389,280,151,389,0,0,370,302,389,0
181,151,156,181,0,389,0,417,151,173,389,280,151,389,0,0,370,302,389,0
181,151,156,181,0,391,302,404,151,173,391,280,151,391,0,0,417,418,389,0
181,151,156,181,0,391,302,404,151,173,391,280,151,391,0,0,417,418,389,0
181,151,156,181,0,391,418,406,151,173,391,280,151,391,0,0,404,0,389,0
181,151,156,181,0,391,418,406,151,173,391,280,151,391,0,0,404,0,389,0
203,151,156,203,349,391,0,424,156,173,391,280,156,391,0,0,406,0,0,0
203,151,156,203,349,391,0,424,156,173,391,280,156,391,0,0,406,0,0,0
203,151,156,203,0,391,0,262,156,173,391,280,156,391,0,202,424,259,0,0
203,151,156,203,0,391,0,262,156,173,391,280,156,391,0,202,424,259,0,0
203,151,156,203,315,391,259,373,156,173,391,280,156,391,0,0,262,286,0,0
203,151,156,203,315,391,259,373,156,173,391,280,156,391,0,0,262,286,0,0
203,151,156,203,404,391,286,296,156,173,391,280,156,391,0,326,373,0,334,0
203,151,156,203,404,391,286,296,156,173,391,280,156,391,0,326,373,0,334,0
203,151,156,203,439,391,372,426,156,173,391,280,156,391,0,0,426,372,391,0
203,151,156,203,439,391,372,426,156,173,391,280,156,391,0,0,426,372,391,0
203,293,201,203,407,391,356,267,156,181,391,290,156,391,0,391,267,356,391,0
203,293,201,203,407,391,356,267,156,181,391,290,156,391,0,391,267,356,391,0
204,293,201,204,0,0,437,0,201,181,270,290,201,270,0,391,0,437,391,0
204,293,201,204,0,0,437,0,201,181,270,290,201,270,0,391,0,437,391,0
204,293,201,204,324,270,388,429,201,181,270,290,201,270,0,391,429,388,391,0
204,293,201,204,324,270,388,429,201,181,270,290,201,270,0,391,429,388,391,0
204,293,201,204,155,270,376,358,201,181,270,290,201,270,0,391,358,376,391,0
204,293,201,204,155,270,376,358,201,181,270,290,201,270,0,391,358,376,391,0
204,293,201,204,417,270,326,377,201,181,270,290,201,270,0,391,377,326,391,0
204,293,201,204,417,270,326,377,201,181,270,290,201,270,0,391,377,326,391,0
204,293,201,204,167,270,428,382,201,181,270,290,201,270,0,391,382,428,391,0
204,293,201,204,167,270,428,382,201,181,270,290,201,270,0,391,382,428,391,0
204,293,201,204,367,270,431,433,201,181,270,290,201,270,0,391,433,431,391,0
204,293,201,204,367,270,431,433,201,181,270,290,201,270,0,391,433,431,391,0
280,293,201,280,370,270,440,441,293,181,270,290,293,270,0,391,441,440,0,0
280,293,201,280,370,270,440,441,293,181,270,290,293,270,0,391,441,440,0,0
280,293,201,280,302,270,442,443,293,181,270,290,293,270,0,0,443,442,0,0
280,293,201,280,302,270,442,443,293,181,270,290,293,270,0,0,443,442,0,0
280,293,201,280,414,270,0,0,293,181,124,290,293,124,0,418,0,0,0,0
280,293,201,280,414,270,0,0,293,181,124,290,293,124,0,418,0,0,0,0
280,293,201,280,418,124,0,0,293,181,124,290,293,124,0,442,0,0,0,0
280,293,201,280,418,124,0,0,293,181,124,290,293,124,0,442,0,0,0,0
280,293,201,280,410,124,0,0,293,181,124,290,293,124,0,449,0,0,167,0
280,337,300,280,410,124,0,0,293,203,124,294,293,124,0,449,0,0,167,0
280,337,300,280,430,124,0,0,293,203,124,294,293,124,0,0,0,0,406,0
280,337,300,280,430,124,0,0,293,203,124,294,293,124,0,0,0,0,406,0
290,337,300,290,426,124,0,0,300,203,124,294,300,124,0,0,0,0,410,0
290,337,300,290,426,124,0,0,300,203,124,294,300,124,0,0,0,0,410,0
290,337,300,290,347,124,0,0,300,203,124,294,300,124,0,0,0,0,0,0
290,337,300,290,347,124,0,0,300,203,124,294,300,124,0,0,0,0,0,0
290,337,300,290,372,124,0,0,300,203,124,294,300,124,0,0,0,0,0,0
290,337,300,290,372,124,0,0,300,203,124,294,300,124,0,0,0,0,0,0
290,337,300,290,259,124,0,0,300,203,124,294,300,124,0,0,0,0,0,0
290,337,300,290,259,124,0,0,300,203,124,294,300,124,0,0,0,0,0,0
290,337,300,290,262,124,0,0,300,203,0,294,300,0,0,408,0,0,0,0
290,337,300,290,262,124,0,0,300,203,0,294,300,0,0,408,0,0,0,0
290,337,300,290,286,0,0,0,300,203,0,294,300,0,0,408,0,0,262,0
290,337,300,290,286,0,0,0,300,203,0,294,300,0,0,408,0,0,262,0
294,337,300,294,356,0,0,0,323,203,0,294,323,0,0,408,0,0,0,0
294,337,300,294,356,0,0,0,323,203,0,294,323,0,0,408,0,0,0,0
294,337,300,294,296,0,0,0,323,203,0,294,323,0,0,408,0,0,267,0
294,337,300,294,296,0,0,0,323,203,0,294,323,0,0,408,0,0,267,0
294,337,300,294,373,0,0,0,323,203,0,294,323,0,0,408,0,0,0,0
294,337,300,294,373,0,0,0,323,203,0,294,323,0,0,408,0,0,0,0
294,337,300,294,388,0,0,0,323,203,0,294,323,0,0,408,0,0,0,0
294,337,300,294,388,0,0,0,323,203,0,294,323,0,0,408,0,0,0,0
294,360,323,294,358,0,0,0,323,297,0,322,323,0,0,408,0,0,315,0
294,360,323,294,358,0,0,0,323,297,0,322,323,0,0,408,0,0,315,0
294,360,323,294,267,0,0,0,323,297,0,322,323,0,0,408,0,0,424,0
294,360,323,294,267,0,0,0,323,297,0,322,323,0,0,408,0,0,424,0
297,360,323,297,437,0,0,0,337,297,126,322,337,126,0,452,0,0,426,0
297,360,323,297,437,0,0,0,337,297,126,322,337,126,0,452,0,0,426,0
297,360,323,297,329,126,0,0,337,297,126,322,337,126,0,0,0,0,427,0
297,360,323,297,329,126,0,0,337,297,126,322,337,126,0,0,0,0,427,0
297,360,323,297,423,126,0,0,337,297,126,322,337,126,0,0,0,0,427,0
297,360,323,297,423,126,0,0,337,297,126,322,337,126,0,0,0,0,427,0
297,360,323,297,428,126,0,0,337,297,126,322,337,126,0,0,0,0,427,0
297,360,323,297,428,126,0,0,337,297,126,322,337,126,0,0,0,0,427,0
297,360,323,297,0,126,0,0,337,297,126,322,337,126,0,0,0,0,427,0
297,360,323,297,0,126,0,0,337,297,126,322,337,126,0,0,0,0,427,0
297,360,323,297,376,126,0,0,337,297,126,322,337,126,0,0,0,0,427,0
297,360,323,297,376,126,0,0,337,297,126,322,337,126,0,0,0,0,427,0
314,360,323,314,326,126,0,0,352,297,126,322,352,126,0,121,0,0,427,0
314,360,323,314,326,126,0,0,352,297,126,322,352,126,0,121,0,0,427,0
314,360,323,314,377,126,0,0,352,297,126,322,352,126,0,124,0,0,427,0
314,360,323,314,377,126,0,0,352,297,126,322,352,126,0,124,0,0,427,0
314,360,323,314,429,126,0,0,352,297,363,322,352,363,0,124,0,0,427,0
314,360,323,314,429,126,0,0,352,297,363,322,352,363,0,124,0,0,427,0
314,360,323,314,382,363,0,0,352,297,363,322,352,363,0,124,0,0,455,0
314,371,352,314,382,363,0,0,352,314,363,339,352,363,0,124,0,0,455,0
314,371,352,314,431,363,0,0,352,314,363,339,352,363,0,124,0,0,0,0
314,371,352,314,431,363,0,0,352,314,363,339,352,363,0,124,0,0,0,0
314,371,352,314,433,363,0,0,352,314,363,339,352,363,0,124,0,0,0,0
314,371,352,314,433,363,0,0,352,314,363,339,352,363,0,124,0,0,0,0
322,371,352,322,440,363,0,0,360,314,363,339,360,363,0,124,0,0,0,0
322,371,352,322,440,363,0,0,360,314,363,339,360,363,0,124,0,0,0,0
322,371,352,322,441,363,0,0,360,314,363,339,360,363,0,124,0,0,0,0
322,371,352,322,441,363,0,0,360,314,363,339,360,363,0,124,0,0,0,0
322,371,352,322,442,363,0,0,360,314,363,339,360,363,0,124,0,0,0,0
322,371,352,322,442,363,0,0,360,314,363,339,360,363,0,124,0,0,0,0
322,371,352,322,443,363,0,0,360,314,363,339,360,363,0,0,0,0,155,0
322,371,352,322,443,363,0,0,360,314,363,339,360,363,0,0,0,0,155,0
322,371,352,322,0,363,0,0,360,314,0,339,360,0,0,356,0,0,0,0
322,371,352,322,0,363,0,0,360,314,0,339,360,0,0,356,0,0,0,0
322,371,352,322,0,0,0,0,360,314,0,339,360,0,0,363,0,0,0,0
322,371,352,322,0,0,0,0,360,314,0,339,360,0,0,363,0,0,0,0
336,371,352,336,0,0,0,0,364,314,0,339,364,0,0,363,0,0,0,0
336,371,352,336,0,0,0,0,364,314,0,339,364,0,0,363,0,0,0,0
336,371,352,336,0,0,0,0,364,314,0,339,364,0,0,363,0,0,358,0
336,371,352,336,0,0,0,0,364,314,0,339,364,0,0,363,0,0,358,0
336,371,352,336,0,0,0,0,364,314,0,339,364,0,0,363,0,0,404,0
336,371,352,336,0,0,0,0,364,314,0,339,364,0,0,363,0,0,404,0
336,393,364,336,0,0,0,0,364,336,0,346,364,0,0,363,0,0,0,0
336,393,364,336,0,0,0,0,364,336,0,346,364,0,0,363,0,0,0,0
336,393,364,336,0,0,0,0,364,336,0,346,364,0,0,363,0,0,0,0
336,393,364,336,0,0,0,0,364,336,0,346,364,0,0,363,0,0,0,0
336,393,364,336,0,0,0,0,364,336,0,346,364,0,0,363,0,0,0,0
336,393,364,336,0,0,0,0,364,336,0,346,364,0,0,363,0,0,0,0
339,393,364,339,0,0,0,0,371,336,98,346,371,98,0,363,0,0,0,0
339,393,364,339,0,0,0,0,371,336,98,346,371,98,0,363,0,0,0,0
339,393,364,339,0,98,0,0,371,336,98,346,371,98,0,0,0,0,0,0
339,393,364,339,0,98,0,0,371,336,98,346,371,98,0,0,0,0,0,0
339,393,364,339,0,98,0,0,371,336,98,346,371,98,0,126,0,0,126,0
339,393,364,339,0,98,0,0,371,336,98,346,371,98,0,126,0,0,126,0
339,393,364,339,0,98,0,0,371,336,98,346,371,98,0,126,0,0,126,0
339,393,364,339,0,98,0,0,371,336,98,346,371,98,0,126,0,0,126,0
339,393,364,339,0,98,0,0,371,336,98,346,371,98,0,126,0,0,126,0
339,393,364,339,0,98,0,0,371,336,98,346,371,98,0,126,0,0,126,0
339,393,364,339,0,98,0,0,371,336,98,346,371,98,0,126,0,0,126,0
339,393,364,339,0,98,0,0,371,336,98,346,371,98,0,126,0,0,126,0
340,393,364,340,0,98,0,0,374,336,98,346,374,98,0,126,0,0,126,0
340,393,364,340,0,98,0,0,374,336,98,346,374,98,0,126,0,0,126,0
340,393,364,340,0,98,0,0,374,336,98,346,374,98,0,126,0,0,126,0
340,393,364,340,0,98,0,0,374,336,98,346,374,98,0,126,0,0,126,0
340,393,364,340,0,98,0,0,374,336,427,346,374,427,0,126,0,0,126,0
340,394,374,340,0,98,0,0,374,340,427,362,374,427,0,126,0,0,126,0
340,394,374,340,0,427,0,0,374,340,427,362,374,427,0,126,0,0,126,0
340,394,374,340,0,427,0,0,374,340,427,362,374,427,0,126,0,0,126,0
340,394,374,340,0,427,0,0,374,340,427,362,374,427,0,423,0,0,98,0
340,394,374,340,0,427,0,0,374,340,427,362,374,427,0,423,0,0,98,0
340,394,374,340,0,427,0,0,374,340,427,362,374,427,0,0,0,0,98,0
340,394,374,340,0,427,0,0,374,340,427,362,374,427,0,0,0,0,98,0
343,394,374,343,0,427,0,0,393,340,427,362,393,427,0,427,0,0,98,0
343,394,374,343,0,427,0,0,393,340,427,362,393,427,0,427,0,0,98,0
343,394,374,343,0,427,0,0,393,340,427,362,393,427,0,427,0,0,98,0
343,394,374,343,0,427,0,0,393,340,427,362,393,427,0,427,0,0,98,0
343,394,374,343,0,427,0,0,393,340,427,362,393,427,0,427,0,0,98,0
343,394,374,343,0,427,0,0,393,340,427,362,393,427,0,427,0,0,98,0
343,394,374,343,0,427,0,0,393,340,427,362,393,427,0,427,0,0,98,0
343,394,374,343,0,427,0,0,393,340,427,362,393,427,0,427,0,0,98,0
343,394,374,343,0,427,0,0,393,340,0,362,393,0,0,427,0,0,98,0
343,394,374,343,0,427,0,0,393,340,0,362,393,0,0,427,0,0,98,0
343,394,374,343,0,0,0,0,393,340,0,362,393,0,0,427,0,0,98,0
343,394,374,343,0,0,0,0,393,340,0,362,393,0,0,427,0,0,98,0
346,394,374,346,0,0,0,0,394,340,0,362,394,0,0,427,0,0,415,0
346,394,374,346,0,0,0,0,394,340,0,362,394,0,0,427,0,0,415,0
346,394,374,346,0,0,0,0,394,340,0,362,394,0,0,427,0,0,429,0
346,394,374,346,0,0,0,0,394,340,0,362,394,0,0,427,0,0,429,0
346,401,398,346,0,0,0,0,394,343,0,366,394,0,0,414,0,0,433,0
346,401,398,346,0,0,0,0,394,343,0,366,394,0,0,414,0,0,433,0
346,401,398,346,0,0,0,0,394,343,0,366,394,0,0,431,0,0,0,0
346,401,398,346,0,0,0,0,394,343,0,366,394,0,0,431,0,0,0,0
346,401,398,346,0,0,0,0,394,343,0,366,394,0,0,0,0,0,0,0
346,401,398,346,0,0,0,0,394,343,0,366,394,0,0,0,0,0,0,0
346,401,398,346,0,0,0,0,394,343,0,366,394,0,0,0,0,0,0,0
346,401,398,346,0,0,0,0,394,343,0,366,394,0,0,0,0,0,0,0
362,401,398,362,0,0,0,0,398,343,307,366,398,307,0,0,0,0,0,0
362,401,398,362,0,0,0,0,398,343,307,366,398,307,0,0,0,0,0,0
362,401,398,362,0,307,0,0,398,343,307,366,398,307,0,0,0,0,0,0
362,401,398,362,0,307,0,0,398,343,307,366,398,307,0,0,0,0,0,0
362,401,398,362,0,307,0,0,398,343,307,366,398,307,0,0,0,0,377,0
362,401,398,362,0,307,0,0,398,343,307,366,398,307,0,0,0,0,377,0
362,401,398,362,0,307,0,0,398,343,307,366,398,307,0,0,0,0,382,0
362,401,398,362,0,307,0,0,398,343,307,366,398,307,0,0,0,0,382,0
362,401,398,362,0,307,0,0,398,343,307,366,398,307,0,376,0,0,407,0
362,401,398,362,0,307,0,0,398,343,307,366,398,307,0,376,0,0,407,0
362,401,398,362,0,307,0,0,398,343,307,366,398,307,0,448,0,0,408,0
365,401,398,365,0,307,0,0,400,343,307,366,400,307,0,448,0,0,408,0
365,401,398,365,0,307,0,0,400,343,307,366,400,307,0,0,0,0,408,0
365,401,398,365,0,307,0,0,400,343,307,366,400,307,0,0,0,0,408,0
365,401,398,365,0,307,0,0,400,343,307,366,400,307,0,0,0,0,408,0
365,409,400,365,0,307,0,0,400,365,307,385,400,307,0,0,0,0,408,0
365,409,400,365,0,307,0,0,400,365,408,385,400,408,0,0,0,0,408,0
365,409,400,365,0,307,0,0,400,365,408,385,400,408,0,0,0,0,408,0
365,409,400,365,0,408,0,0,400,365,408,385,400,408,0,0,0,0,408,0
365,409,400,365,0,408,0,0,400,365,408,385,400,408,0,0,0,0,408,0
365,409,400,365,0,408,0,0,400,365,408,385,400,408,0,0,0,0,408,0
365,409,400,365,0,408,0,0,400,365,408,385,400,408,0,0,0,0,408,0
366,409,400,366,0,408,0,0,401,365,408,385,401,408,0,0,0,0,408,0
366,409,400,366,0,408,0,0,401,365,408,385,401,408,0,0,0,0,408,0
366,409,400,366,0,408,0,0,401,365,408,385,401,408,0,259,0,0,408,0
366,409,400,366,0,408,0,0,401,365,408,385,401,408,0,259,0,0,408,0
366,409,400,366,0,408,0,0,401,365,408,385,401,408,0,0,0,0,0,0
366,409,400,366,0,408,0,0,401,365,408,385,401,408,0,0,0,0,0,0
366,409,400,366,0,408,0,0,401,365,408,385,401,408,0,307,0,0,0,0
366,409,400,366,0,408,0,0,401,365,408,385,401,408,0,307,0,0,0,0
366,409,400,366,0,408,0,0,401,365,408,385,401,408,0,307,0,0,0,0
366,409,400,366,0,408,0,0,401,365,408,385,401,408,0,307,0,0,0,0
366,409,400,366,0,408,0,0,401,365,0,385,401,0,0,307,0,0,0,0
378,409,400,378,0,408,0,0,409,365,0,385,409,0,0,307,0,0,0,0
378,409,400,378,0,0,0,0,409,365,0,385,409,0,0,307,0,0,0,0
378,409,400,378,0,0,0,0,409,365,0,385,409,0,0,307,0,0,0,0
378,409,400,378,0,0,0,0,409,365,0,385,409,0,0,307,0,0,344,0
378,409,400,378,0,0,0,0,409,365,0,385,409,0,0,307,0,0,344,0
378,419,412,378,0,0,0,0,409,378,0,402,409,0,0,307,0,0,347,0
378,419,412,378,0,0,0,0,409,378,0,402,409,0,0,307,0,0,347,0
378,419,412,378,0,0,0,0,409,378,0,402,409,0,0,307,0,0,370,0
378,419,412,378,0,0,0,0,409,378,0,402,409,0,0,307,0,0,370,0
378,419,412,378,0,0,0,0,409,378,0,402,409,0,0,307,0,0,439,0
378,419,412,378,0,0,0,0,409,378,0,402,409,0,0,307,0,0,439,0
379,419,412,379,0,0,0,0,412,378,0,402,412,0,0,0,0,0,0,0
379,419,412,379,0,0,0,0,412,378,0,402,412,0,0,0,0,0,0,0
379,419,412,379,0,0,0,0,412,378,0,402,412,0,0,0,0,0,0,0
379,419,412,379,0,0,0,0,412,378,0,402,412,0,0,0,0,0,0,0
379,419,412,379,0,0,0,0,412,378,0,402,412,0,0,329,0,0,0,0
379,419,412,379,0,0,0,0,412,378,0,402,412,0,0,329,0,0,0,0
379,419,412,379,0,0,0,0,412,378,0,402,412,0,0,367,0,0,0,0
379,419,412,379,0,0,0,0,412,378,0,402,412,0,0,367,0,0,0,0
379,419,412,379,0,0,0,0,412,378,0,402,412,0,0,372,0,0,0,0
379,419,412,379,0,0,0,0,412,378,0,402,412,0,0,372,0,0,0,0
379,419,412,379,0,0,0,0,412,378,0,402,412,0,0,437,0,0,332,0
381,419,412,381,0,0,0,0,419,378,0,402,419,0,0,437,0,0,332,0
381,419,412,381,0,0,0,0,419,378,0,402,419,0,0,0,0,0,363,0
381,419,412,381,0,0,0,0,419,378,0,402,419,0,0,0,0,0,363,0
381,419,412,381,0,0,0,0,419,378,0,402,419,0,0,0,0,0,363,0
381,419,412,381,0,0,0,0,419,378,0,402,419,0,0,0,0,0,363,0
381,419,412,381,0,0,0,0,419,378,0,402,419,0,0,0,0,0,363,0
381,420,432,381,0,0,0,0,419,379,0,434,419,0,0,0,0,0,363,0
381,420,432,381,0,0,0,0,419,379,0,434,419,0,0,0,0,0,363,0
381,420,432,381,0,0,0,0,419,379,0,434,419,0,0,0,0,0,363,0
381,420,432,381,0,0,0,0,419,379,0,434,419,0,0,0,0,0,363,0
381,420,432,381,0,0,0,0,419,379,0,434,419,0,0,0,0,0,363,0
385,420,432,385,0,0,0,0,420,379,0,434,420,0,0,0,0,0,363,0
385,420,432,385,0,0,0,0,420,379,0,434,420,0,0,0,0,0,363,0
385,420,432,385,0,0,0,0,420,379,0,434,420,0,0,98,0,0,363,0
385,420,432,385,0,0,0,0,420,379,0,434,420,0,0,98,0,0,363,0
385,420,432,385,0,0,0,0,420,379,0,434,420,0,0,98,0,0,363,0
385,420,432,385,0,0,0,0,420,379,0,434,420,0,0,98,0,0,363,0
385,420,432,385,0,0,0,0,420,379,0,434,420,0,0,98,0,0,0,0
385,420,432,385,0,0,0,0,420,379,0,434,420,0,0,98,0,0,0,0
385,420,432,385,0,0,0,0,420,379,0,434,420,0,0,98,0,0,124,0
385,420,432,385,0,0,0,0,420,379,0,434,420,0,0,98,0,0,124,0
385,420,432,385,0,0,0,0,420,379,0,434,420,0,0,98,0,0,124,0
399,420,432,399,0,0,0,0,421,379,0,434,421,0,0,98,0,0,124,0
399,420,432,399,0,0,0,0,421,379,0,434,421,0,0,98,0,0,124,0
399,420,432,399,0,0,0,0,421,379,0,434,421,0,0,98,0,0,124,0
399,420,432,399,0,0,0,0,421,379,0,434,421,0,0,98,0,0,124,0
399,420,432,399,0,0,0,0,421,379,0,434,421,0,0,98,0,0,124,0
399,420,432,399,0,0,0,0,421,379,0,434,421,0,0,98,0,0,124,0
399,420,432,399,0,0,0,0,421,379,0,434,421,0,0,98,0,0,124,0
399,421,438,399,0,0,0,0,421,381,0,436,421,0,0,302,0,0,124,0
399,421,438,399,0,0,0,0,421,381,0,436,421,0,0,302,0,0,124,0
399,421,438,399,0,0,0,0,421,381,0,436,421,0,0,0,0,0,124,0
399,421,438,399,0,0,0,0,421,381,0,436,421,0,0,0,0,0,124,0
402,421,438,402,0,0,0,0,432,381,0,436,432,0,0,0,0,0,124,0
402,421,438,402,0,0,0,0,432,381,0,436,432,0,0,0,0,0,124,0
402,421,438,402,0,0,0,0,432,381,0,436,432,0,0,0,0,0,0,0
402,421,438,402,0,0,0,0,432,381,0,436,432,0,0,0,0,0,0,0
402,421,438,402,0,0,0,0,432,381,0,436,432,0,0,0,0,0,0,0
402,421,438,402,0,0,0,0,432,381,0,436,432,0,0,0,0,0,0,0
402,421,438,402,0,0,0,0,432,381,0,436,432,0,0,0,0,0,0,0
402,421,438,402,0,0,0,0,432,381,0,436,432,0,0,0,0,0,0,0
402,421,438,402,0,0,0,0,432,381,0,436,432,0,0,0,0,0,270,0
402,421,438,402,0,0,0,0,432,381,0,436,432,0,0,0,0,0,270,0
402,421,438,402,0,0,0,0,432,381,0,436,432,0,0,279,0,0,270,0
411,421,438,411,0,0,0,0,435,381,0,436,435,0,0,279,0,0,270,0
411,421,438,411,0,0,0,0,435,381,0,436,435,0,0,0,0,0,270,0
411,421,438,411,0,0,0,0,435,381,0,436,435,0,0,0,0,0,270,0
411,421,438,411,0,0,0,0,435,381,0,436,435,0,0,286,0,0,270,0
411,421,438,411,0,0,0,0,435,381,0,436,435,0,0,286,0,0,270,0
411,421,438,411,0,0,0,0,435,381,0,436,435,0,0,0,0,0,270,0
411,421,438,411,0,0,0,0,435,381,0,436,435,0,0,0,0,0,270,0
411,421,438,411,0,0,0,0,435,381,0,436,435,0,0,0,0,0,270,0
411,435,444,411,0,0,0,0,435,399,0,445,435,0,0,0,0,0,270,0
411,435,444,411,0,0,0,0,435,399,0,445,435,0,0,0,0,0,270,0
411,435,444,411,0,0,0,0,435,399,0,445,435,0,0,0,0,0,270,0
434,435,444,434,0,0,0,0,438,399,0,445,438,0,0,0,0,0,270,0
434,435,444,434,0,0,0,0,438,399,0,445,438,0,0,0,0,0,270,0
434,435,444,434,0,0,0,0,438,399,0,445,438,0,0,324,0,0,0,0
434,435,444,434,0,0,0,0,438,399,0,445,438,0,0,324,0,0,0,0
434,435,444,434,0,0,0,0,438,399,0,445,438,0,0,349,0,0,373,0
434,435,444,434,0,0,0,0,438,399,0,445,438,0,0,349,0,0,373,0
434,435,444,434,0,0,0,0,438,399,0,445,438,0,0,0,0,0,0,0
434,435,444,434,0,0,0,0,438,399,0,445,438,0,0,0,0,0,0,0
434,435,444,434,0,0,0,0,438,399,0,445,438,0,0,361,0,0,417,0
434,435,444,434,0,0,0,0,438,399,0,445,438,0,0,361,0,0,417,0
434,435,444,434,0,0,0,0,438,399,0,445,438,0,0,361,0,0,430,0
436,435,444,436,0,0,0,0,444,399,0,445,444,0,0,361,0,0,430,0
436,435,444,436,0,0,0,0,444,399,0,445,444,0,0,361,0,0,441,0
436,435,444,436,0,0,0,0,444,399,0,445,444,0,0,361,0,0,441,0
436,435,444,436,0,0,0,0,444,399,0,445,444,0,0,361,0,0,0,0
436,435,444,436,0,0,0,0,444,399,0,445,444,0,0,361,0,0,0,0
436,435,444,436,0,0,0,0,444,399,0,445,444,0,0,361,0,0,0,0
436,435,444,436,0,0,0,0,444,399,0,445,444,0,0,361,0,0,0,0
436,435,444,436,0,0,0,0,444,399,0,445,444,0,0,361,0,0,0,0
436,435,444,436,0,0,0,0,444,399,0,445,444,0,0,361,0,0,0,0
436,451,446,436,0,0,0,0,444,411,0,450,444,0,0,361,0,0,0,0
436,451,446,436,0,0,0,0,444,411,0,450,444,0,0,361,0,0,0,0
445,451,446,445,0,0,0,0,446,411,0,450,446,0,0,361,0,0,0,0
445,451,446,445,0,0,0,0,446,411,0,450,446,0,0,361,0,0,0,0
445,451,446,445,0,0,0,0,446,411,0,450,446,0,0,0,0,0,296,0
445,451,446,445,0,0,0,0,446,411,0,450,446,0,0,0,0,0,296,0
445,451,446,445,0,0,0,0,446,411,0,450,446,0,0,0,0,0,443,0
445,451,446,445,0,0,0,0,446,411,0,450,446,0,0,0,0,0,443,0
445,451,446,445,0,0,0,0,446,411,0,450,446,0,0,227,0,0,0,0
445,451,446,445,0,0,0,0,446,411,0,450,446,0,0,227,0,0,0,0
445,451,446,445,0,0,0,0,446,411,0,450,446,0,0,0,0,0,0,0
445,451,446,445,0,0,0,0,446,411,0,450,446,0,0,0,0,0,0,0
445,451,446,445,0,0,0,0,446,411,0,450,446,0,0,0,0,0,0,0
447,451,446,447,0,0,0,0,451,411,0,450,451,0,0,0,0,0,0,0
447,451,446,447,0,0,0,0,451,411,0,450,451,0,0,0,0,0,0,0
447,451,446,447,0,0,0,0,451,411,0,450,451,0,0,0,0,0,0,0
447,451,446,447,0,0,0,0,451,411,0,450,451,0,0,0,0,0,0,0
447,451,446,447,0,0,0,0,451,411,0,450,451,0,0,0,0,0,0,0
447,451,446,447,0,0,0,0,451,411,0,450,451,0,0,270,0,0,307,0
447,451,446,447,0,0,0,0,451,411,0,450,451,0,0,270,0,0,307,0
447,451,446,447,0,0,0,0,451,411,0,450,451,0,0,270,0,0,307,0
447,451,446,447,0,0,0,0,451,411,0,450,451,0,0,270,0,0,307,0
447,451,446,447,0,0,0,0,451,411,0,450,451,0,0,270,0,0,307,0
447,457,454,447,0,0,0,0,451,447,0,453,451,0,0,270,0,0,307,0
450,457,454,450,0,0,0,0,454,447,0,453,454,0,0,270,0,0,307,0
450,457,454,450,0,0,0,0,454,447,0,453,454,0,0,270,0,0,307,0
450,457,454,450,0,0,0,0,454,447,0,453,454,0,0,270,0,0,307,0
450,457,454,450,0,0,0,0,454,447,0,453,454,0,0,270,0,0,307,0
450,457,454,450,0,0,0,0,454,447,0,453,454,0,0,270,0,0,307,0
450,457,454,450,0,0,0,0,454,447,0,453,454,0,0,270,0,0,307,0
450,457,454,450,0,0,0,0,454,447,0,453,454,0,0,270,0,0,307,0
450,457,454,450,0,0,0,0,454,447,0,453,454,0,0,270,0,0,307,0
450,457,454,450,0,0,0,0,454,447,0,453,454,0,0,270,0,0,307,0
450,457,454,450,0,0,0,0,454,447,0,453,454,0,0,270,0,0,307,0
450,457,454,450,0,0,0,0,454,447,0,453,454,0,0,0,0,0,0,0
453,457,454,453,0,0,0,0,457,447,0,453,457,0,0,0,0,0,0,0
453,457,454,453,0,0,0,0,457,447,0,453,457,0,0,0,0,0,0,0
453,457,454,453,0,0,0,0,457,447,0,453,457,0,0,0,0,0,0,0
453,457,454,453,0,0,0,0,457,447,0,453,457,0,0,0,0,0,0,0
453,457,454,453,0,0,0,0,457,447,0,453,457,0,0,0,0,0,0,0
453,457,454,453,0,0,0,0,457,447,0,453,457,0,0,0,0,0,0,0
453,457,454,453,0,0,0,0,457,447,0,453,457,0,0,0,0,0,0,0
453,457,454,453,0,0,0,0,457,447,0,453,457,0,0,0,0,0,0,0
453,457,454,453,0,0,0,0,457,447,0,453,457,0,0,0,0,0,0,0
453,457,454,453,0,0,0,0,457,447,0,453,457,0,0,0,0,0,0,0
453,457,454,453,0,0,0,0,457,447,0,453,457,0,0,0,0,0,0,0