43,495,636,43,507,413,901,1103,1129,816,919,0,1043,413,997,354,250,0,0,725
43,495,636,43,507,413,901,1103,1129,816,919,0,1043,413,997,354,250,0,0,725
43,495,636,43,401,413,1220,1043,626,1178,687,1087,1222,413,0,354,65,517,0,792
137,495,636,137,401,413,1220,1043,626,1178,687,1087,1222,413,0,354,65,517,0,792
137,495,636,137,583,413,65,189,613,1088,752,0,272,413,1050,354,0,940,0,855
137,495,636,137,583,413,65,189,613,1088,752,0,272,413,1050,354,0,940,0,855
223,495,636,223,612,413,1221,595,711,488,774,1092,989,413,1050,354,413,935,0,896
223,495,636,223,612,413,1221,595,711,488,774,1092,989,413,1050,354,413,935,0,896
223,495,636,223,1003,413,756,1072,599,612,0,0,1222,413,1050,354,413,935,189,0
236,495,636,236,1003,413,756,1072,599,612,0,0,1222,413,1050,354,413,935,189,0
236,520,665,236,1010,413,958,752,935,1239,1073,1096,752,413,1050,354,413,935,195,0
236,520,665,236,1010,413,958,752,935,1239,1073,1096,752,413,1050,354,413,935,195,0
265,520,665,265,283,413,759,1056,935,781,995,1103,762,413,1050,354,413,935,0,0
265,520,665,265,283,413,759,1056,935,781,995,1103,762,413,1050,354,413,935,0,0
265,520,665,265,846,413,1222,1107,935,825,951,0,762,413,1050,354,413,935,0,756
266,520,665,266,846,413,1222,1107,935,825,951,0,762,413,1050,354,413,935,0,756
266,520,665,266,1191,1166,1132,957,935,1054,989,173,762,962,1050,967,413,935,0,0
266,520,665,266,1191,1166,1132,957,935,1054,989,173,762,962,1050,967,413,935,0,0
275,520,665,275,1256,1213,1250,1060,935,1208,996,756,762,962,1050,967,413,935,0,762
275,520,665,275,1256,1213,1250,1060,935,1208,996,756,762,962,1050,967,413,935,0,762
275,569,700,275,65,520,911,795,935,1091,250,759,762,962,1003,967,413,935,0,762
302,569,700,302,65,520,911,795,935,1091,250,759,762,962,1003,967,413,935,0,762
302,569,700,302,878,520,1232,876,935,1059,925,1066,762,962,1004,967,1191,0,925,762
302,569,700,302,878,520,1232,876,935,1059,925,1066,762,962,1004,967,1191,0,925,762
310,569,700,310,1037,520,1184,1064,935,1180,0,0,762,962,1040,967,1192,946,1007,762
310,569,700,310,1037,636,1184,1064,935,1180,0,0,762,962,1040,967,1192,946,1007,762
310,569,700,310,1107,636,920,1204,1192,1095,959,775,762,962,1066,967,0,527,1007,762
313,569,700,313,1107,636,920,1204,1192,1095,959,775,762,962,1066,967,0,527,1007,762
313,569,700,313,1004,636,0,1081,904,647,0,841,774,962,1186,967,1197,528,1007,762
313,569,700,313,1004,636,0,1081,904,647,0,841,774,962,1186,967,1197,528,1007,762
322,608,761,322,1054,1069,834,598,729,1062,488,0,1115,962,1188,967,1199,583,1007,762
322,608,761,322,1054,1069,834,598,729,1062,488,0,1115,962,1188,967,1199,583,1007,762
322,608,761,322,756,687,924,1125,705,1101,0,988,1115,1243,1188,1146,1201,622,1007,762
342,608,761,342,756,687,924,1125,705,1101,0,988,1115,1243,1188,1146,1201,622,1007,762
342,608,761,342,725,728,0,769,731,651,626,1077,1115,1243,1188,1159,1204,1228,1007,858
342,608,761,342,725,728,0,769,731,651,626,1077,1115,1243,1188,1159,1204,1228,1007,858
373,608,761,373,119,731,599,1127,583,1106,1040,1105,415,1243,1188,0,1206,1246,1007,0
373,608,761,373,119,731,599,1127,583,1106,1040,1105,415,1243,1188,0,1206,1246,1007,0
373,608,761,373,729,1080,737,896,620,654,0,0,0,1243,1188,0,1213,1179,1007,416
387,608,761,387,729,1080,737,896,620,654,0,0,0,1243,1188,0,1213,1179,1007,416
387,693,850,387,638,1096,0,1206,507,1108,189,401,625,1243,1188,0,1194,729,1145,421
387,693,850,387,638,1096,0,1206,507,1108,189,401,625,1243,1188,0,1194,729,1145,421
423,693,850,423,747,912,298,119,1030,725,0,0,781,1243,1188,0,1194,791,0,0
423,693,850,423,747,912,298,119,1030,725,0,0,781,1243,1188,0,1194,791,0,0
423,693,850,423,654,1073,180,806,1199,1133,195,765,1178,1243,1188,0,1194,1096,0,781
431,693,850,431,654,1073,180,806,1199,1133,195,765,1178,1243,1188,0,1194,1096,0,781
431,693,850,431,1223,1088,181,890,1057,792,737,0,1186,1243,0,0,1194,498,0,1180
431,693,850,431,1223,1088,181,890,1057,792,737,0,1186,1243,0,0,1194,498,0,1180
443,693,850,443,1030,358,0,1233,1061,833,834,769,1187,311,750,1118,1194,1107,0,1182
443,693,850,443,1030,358,0,1233,1061,833,834,769,1187,311,750,1118,1194,1107,0,1182
443,709,862,443,946,358,1216,1174,1063,1064,0,773,1197,311,750,1118,298,1178,0,1207
447,709,862,447,946,358,1216,1174,1063,1064,0,773,1197,311,750,1118,298,1178,0,1207
447,709,862,447,1130,358,1217,765,1191,236,325,1245,1204,311,750,1118,0,1180,0,1209
447,709,862,447,1130,358,1217,765,1191,236,325,1245,1204,311,750,1118,0,1180,0,1209
449,709,862,449,711,358,1217,1213,1201,236,957,0,1209,311,750,1118,325,1182,0,1214
449,709,862,449,711,358,1217,1213,1201,1255,957,0,1209,311,750,1118,325,1182,0,1214
449,709,862,449,1224,358,1217,812,1139,638,0,812,1189,311,750,1118,529,1187,744,0
475,709,862,475,1224,358,1217,812,1139,638,0,812,1189,311,750,1118,529,1187,744,0
475,709,862,475,705,358,1217,912,1207,640,502,0,1189,311,750,1118,529,1199,744,0
475,709,862,475,705,358,1217,912,1207,640,502,0,1189,311,750,1118,529,1199,744,0
477,720,870,477,1020,358,1217,1237,978,640,731,711,1044,311,750,1118,529,1206,744,0
477,720,870,477,1020,358,1217,1237,978,640,731,711,1044,311,750,1118,529,1206,744,0
477,720,870,477,415,358,1217,421,989,640,1125,920,0,311,750,1118,529,1207,744,876
505,720,870,505,415,358,1217,421,989,640,1125,920,0,311,750,1118,529,1207,744,876
505,720,870,505,173,1091,1217,1238,995,640,1126,0,311,538,1030,1031,529,1254,744,1030
505,720,870,505,173,1091,1217,1238,995,640,1126,0,311,538,1030,1031,529,1254,744,1030
514,720,870,514,1012,686,1217,498,1012,640,0,65,311,538,1033,1031,529,1179,744,1031
514,720,870,514,1012,686,1217,498,1012,640,0,65,311,538,1033,1031,529,1179,744,1031
514,720,870,514,180,690,618,499,1020,640,119,791,311,538,1037,1031,529,795,744,1031
515,720,870,515,180,690,618,499,1020,640,119,791,311,538,1037,1031,529,795,744,1031
515,741,886,515,181,690,951,1239,1242,640,1254,1072,311,538,1039,1031,529,1256,744,1031
515,741,886,515,181,690,951,1239,1242,640,1254,1072,311,538,1039,1031,529,1256,744,1031
536,741,886,536,841,690,0,921,1243,640,1250,0,311,538,1043,1031,1071,0,0,1031
536,741,886,536,841,690,0,921,1243,640,1250,0,311,538,1043,1031,1071,0,0,1031
536,741,886,536,416,690,988,1078,1243,543,1250,498,311,538,0,1031,1071,1056,180,1031
540,741,886,540,416,690,988,1078,1243,543,1250,498,311,538,0,1031,1071,1056,180,1031
540,741,886,540,189,690,355,651,1243,997,355,499,311,538,0,1031,1071,0,181,1031
540,741,886,540,189,690,355,651,1243,997,355,499,311,538,0,1031,1071,0,181,1031
557,741,886,557,1237,690,0,1100,1243,1135,1039,0,311,538,0,1031,1071,846,920,1031
557,741,886,557,1237,690,0,1100,1243,1135,1039,0,311,538,0,1031,1071,846,920,1031
557,742,908,557,769,690,401,681,1243,1003,1044,728,283,181,996,0,1071,1060,967,1031
560,742,908,560,769,690,401,681,1243,1003,1044,728,283,181,996,0,1071,1060,967,1031
560,742,908,560,1013,690,415,683,1243,1004,0,825,1059,0,0,0,1071,1179,967,0
560,742,908,560,1013,690,415,683,1243,1004,0,825,1059,0,0,0,1071,1179,967,0
564,742,908,564,195,502,1242,1138,1243,1013,660,0,0,202,0,0,1071,1179,967,0
564,742,908,564,195,502,1242,1138,1243,1013,660,0,0,202,0,0,1071,1179,967,0
564,742,908,564,896,962,1181,686,1243,1033,1130,612,885,967,119,0,1071,595,967,0
570,742,908,570,896,962,1181,686,1243,1033,1130,612,885,967,119,0,1071,595,967,0
570,742,908,570,202,962,620,687,1245,1073,0,0,1219,967,687,0,1236,0,967,298
570,742,908,570,202,962,620,687,1245,1073,0,0,1219,967,687,0,1236,0,967,298
580,880,927,580,528,962,0,1140,1165,1136,180,827,1219,967,690,978,1236,806,967,0
580,880,927,580,528,962,0,1140,1165,1136,180,827,1219,967,690,978,1236,806,967,0
580,880,927,580,1182,962,154,747,173,621,0,0,816,967,690,1147,1236,0,967,958
603,880,927,603,1182,962,154,747,173,621,0,0,816,967,690,1147,1236,0,967,958
603,880,927,603,598,962,154,774,1183,759,283,413,0,967,690,1161,1236,1116,967,0
603,880,927,603,598,962,154,774,1183,759,283,413,0,967,690,1161,1236,1116,967,0
610,880,927,610,1209,962,154,1144,311,805,0,413,867,967,690,0,640,1123,0,413
610,880,927,610,1209,962,154,1144,311,805,0,413,867,967,690,0,640,1123,0,413
610,880,927,610,858,962,154,925,311,1150,613,413,0,967,690,0,640,1124,538,413
615,880,927,615,858,962,154,925,311,1150,613,413,0,967,690,0,640,1124,538,413
615,882,936,615,1161,962,154,1154,311,1077,0,413,355,967,690,0,640,1126,538,413
615,882,936,615,1161,962,154,1154,311,1077,0,413,355,967,690,0,640,1126,538,413
619,882,936,619,513,919,154,261,311,1151,860,413,1061,0,690,0,640,1127,538,413
619,882,936,619,513,919,154,261,311,1151,860,413,1061,0,690,0,640,1127,538,413
619,882,936,619,951,1101,154,261,311,187,885,413,1181,0,690,0,640,1130,538,413
630,882,936,630,951,1101,154,261,311,187,885,413,1181,0,690,0,640,1130,538,413
630,882,936,630,1015,1137,154,261,311,187,0,413,1181,0,759,0,640,1132,538,413
630,882,936,630,1015,1137,154,261,311,187,0,413,1181,0,759,0,640,1132,538,413
635,882,936,635,298,1137,0,261,311,187,973,413,1181,0,762,983,640,1257,538,413
635,882,936,635,298,1137,0,261,311,187,973,413,1181,0,762,983,640,1257,538,413
635,909,963,635,978,1137,855,261,311,187,0,1217,890,354,762,983,640,1177,538,413
639,909,963,639,978,1137,855,261,311,187,0,1217,890,354,762,983,640,1177,538,413
639,909,963,639,1146,1137,946,261,1185,187,795,1217,978,354,762,983,1144,1177,538,1167
639,909,963,639,1146,1137,946,261,1185,187,795,1217,978,354,762,983,1144,1177,538,1167
656,909,963,656,1174,1137,0,261,195,187,865,1217,1116,354,762,983,1144,1177,1050,1167
656,909,963,656,1174,1137,0,261,195,187,865,1217,1116,354,762,983,1144,1177,1050,1167
656,909,963,656,250,1137,272,261,622,187,0,1217,1123,354,762,983,1144,1177,1050,1167
659,909,963,659,250,1137,272,261,622,187,0,1217,1123,354,762,983,1144,1177,1050,1167
659,909,963,659,325,1137,282,647,737,187,513,1217,1124,354,762,983,1144,1177,1050,1167
659,909,963,659,325,1137,282,647,737,187,513,1217,1124,354,762,983,1144,1177,1050,1167
664,929,994,664,613,1137,283,1166,202,371,0,1217,1125,354,762,983,1144,1177,1050,1167
664,929,994,664,613,1137,283,1166,202,371,0,1217,1125,354,762,983,1144,1177,1050,1167
664,929,994,664,1186,833,781,43,1196,1153,0,1217,1132,354,762,983,1144,1177,1050,1167
668,929,994,668,1186,833,781,43,1196,1153,0,1217,1132,354,762,983,1144,1177,1050,1167
668,929,994,668,360,1106,1124,43,773,1103,878,1217,1211,354,1208,1243,1144,1177,1050,1167
668,929,994,668,360,1106,1124,342,773,1103,878,1217,1211,354,1208,1243,1144,1177,1050,1167
671,929,994,671,1226,626,1245,342,1205,1155,1258,651,1220,1188,1213,1243,1141,354,1050,1167
671,929,994,671,1226,626,1245,342,1205,1155,1258,651,1220,1188,1213,1243,1141,354,1050,1167
671,929,994,671,272,989,1181,816,1230,625,1258,833,1220,1188,0,1243,0,354,1050,1057
675,929,994,675,272,989,1181,816,1230,625,1258,833,1220,1188,0,1243,0,354,1050,1057
675,954,999,675,885,1115,805,860,1210,1197,1258,0,896,1188,0,1243,1145,354,1031,0
675,954,999,675,885,1115,805,860,1210,1197,1258,0,896,1188,0,1243,1145,354,1031,0
678,954,999,678,488,957,0,940,791,1163,1024,1107,0,1188,0,1243,1148,354,1031,705
678,954,999,678,488,957,0,940,791,1163,1024,1107,0,1188,0,1243,1148,354,1031,705
678,954,999,678,547,1135,841,1087,1211,876,1217,1214,686,1188,0,1243,1161,354,1031,1013
682,954,999,682,547,1135,841,1087,1211,876,1217,1214,686,1188,0,1243,1161,354,1031,1013
682,954,999,682,1024,1111,846,1096,1225,1040,1217,0,0,1188,0,1243,1237,354,1031,1060
682,954,999,682,1024,1111,846,1096,1225,1040,1217,0,0,1188,0,1243,1237,354,1031,1060
710,954,999,710,282,1116,858,1156,660,1125,1217,1159,705,1188,0,1243,1238,354,1031,0
710,954,999,710,282,1116,858,1156,660,1125,1217,1159,705,1188,0,1243,1238,354,1031,0
710,956,1001,710,889,1238,1199,959,919,1171,1217,0,0,1188,0,0,1239,354,1031,0
715,956,1001,715,889,1238,1199,959,919,1171,1217,0,0,1188,0,0,1239,354,1031,0
715,956,1001,715,1147,665,1181,1015,854,590,1217,654,725,640,499,0,1241,1015,1031,0
715,956,1001,715,1147,665,1181,1015,854,590,1217,654,725,640,499,0,1241,1015,1031,0
718,956,1001,718,578,665,878,1160,513,1175,1217,0,973,640,1238,0,1241,1063,1031,638
718,956,1001,718,578,665,878,1160,513,1175,1217,0,973,640,1238,0,1241,1063,1031,638
718,956,1001,718,1105,665,0,865,920,865,1217,1127,1232,640,1241,0,1241,0,1243,640
719,956,1001,719,1105,700,0,865,920,865,1217,1127,1232,640,1241,0,1241,0,1243,640
719,956,1001,719,1087,700,528,961,517,1176,1217,0,1233,640,1241,0,1241,502,1243,640
719,956,1001,719,1087,700,528,961,517,1176,1217,0,1233,640,1241,0,1241,502,1243,640
739,966,1005,739,681,700,827,1164,855,867,1059,371,1221,640,1241,0,1241,1211,1243,640
739,966,1005,739,681,700,827,1164,855,867,1059,371,1221,640,1241,0,1241,1211,1243,640
739,966,1005,739,765,761,1201,250,547,1195,0,0,1221,640,1241,744,1241,1179,1243,640
751,966,1005,751,765,761,1201,250,547,1195,0,0,1221,640,1241,744,1241,1179,1243,640
751,966,1005,751,890,761,1181,1170,1105,1070,0,416,1137,640,1241,744,1241,1179,1243,640
751,966,1005,751,890,761,1181,1170,1105,1070,0,416,1137,640,1241,744,1241,1179,1243,640
757,966,1005,757,1252,761,360,973,1132,1127,0,595,1137,640,1241,744,1241,878,1243,640
757,966,1005,757,1252,1135,360,973,1132,1127,0,595,1137,640,1241,744,1241,878,1243,640
757,966,1005,757,1197,527,885,1172,1227,1203,1061,1010,1137,1031,1241,744,1242,890,1243,640
760,966,1005,760,1197,527,885,1172,1227,1203,1061,1010,1137,1031,1241,744,1242,890,1243,640
760,987,1068,760,355,574,0,325,834,775,0,1054,1137,1031,1241,744,1243,0,1243,640
760,987,1068,760,355,574,0,325,834,775,0,1054,1137,1031,1241,744,1243,0,1243,640
771,987,1068,771,1228,1136,416,1198,1187,1212,805,0,1137,1031,0,744,1243,488,154,921
771,987,1068,771,1228,1136,416,1198,1187,1212,805,0,1137,1031,0,744,1243,488,154,921
771,987,1068,771,618,595,0,996,1229,1044,1064,154,1137,1031,957,744,1243,0,154,0
772,987,1068,772,618,595,0,996,1229,1044,1064,154,1137,1031,957,744,1243,0,154,0
772,987,1068,772,371,1136,1188,1010,958,1204,0,154,1137,1031,1072,744,1243,728,154,154
772,987,1068,772,371,1136,1188,1010,958,1204,0,154,1137,1031,1072,744,1243,728,154,154
779,987,1068,779,498,622,1188,1039,502,1247,621,154,1137,1031,1081,1007,1243,737,154,154
779,987,1068,779,498,622,1188,1039,502,1247,621,154,1137,1031,1081,1007,1243,737,154,154
779,1000,1069,779,683,1136,1188,1200,1234,529,0,154,901,1031,0,1007,1243,841,154,154
780,1000,1069,780,683,1136,1188,1200,1234,529,0,154,901,1031,0,1007,1243,841,154,154
780,1000,1069,780,499,660,1188,527,924,529,681,154,0,1031,0,1007,1243,0,154,154
780,1000,1069,780,499,660,1188,527,924,529,681,154,0,1031,0,1007,1243,0,154,154
794,1000,1069,794,1033,1136,1188,1202,744,529,683,154,681,983,638,1007,1243,173,154,154
794,1000,1069,794,1033,1136,1188,1202,744,529,683,154,681,983,638,1007,1243,173,154,154
797,1000,1069,797,1206,940,1188,590,744,529,686,154,683,983,640,1007,0,1054,154,154
797,1000,1069,797,1206,940,1188,590,744,529,686,154,683,983,640,1007,0,1054,154,154
800,1000,1069,800,1043,959,1188,1231,744,529,690,154,690,983,640,1007,1146,1087,0,154
800,1000,1069,800,1043,959,1188,1231,744,529,690,154,690,983,640,1007,1146,1087,0,154
808,1008,1080,808,1044,1136,1188,867,744,529,690,261,690,983,640,1007,1149,1230,1024,154
808,1008,1080,808,1044,1136,1188,867,744,529,690,261,690,983,640,1007,1149,1230,1024,154
813,1008,1080,813,1149,421,0,1040,744,529,690,261,690,983,640,1007,1189,1179,1217,997
813,1008,1080,813,1149,421,0,1040,744,529,690,261,690,983,640,1007,1189,1179,1217,997
817,1008,1080,817,543,517,1159,1257,744,529,690,261,690,983,640,0,1189,1179,1217,0
817,1008,1080,817,543,517,1159,1257,744,529,690,261,690,983,640,0,1189,1179,1217,0
818,1008,1080,818,1232,961,1161,387,744,574,690,261,690,983,640,1149,1189,747,1217,1003
818,1008,1080,818,1232,961,1161,387,744,574,690,261,690,983,640,1149,1189,747,1217,1003
831,1008,1080,831,1207,967,1208,387,744,728,690,261,690,983,640,1174,1189,834,1217,1004
831,1008,1080,831,1207,967,1208,443,744,728,690,261,690,983,640,1174,1189,834,1217,1004
838,1009,1088,838,1254,967,1181,443,1244,1248,690,261,690,1050,640,0,1189,0,1217,1010
838,1009,1088,838,1254,967,1181,443,1244,1248,690,261,690,1050,640,0,1189,0,1217,1010
840,1009,1088,840,901,967,889,475,1111,812,690,261,690,1050,1103,0,1189,0,1217,1015
840,1009,1088,840,901,967,889,475,1111,812,690,261,690,1050,1103,0,1189,0,1217,1015
842,1009,1088,842,621,967,1148,475,1116,973,0,261,1191,1050,0,0,935,282,1217,1037
842,1009,1088,842,621,967,1148,477,1116,973,0,261,1191,1050,0,0,935,282,1217,1037
844,1009,1088,844,625,967,0,477,1123,1209,415,0,1192,1050,0,0,935,0,1217,1038
844,1009,1088,844,625,967,0,477,1123,1209,415,0,1192,1050,0,0,935,0,1217,1038
868,1009,1088,868,1214,967,1211,536,1124,1249,0,421,0,1050,154,0,935,1137,0,1038
868,1009,1088,868,1214,967,1211,536,1124,1249,0,421,0,1050,154,0,935,1137,0,1038
873,1011,1091,873,1039,967,1181,536,1126,354,0,854,1201,1050,154,0,935,1137,0,1038
873,1011,1091,873,1039,967,1181,1258,1126,354,0,854,1201,1050,154,0,935,1137,0,1038
875,1011,1091,875,1072,967,578,1141,1246,354,806,0,1208,1050,154,187,935,1137,0,1038
875,1011,1091,875,1072,967,578,1141,1246,354,806,0,1208,1050,154,187,935,1137,0,1038
883,1011,1091,883,773,792,1246,1235,1253,354,889,618,1252,1050,154,187,935,1137,0,1038
883,1011,1091,883,773,792,1246,1235,1253,354,889,618,1252,1050,154,187,935,1137,0,1038
888,1011,1091,888,775,0,1181,1145,1031,354,0,0,1222,1071,154,187,935,1137,0,1038
888,1011,1091,888,775,0,1181,1145,1031,354,0,0,1222,1071,154,187,935,1137,0,1038
892,1011,1091,892,1056,854,1063,1146,1031,354,311,855,1222,1071,154,187,935,1137,0,1038
892,1011,1091,892,1056,854,1063,1146,1031,354,311,855,1222,1071,154,187,935,1137,0,1038
894,1093,1101,894,827,995,1066,1147,1031,354,311,0,904,1071,154,187,962,1137,187,1038
894,1093,1101,894,827,995,1066,1147,1031,354,311,0,904,1071,154,187,962,1137,187,1038
895,1093,1101,895,791,996,1252,1149,1031,354,311,187,919,1071,154,187,962,1137,187,0
895,1093,1101,895,791,996,1252,1149,1031,354,311,187,919,1071,154,187,962,1137,187,0
903,1093,1101,903,1057,997,1184,1168,1031,354,311,187,1064,1071,0,187,962,0,187,940
903,1093,1101,903,1057,997,1184,1168,1031,354,311,187,1064,1071,0,187,962,0,187,940
910,1093,1101,910,860,1060,1126,1236,1031,1141,311,187,0,1071,0,187,962,547,187,0
910,1093,1101,910,860,1060,1126,1236,1031,1141,311,187,0,1071,0,187,962,547,187,0
915,1093,1101,915,806,1062,1254,538,1031,1145,311,187,513,1071,574,1217,962,0,187,272
915,1093,1101,915,806,1062,1254,538,1031,1145,311,187,513,1071,574,1217,962,0,187,272
917,1106,1112,917,911,0,1184,538,1031,1148,311,187,0,1071,1167,1217,962,765,187,0
917,1106,1112,917,911,0,1184,538,1031,1148,311,187,0,1071,1167,1217,962,765,187,0
926,1106,1112,926,825,1070,1037,538,137,302,311,187,517,1007,1167,1217,962,0,187,360
926,1106,1112,926,825,1070,1037,538,137,302,311,187,517,1007,1167,1217,962,0,187,360
928,1106,1112,928,1059,1081,1038,538,137,302,358,187,912,1007,1167,1217,962,0,187,647
928,1106,1112,928,1059,1081,1038,538,223,1212,358,187,912,1007,1167,1217,962,0,187,647
930,1106,1112,930,1233,0,1038,538,223,1159,358,187,0,1007,1167,1217,187,358,0,0
930,1106,1112,930,1233,0,1038,538,223,1159,358,187,0,1007,1167,1217,187,358,0,0
942,1106,1112,942,988,752,1038,538,265,1214,358,358,527,1007,1167,1217,187,358,202,0
942,1106,1112,942,988,752,1038,538,265,1214,358,358,527,1007,1167,1217,187,358,202,0
943,1109,1135,943,921,774,1038,538,265,1251,358,358,1070,1007,1167,1217,187,358,1141,654
943,1109,1135,943,921,774,1038,538,266,1251,358,358,1070,1007,1167,1217,187,358,1141,654
947,1109,1135,947,925,1005,1038,538,266,983,358,358,0,1007,1167,1217,187,358,1148,1063
947,1109,1135,947,925,1005,1038,538,266,983,358,358,0,1007,1167,1217,187,358,1148,1063
953,1109,1135,953,1061,1005,1038,1241,275,983,358,358,660,1007,1167,0,187,358,1188,0
953,1109,1135,953,1061,1005,1038,1241,275,983,358,358,660,1007,1167,0,187,358,1188,0
968,1109,1135,968,1225,795,1038,1241,275,983,358,358,0,1007,0,0,187,358,1188,773
968,1109,1135,968,1225,795,1038,1241,310,983,358,358,0,1007,0,0,187,358,1188,773
974,1109,1135,974,1066,0,1038,1241,310,983,358,358,959,1167,626,0,187,358,1188,812
974,1109,1135,974,1066,0,1038,1241,310,983,358,358,959,1167,626,0,187,358,1188,812
975,1115,1136,975,1168,904,0,1241,322,983,1257,358,0,1167,867,0,187,358,1188,1092
975,1115,1136,975,1168,904,0,1241,322,983,1257,358,0,1167,867,0,187,358,1188,1092
976,1115,1136,976,1225,862,1024,1241,322,983,1250,358,358,1167,876,0,983,0,1188,0
976,1115,1136,976,1225,862,1024,1241,447,983,1250,358,358,1167,876,0,983,0,1188,0
990,1115,1136,990,1092,750,1077,1241,447,983,1250,0,358,1167,0,0,983,598,1188,371
990,1115,1136,990,1092,750,1077,1241,447,983,1250,0,358,1167,0,0,983,598,1188,371
1016,1115,1136,1016,495,750,1092,1241,449,983,1250,747,358,1167,1105,0,983,599,1188,1077
1016,1115,1136,1016,495,750,1092,1241,449,983,1250,747,358,1167,1105,0,983,599,1188,1077
1022,1115,1136,1022,495,750,1123,1241,449,313,1250,858,358,1167,1257,0,983,0,1188,0
1022,1115,1136,1022,495,750,1123,1241,495,313,1250,858,358,1167,1257,0,983,0,1188,0
1026,1122,1144,1026,495,750,1130,580,495,313,1250,0,358,1167,0,0,983,612,0,769
1026,1122,1144,1026,569,750,1130,580,495,373,1250,0,358,1167,0,0,983,612,0,769
1029,1122,1144,1029,569,750,1256,580,505,373,1250,620,358,1167,0,961,983,0,0,0
1029,1122,1144,1029,569,750,1256,603,505,373,1250,620,358,1167,0,961,983,0,0,0
1032,1122,1144,1032,569,750,1184,603,505,423,1250,0,358,0,0,962,983,854,0,775
1032,1122,1144,1032,569,750,1184,603,514,423,1250,0,358,0,0,962,983,854,0,775
1041,1122,1144,1041,608,750,762,664,514,423,1250,647,358,744,0,962,983,0,0,825
1041,1122,1144,1041,608,750,762,664,514,431,1250,647,358,744,0,962,983,0,0,825
1048,1122,1144,1048,608,750,762,664,515,431,901,0,0,744,0,962,1147,311,0,1237
1048,1122,1144,1048,608,750,762,668,515,431,901,0,0,744,0,962,1147,311,0,1237
1049,1128,1170,1049,608,1071,762,668,515,520,0,792,598,744,0,962,1170,311,0,1239
1049,1128,1170,1049,693,1071,762,668,557,520,0,792,598,744,0,962,1170,311,0,1239
1052,1128,1170,1052,693,1071,762,675,557,520,528,1057,599,744,0,962,1170,311,354,1241
1052,1128,1170,1052,693,1071,762,675,557,540,528,1057,599,744,0,962,1170,311,354,1241
1055,1128,1170,1055,693,1071,762,675,560,540,574,0,0,744,0,962,1170,311,354,1241
1055,1128,1170,1055,693,1071,762,682,560,540,574,0,0,744,0,962,1170,311,354,1241
1058,1128,1170,1058,709,1071,762,682,560,564,1166,578,731,744,0,962,1170,311,354,1241
1058,1128,1170,1058,709,1071,762,682,569,564,1166,578,731,744,0,962,1170,311,354,1241
1065,1128,1170,1065,709,1071,762,710,569,564,1167,590,805,744,538,962,1170,311,354,1241
1065,1129,1171,1065,709,1071,762,710,569,608,1167,590,805,744,538,962,1170,311,354,1241
1074,1129,1171,1074,709,1071,762,710,570,608,1167,935,951,744,538,0,1170,311,354,1241
1074,1129,1171,1074,720,1071,762,715,570,608,1167,935,951,744,538,0,1170,311,354,1241
1076,1129,1171,1076,720,1071,1178,715,570,635,1167,935,0,1241,538,0,1170,311,354,1241
1076,1129,1171,1076,720,1071,1178,715,610,635,1167,935,0,1241,538,0,1189,311,354,1241
1078,1129,1171,1078,720,1071,1180,751,610,635,1167,935,1216,1241,538,538,967,0,354,1241
1078,1129,1171,1078,720,1071,1180,751,610,636,1167,935,1216,1241,538,538,967,0,354,1241
1085,1129,1171,1085,741,1118,1182,751,615,636,1167,935,0,1241,538,538,967,1216,354,1241
1085,1129,1171,1085,741,1118,1182,757,615,636,1167,935,0,1241,538,538,967,1216,354,1241
1086,1133,1177,1086,741,1118,1186,757,615,639,1167,935,1223,1241,538,538,967,0,750,1118
1086,1133,1177,1086,741,1118,1186,757,619,639,1167,935,1223,1241,538,538,967,0,750,1118
1089,1133,1177,1089,742,1118,1187,760,619,639,1167,935,1226,1241,538,538,967,1223,750,1118
1089,1133,1177,1089,742,1118,1187,760,619,665,1167,935,1226,1241,538,538,967,1223,750,1118
1095,1133,1177,1095,742,1118,1192,760,630,665,1167,935,1230,1241,538,538,967,1224,750,1118
1095,1133,1177,1095,742,1118,1192,771,630,665,1167,935,1230,1241,538,538,967,1224,750,1118
1100,1133,1177,1100,880,1118,1184,771,656,700,0,935,1184,1241,590,538,967,1226,750,1118
1100,1133,1177,1100,880,1118,1184,771,656,700,0,935,1184,1241,590,538,967,1226,750,1118
1102,1133,1177,1102,880,1118,1184,772,659,700,1216,0,1184,1241,0,538,967,1242,750,1118
1102,1139,1179,1102,880,1118,1184,772,659,720,1216,0,1184,1241,0,538,967,1242,750,1118
1104,1139,1179,1104,882,1118,1007,772,671,720,1224,1168,1184,0,865,538,967,1179,750,1118
1104,1139,1179,1104,882,1118,1007,779,671,720,1224,1168,1184,0,865,538,967,1179,750,1118
1108,1139,1179,1108,882,1118,1007,779,678,761,1228,0,507,0,0,1038,1007,1179,750,1118
1108,1139,1179,1108,882,1118,1007,779,678,761,1228,0,507,0,0,1038,1007,1179,750,1118
1114,1139,1179,1114,909,1167,1007,794,693,761,1232,360,0,0,0,1038,1007,911,750,1118
1114,1139,1179,1114,909,1167,1007,794,693,808,1232,360,0,0,0,1038,1007,911,750,1118
1117,1139,1179,1117,909,1167,1007,794,709,808,1233,958,543,0,912,1038,1007,0,1038,0
1117,1139,1179,1117,909,1167,1007,800,709,808,1233,958,543,0,912,1038,1007,0,1038,0
1119,1155,1181,1119,929,1167,1007,800,718,850,1252,1246,613,0,995,1038,1007,578,1038,401
1119,1155,1181,1119,929,1167,1007,800,718,850,1252,1246,613,0,995,1038,1007,578,1038,401
1121,1155,1181,1121,929,1167,1007,813,719,850,1250,0,729,0,0,1038,1007,618,1038,0
1121,1155,1181,1121,929,1167,1007,813,719,862,1250,0,729,0,0,1038,1007,618,1038,0
1138,1155,1181,1138,954,1167,1007,813,739,862,1250,622,0,0,0,1038,1007,0,1038,690
1138,1155,1181,1138,954,1167,1007,817,739,862,1250,622,0,0,0,1038,1007,0,1038,690
1140,1155,1181,1140,954,1167,1007,817,741,868,1250,0,1056,0,0,1038,1007,0,1038,690
1140,1155,1181,1140,954,1167,1007,817,741,868,1250,0,1056,0,0,1038,1007,0,1038,690
1150,1155,1181,1150,987,1167,0,818,742,868,507,846,1073,1038,651,1038,1007,1111,1038,690
1150,1163,1184,1150,987,1167,0,818,742,870,507,846,1073,1038,651,1038,1007,1111,1038,690
1151,1163,1184,1151,987,1167,1223,818,780,870,1137,921,0,1038,860,529,1166,1118,1038,690
1151,1163,1184,1151,987,1167,1223,838,780,870,1137,921,0,1038,860,529,1166,1118,1038,690
1153,1163,1184,1153,1000,850,1224,838,797,873,1137,0,1111,1038,935,529,1168,1118,1038,690
1153,1163,1184,1153,1000,850,1224,838,797,873,1137,0,1111,1038,935,529,1168,1118,1038,690
1154,1163,1184,1154,1000,850,1226,840,831,873,1137,1137,1118,1038,935,529,1174,1118,961,690
1154,1163,1184,1154,1000,850,1226,840,831,882,1137,1137,1118,1038,935,529,1174,1118,961,690
1156,1163,1184,1156,1008,850,1228,840,880,882,1137,1137,1118,1038,935,529,1235,1118,962,690
1156,1163,1184,1156,1008,862,1228,842,880,882,1137,1137,1118,1038,935,529,1235,1118,962,690
1160,1165,1189,1160,1008,862,1230,842,892,886,1137,1137,1118,1038,935,529,1235,1118,962,690
1160,1165,1189,1160,1008,862,1230,842,892,886,1137,1137,1118,1038,935,529,1235,1118,962,690
1164,1165,1189,1164,1009,862,1219,844,903,908,1137,1137,1118,1038,935,529,1235,1118,962,711
1164,1165,1189,1164,1009,862,1219,844,903,908,1137,1137,1118,1038,935,529,1235,1118,962,711
1172,1165,1189,1172,1009,870,1219,844,909,926,1137,1137,1118,1038,935,529,1235,1118,962,0
1172,1165,1189,1172,1009,870,1219,875,909,926,1137,1137,1118,1038,935,529,1235,1118,962,0
1175,1165,1189,1175,1011,870,1050,875,915,927,1137,1137,1118,0,935,529,1235,1118,962,0
1175,1165,1189,1175,1011,870,1050,875,915,927,1137,1137,1118,0,935,529,1235,1118,962,0
1176,1165,1189,1176,1011,870,1050,883,917,936,0,1137,1118,0,935,750,744,1020,962,833
1176,1183,1219,1176,1011,886,1050,883,917,936,0,1137,1118,0,935,750,744,1020,962,833
1185,1183,1219,1185,1093,886,1050,883,928,943,904,1137,1118,0,0,750,744,1245,962,946
1185,1183,1219,1185,1093,886,1050,888,928,943,904,1137,1118,0,0,750,744,1245,962,946
1194,1183,1219,1194,1093,886,1050,888,929,956,0,1256,547,0,0,750,744,1179,962,1020
1194,1183,1219,1194,1093,886,1050,888,929,956,0,1256,547,0,0,750,744,1179,962,1020
1195,1183,1219,1195,1109,908,1050,894,930,963,625,0,621,0,0,750,744,1179,0,0
1195,1183,1219,1195,1109,908,1050,894,930,963,625,0,621,0,0,750,744,1179,0,0
1196,1183,1219,1196,1109,908,1050,894,953,966,816,583,0,0,0,750,744,620,983,0
1196,1183,1219,1196,1109,908,1050,895,953,966,816,583,0,0,0,750,744,620,983,0
1198,1221,1220,1198,1122,908,1050,895,954,976,911,1012,889,0,924,750,744,827,983,988
1198,1221,1220,1198,1122,927,1050,895,954,976,911,1012,889,0,924,750,744,827,983,988
1200,1221,1220,1200,1122,927,1050,910,974,994,0,1013,1081,0,1062,750,744,924,983,1012
1200,1221,1220,1200,1122,927,1050,910,974,994,0,1013,1081,0,1062,750,744,924,983,1012
1202,1221,1220,1202,1128,927,1177,910,975,999,282,1062,0,261,0,750,744,0,983,1033
1202,1221,1220,1202,1128,936,1177,942,975,999,282,1062,0,261,0,750,744,0,983,1033
1203,1221,1220,1203,1128,936,1177,942,987,1000,0,0,529,261,0,261,762,529,983,0
1203,1221,1220,1203,1128,936,1177,942,987,1000,0,0,529,261,0,261,762,529,983,0
1205,1221,1220,1205,1129,936,1177,947,1016,1001,0,1188,529,261,0,261,762,529,983,0
1205,1225,1222,1205,1129,956,1177,947,1016,1001,0,1188,529,261,0,261,762,529,983,0
1210,1225,1222,1210,1129,956,1177,947,1029,1005,543,1188,529,261,1071,261,762,529,983,1071
1210,1225,1222,1210,1129,956,1177,968,1029,1005,543,1188,529,261,1071,261,762,529,983,1071
1212,1225,1222,1212,1133,956,1177,968,1089,1008,0,1188,529,261,1071,261,762,529,983,1071
1212,1225,1222,1212,1133,963,1177,968,1089,1008,0,1188,529,261,1071,261,762,529,983,1071
1227,1225,1222,1227,1133,963,1177,990,1093,1009,0,1188,529,261,1071,261,762,529,0,1071
1227,1225,1222,1227,1133,963,1177,990,1093,1009,0,1188,529,261,1071,261,762,529,0,1071
1229,1225,1222,1229,1139,963,1179,990,1102,1011,1070,1188,529,261,1071,261,762,529,261,1071
1229,1225,1222,1229,1139,966,1179,1022,1102,1011,1070,1188,529,261,1071,261,762,529,261,1071
1231,1236,1235,1231,1139,966,1179,1022,1104,1032,0,1188,529,261,1071,261,762,529,261,1071
1231,1236,1235,1231,1139,966,1179,1022,1104,1032,0,1188,529,261,1071,261,762,529,261,1071
1234,1236,1235,1234,1155,966,1179,1026,1109,1049,1050,1188,529,750,1071,261,762,529,261,1071
1234,1236,1235,1234,1155,994,1179,1026,1109,1049,1050,1188,529,750,1071,261,762,529,261,1071
1244,1236,1235,1244,1155,994,1179,1026,1112,1055,1050,1188,1112,750,1071,0,1171,1179,261,1071
1244,1236,1235,1244,1155,994,1179,1041,1112,1055,1050,1188,1112,750,1071,0,1171,1179,261,1071
1247,1236,1235,1247,1163,994,1179,1041,1114,1058,1050,0,1112,750,1071,0,1171,1179,261,1071
1247,1236,1235,1247,1163,999,1179,1048,1114,1058,1050,0,1112,750,1071,0,1171,1179,261,1071
1248,1236,1235,1248,1163,999,1179,1048,1117,1068,1050,0,1112,750,0,0,1171,1179,261,0
1248,1258,1250,1248,1163,999,1179,1052,1117,1068,1050,0,1112,750,0,0,1171,1179,261,0
1249,1258,1250,1249,1165,999,1181,1052,1119,1069,1050,0,1112,750,0,0,1171,1179,261,0
1249,1258,1250,1249,1165,1001,1181,1065,1119,1069,1050,0,1112,750,0,0,1171,1179,261,0
1251,1258,1250,1251,1165,1001,1181,1065,1121,1080,1050,0,1112,750,0,0,1171,1179,261,0
1251,1258,1250,1251,1165,1001,1181,1074,1121,1080,1050,0,1112,750,0,0,1171,1179,261,0
1253,1258,1250,1253,1183,1001,1181,1074,1122,1085,1050,0,1112,750,0,0,1171,1179,0,0
1253,1258,1250,1253,1183,1068,1181,1076,1122,1085,1050,0,1112,750,0,0,1171,1179,0,0
1255,1258,1250,1255,1183,1068,1181,1076,1128,1086,1050,0,0,750,0,0,1171,1179,0,0
1255,1258,1250,1255,1183,1068,1181,0,1128,1086,1050,0,0,750,0,0,0,1179,0,0