1,2,3,1,2,3,4,1,2,3,4,5,6,6,4,5,6,7,8,5
1,2,3,1,2,3,4,1,2,3,4,5,6,6,4,5,6,7,8,5
1,2,3,1,2,3,4,1,2,3,4,5,6,6,4,5,6,7,8,5
1,2,3,1,2,3,4,1,2,3,4,5,6,6,4,5,6,7,8,5
1,2,3,1,2,3,4,1,2,3,4,5,6,6,4,5,6,7,8,5
1,2,3,1,2,3,4,1,2,3,4,5,6,6,4,5,6,7,8,5
1,2,3,1,2,3,4,1,2,3,4,5,6,6,4,5,6,7,8,5
1,2,3,1,2,3,4,1,2,3,4,5,6,6,4,5,6,7,8,5
1,2,3,1,2,3,4,1,2,3,4,5,6,6,4,5,6,7,8,5
1,2,3,1,2,3,4,1,2,3,4,5,6,6,4,5,6,7,8,5
1,2,3,1,2,3,4,1,2,3,4,5,6,6,4,5,6,7,8,5
1,2,3,1,2,3,4,1,2,3,4,5,6,6,4,5,6,7,8,5
1,2,3,1,2,3,4,1,2,3,4,5,6,6,4,5,6,7,8,5
1,2,3,1,2,3,4,1,2,3,4,5,6,6,4,5,6,7,8,5
1,2,3,1,2,3,4,1,2,3,4,5,6,6,4,5,6,7,8,5
1,2,3,1,2,3,4,1,2,3,4,5,6,6,4,5,6,7,8,5
1,2,3,1,2,3,4,1,2,3,4,5,6,6,4,5,6,7,8,5
1,2,3,1,2,3,4,1,2,3,4,5,6,6,4,5,6,7,8,5
1,2,3,1,2,3,4,1,2,3,4,5,6,6,4,5,6,7,8,5
1,2,3,1,2,3,4,1,2,3,4,5,6,6,4,5,6,7,8,5
1,2,3,1,2,3,4,1,2,3,4,5,6,6,4,5,6,7,8,5
1,2,3,1,2,3,4,1,2,3,4,5,6,6,4,5,6,7,8,5
1,2,3,1,2,3,4,1,2,3,4,5,6,6,4,5,6,7,8,5
1,2,3,1,2,3,4,1,2,3,4,5,6,6,4,5,6,7,8,5
1,2,3,1,2,3,4,1,2,3,4,5,6,6,4,5,6,7,8,5
1,2,3,1,2,3,4,1,2,3,4,5,6,6,4,5,6,7,8,5
1,2,3,1,2,3,4,1,2,3,4,5,6,6,4,5,6,7,8,5
1,2,3,1,2,3,4,1,2,3,4,5,6,6,4,5,6,7,8,5
1,2,3,1,2,3,4,1,2,3,4,5,6,6,4,5,6,7,8,5
1,2,3,1,2,3,4,1,2,3,4,5,6,6,4,5,6,7,8,5
1,2,3,1,2,3,4,1,2,3,4,5,6,6,4,5,6,7,8,5
1,2,3,1,2,3,4,1,2,3,4,5,6,6,4,5,6,7,8,5
1,2,3,1,2,3,4,1,2,3,4,5,6,6,4,5,6,7,8,5
1,2,3,1,2,3,4,1,2,3,4,5,6,6,4,5,6,7,8,5
1,2,3,1,2,3,4,1,2,3,4,5,6,6,4,5,6,7,8,5
1,2,3,1,2,3,4,1,2,3,4,5,6,6,4,5,6,7,8,5
1,2,3,1,2,3,4,1,2,3,4,5,6,6,4,5,6,7,8,5
1,2,3,1,2,3,4,1,2,3,4,5,6,6,4,5,6,7,8,5
1,2,3,1,2,3,4,1,2,3,4,5,6,6,4,5,6,7,8,5
1,2,3,1,2,3,4,1,2,3,4,5,6,6,4,5,6,7,8,5
1,2,3,1,2,3,4,1,2,3,4,5,6,6,4,5,6,7,8,5
7,2,3,1,2,3,4,1,2,3,4,5,6,6,4,5,6,7,8,5
7,2,3,1,2,3,4,1,2,3,4,5,6,6,4,5,6,7,8,5
7,2,3,1,2,3,4,1,2,3,4,5,6,6,4,5,6,7,8,5
7,2,3,1,2,3,4,1,2,3,4,5,6,6,4,5,6,7,8,5
7,2,3,1,2,3,4,1,2,3,4,5,6,6,4,5,6,7,8,5
7,8,9,7,8,9,10,11,12,9,10,11,12,13,10,11,12,13,8,5
7,8,9,7,8,9,10,11,12,9,10,11,12,13,10,11,12,13,8,5
7,8,9,7,8,9,10,11,12,9,10,11,12,13,10,11,12,13,8,5
7,8,9,7,8,9,10,11,12,9,10,11,12,13,10,11,12,13,8,5
7,8,9,7,8,9,10,11,12,9,10,11,12,13,10,11,12,13,8,5
7,8,9,7,8,9,10,11,12,9,10,11,12,13,10,11,12,13,8,5
7,8,9,7,8,9,10,11,12,9,10,11,12,13,10,11,12,13,8,5
7,8,9,7,8,9,10,11,12,9,10,11,12,13,10,11,12,13,14,15
7,8,9,7,8,9,10,11,12,9,10,11,12,13,10,11,12,13,14,15
7,8,9,7,8,9,10,11,12,9,10,11,12,13,10,11,12,13,14,15
7,8,9,7,8,9,10,11,12,9,10,11,12,13,10,11,12,13,14,15
7,8,9,7,8,9,10,11,12,9,10,11,12,13,10,11,12,13,14,15
7,8,9,7,8,9,10,11,12,9,10,11,12,13,10,11,12,13,14,15
7,8,9,7,8,9,10,11,12,9,10,11,12,13,10,11,12,13,14,15
7,8,9,7,8,9,10,11,12,9,10,11,12,13,10,11,12,13,14,15
7,8,9,7,8,9,10,11,12,9,10,11,12,13,10,11,12,13,14,15
7,8,9,7,8,9,10,11,12,9,10,11,12,13,10,11,12,13,14,15
7,8,9,7,8,9,10,11,12,9,10,11,12,13,10,11,12,13,14,15
7,8,9,7,8,9,10,11,12,9,10,11,12,13,10,11,12,13,14,15
7,8,9,7,8,9,10,11,12,9,10,11,12,13,10,11,12,13,14,15
7,8,9,7,8,9,10,11,12,9,10,11,12,13,10,11,12,13,14,15
7,8,9,7,8,9,10,11,12,9,10,11,12,13,10,11,12,13,14,15
7,8,9,7,8,9,10,11,12,9,10,11,12,13,10,11,12,13,14,15
7,8,9,7,8,9,10,11,12,9,10,11,12,13,10,11,12,13,14,15
7,8,9,7,8,9,10,11,12,9,10,11,12,13,10,11,12,13,14,15
7,8,9,7,8,9,10,11,12,9,10,11,12,13,10,11,12,13,14,15
7,8,9,7,8,9,10,11,12,9,10,11,12,13,10,11,12,13,14,15
7,8,9,7,8,9,10,11,12,9,10,11,12,13,10,11,12,13,14,15
7,8,9,7,8,9,10,11,12,9,10,11,12,13,10,11,12,13,14,15
7,8,9,7,8,9,10,11,12,9,10,11,12,13,10,11,12,13,14,15
7,8,9,7,8,9,10,11,12,9,10,11,12,13,10,11,12,13,14,15
7,8,9,7,8,9,10,11,12,9,10,11,12,13,10,11,12,13,14,15
7,8,9,7,8,9,10,11,12,9,10,11,12,13,10,11,12,13,14,15
7,8,9,7,8,9,10,11,12,9,10,11,12,13,10,11,12,13,14,15
7,8,9,7,8,9,10,11,12,9,10,11,12,13,10,11,12,13,14,15
7,8,9,7,8,9,10,11,12,9,10,11,12,13,10,11,12,13,14,15
13,8,9,7,8,9,10,11,12,9,10,11,12,13,10,11,12,13,14,15
13,8,9,7,8,9,10,11,12,9,10,11,12,13,10,11,12,13,14,15
13,8,9,7,8,9,10,11,12,9,10,11,12,13,10,11,12,13,14,15
13,8,9,7,8,9,10,11,12,9,10,11,12,13,10,11,12,13,14,15
13,8,9,7,8,9,10,11,12,9,10,11,12,13,10,11,12,13,14,15
13,8,9,7,8,9,10,11,12,9,10,11,12,13,10,11,12,13,14,15
13,8,9,7,8,9,10,11,12,9,10,11,12,13,10,11,12,13,14,15
13,8,9,7,8,9,10,11,12,9,10,11,12,13,10,11,12,13,14,15
13,8,9,7,8,9,10,11,12,9,10,11,12,13,10,11,12,13,14,15
13,8,9,7,8,9,10,11,12,9,10,11,12,13,10,11,12,13,14,15
13,14,15,16,14,15,16,17,18,19,16,17,18,19,20,17,18,19,14,15
13,14,15,16,14,15,16,17,18,19,16,17,18,19,20,17,18,19,14,15
13,14,15,16,14,15,16,17,18,19,16,17,18,19,20,17,18,19,14,15
13,14,15,16,14,15,16,17,18,19,16,17,18,19,20,17,18,19,14,15
13,14,15,16,14,15,16,17,18,19,16,17,18,19,20,17,18,19,14,15
13,14,15,16,14,15,16,17,18,19,16,17,18,19,20,17,18,19,14,15
13,14,15,16,14,15,16,17,18,19,16,17,18,19,20,17,18,19,14,15
13,14,15,16,14,15,16,17,18,19,16,17,18,19,20,17,18,19,14,15
13,14,15,16,14,15,16,17,18,19,16,17,18,19,20,17,18,19,14,15
13,14,15,16,14,15,16,17,18,19,16,17,18,19,20,17,18,19,14,15
13,14,15,16,14,15,16,17,18,19,16,17,18,19,20,17,18,19,14,15
13,14,15,16,14,15,16,17,18,19,16,17,18,19,20,17,18,19,14,15
13,14,15,16,14,15,16,17,18,19,16,17,18,19,20,17,18,19,14,15
13,14,15,16,14,15,16,17,18,19,16,17,18,19,20,17,18,19,14,15
13,14,15,16,14,15,16,17,18,19,16,17,18,19,20,17,18,19,20,21
13,14,15,16,14,15,16,17,18,19,16,17,18,19,20,17,18,19,20,21
13,14,15,16,14,15,16,17,18,19,16,17,18,19,20,17,18,19,20,21
13,14,15,16,14,15,16,17,18,19,16,17,18,19,20,17,18,19,20,21
13,14,15,16,14,15,16,17,18,19,16,17,18,19,20,17,18,19,20,21
13,14,15,16,14,15,16,17,18,19,16,17,18,19,20,17,18,19,20,21
13,14,15,16,14,15,16,17,18,19,16,17,18,19,20,17,18,19,20,21
13,14,15,16,14,15,16,17,18,19,16,17,18,19,20,17,18,19,20,21
13,14,15,16,14,15,16,17,18,19,16,17,18,19,20,17,18,19,20,21
13,14,15,16,14,15,16,17,18,19,16,17,18,19,20,17,18,19,20,21
13,14,15,16,14,15,16,17,18,19,16,17,18,19,20,17,18,19,20,21
13,14,15,16,14,15,16,17,18,19,16,17,18,19,20,17,18,19,20,21
13,14,15,16,14,15,16,17,18,19,16,17,18,19,20,17,18,19,20,21
13,14,15,16,14,15,16,17,18,19,16,17,18,19,20,17,18,19,20,21
13,14,15,16,14,15,16,17,18,19,16,17,18,19,20,17,18,19,20,21
13,14,15,16,14,15,16,17,18,19,16,17,18,19,20,17,18,19,20,21
13,14,15,16,14,15,16,17,18,19,16,17,18,19,20,17,18,19,20,21
20,14,15,16,14,15,16,17,18,19,16,17,18,19,20,17,18,19,20,21
20,14,15,16,14,15,16,17,18,19,16,17,18,19,20,17,18,19,20,21
20,14,15,16,14,15,16,17,18,19,16,17,18,19,20,17,18,19,20,21
20,14,15,16,14,15,16,17,18,19,16,17,18,19,20,17,18,19,20,21
20,14,15,16,14,15,16,17,18,19,16,17,18,19,20,17,18,19,20,21
20,14,15,16,14,15,16,17,18,19,16,17,18,19,20,17,18,19,20,21
20,14,15,16,14,15,16,17,18,19,16,17,18,19,20,17,18,19,20,21
20,14,15,16,14,15,16,17,18,19,16,17,18,19,20,17,18,19,20,21
20,14,15,16,14,15,16,17,18,19,16,17,18,19,20,17,18,19,20,21
20,14,15,16,14,15,16,17,18,19,16,17,18,19,20,17,18,19,20,21
20,14,15,16,14,15,16,17,18,19,16,17,18,19,20,17,18,19,20,21
20,14,15,16,14,15,16,17,18,19,16,17,18,19,20,17,18,19,20,21
20,14,15,16,14,15,16,17,18,19,16,17,18,19,20,17,18,19,20,21
20,14,15,16,14,15,16,17,18,19,16,17,18,19,20,17,18,19,20,21
20,14,15,16,14,15,16,17,18,19,16,17,18,19,20,17,18,19,20,21
20,21,22,23,21,22,23,24,25,22,23,24,25,26,26,24,25,26,20,21
20,21,22,23,21,22,23,24,25,22,23,24,25,26,26,24,25,26,20,21
20,21,22,23,21,22,23,24,25,22,23,24,25,26,26,24,25,26,20,21
20,21,22,23,21,22,23,24,25,22,23,24,25,26,26,24,25,26,20,21
20,21,22,23,21,22,23,24,25,22,23,24,25,26,26,24,25,26,20,21
20,21,22,23,21,22,23,24,25,22,23,24,25,26,26,24,25,26,20,21
20,21,22,23,21,22,23,24,25,22,23,24,25,26,26,24,25,26,20,21
20,21,22,23,21,22,23,24,25,22,23,24,25,26,26,24,25,26,20,21
20,21,22,23,21,22,23,24,25,22,23,24,25,26,26,24,25,26,20,21
20,21,22,23,21,22,23,24,25,22,23,24,25,26,26,24,25,26,20,21
20,21,22,23,21,22,23,24,25,22,23,24,25,26,26,24,25,26,20,21
20,21,22,23,21,22,23,24,25,22,23,24,25,26,26,24,25,26,20,21
20,21,22,23,21,22,23,24,25,22,23,24,25,26,26,24,25,26,20,21
20,21,22,23,21,22,23,24,25,22,23,24,25,26,26,24,25,26,20,21
20,21,22,23,21,22,23,24,25,22,23,24,25,26,26,24,25,26,20,21
20,21,22,23,21,22,23,24,25,22,23,24,25,26,26,24,25,26,20,21
20,21,22,23,21,22,23,24,25,22,23,24,25,26,26,24,25,26,20,21
20,21,22,23,21,22,23,24,25,22,23,24,25,26,26,24,25,26,20,21
20,21,22,23,21,22,23,24,25,22,23,24,25,26,26,24,25,26,20,21
20,21,22,23,21,22,23,24,25,22,23,24,25,26,26,24,25,26,20,21
20,21,22,23,21,22,23,24,25,22,23,24,25,26,26,24,25,26,20,21
20,21,22,23,21,22,23,24,25,22,23,24,25,26,26,24,25,26,27,28
20,21,22,23,21,22,23,24,25,22,23,24,25,26,26,24,25,26,27,28
20,21,22,23,21,22,23,24,25,22,23,24,25,26,26,24,25,26,27,28
20,21,22,23,21,22,23,24,25,22,23,24,25,26,26,24,25,26,27,28
20,21,22,23,21,22,23,24,25,22,23,24,25,26,26,24,25,26,27,28
27,21,22,23,21,22,23,24,25,22,23,24,25,26,26,24,25,26,27,28
27,21,22,23,21,22,23,24,25,22,23,24,25,26,26,24,25,26,27,28
27,21,22,23,21,22,23,24,25,22,23,24,25,26,26,24,25,26,27,28
27,21,22,23,21,22,23,24,25,22,23,24,25,26,26,24,25,26,27,28
27,21,22,23,21,22,23,24,25,22,23,24,25,26,26,24,25,26,27,28
27,21,22,23,21,22,23,24,25,22,23,24,25,26,26,24,25,26,27,28
27,21,22,23,21,22,23,24,25,22,23,24,25,26,26,24,25,26,27,28
27,21,22,23,21,22,23,24,25,22,23,24,25,26,26,24,25,26,27,28
27,21,22,23,21,22,23,24,25,22,23,24,25,26,26,24,25,26,27,28
27,21,22,23,21,22,23,24,25,22,23,24,25,26,26,24,25,26,27,28
27,21,22,23,21,22,23,24,25,22,23,24,25,26,26,24,25,26,27,28
27,21,22,23,21,22,23,24,25,22,23,24,25,26,26,24,25,26,27,28
27,21,22,23,21,22,23,24,25,22,23,24,25,26,26,24,25,26,27,28
27,21,22,23,21,22,23,24,25,22,23,24,25,26,26,24,25,26,27,28
27,21,22,23,21,22,23,24,25,22,23,24,25,26,26,24,25,26,27,28
27,21,22,23,21,22,23,24,25,22,23,24,25,26,26,24,25,26,27,28
27,21,22,23,21,22,23,24,25,22,23,24,25,26,26,24,25,26,27,28
27,21,22,23,21,22,23,24,25,22,23,24,25,26,26,24,25,26,27,28
27,21,22,23,21,22,23,24,25,22,23,24,25,26,26,24,25,26,27,28
27,21,22,23,21,22,23,24,25,22,23,24,25,26,26,24,25,26,27,28
27,28,29,27,28,29,30,31,32,29,30,31,32,33,30,31,32,33,27,28
27,28,29,27,28,29,30,31,32,29,30,31,32,33,30,31,32,33,27,28
27,28,29,27,28,29,30,31,32,29,30,31,32,33,30,31,32,33,27,28
27,28,29,27,28,29,30,31,32,29,30,31,32,33,30,31,32,33,27,28
27,28,29,27,28,29,30,31,32,29,30,31,32,33,30,31,32,33,27,28
27,28,29,27,28,29,30,31,32,29,30,31,32,33,30,31,32,33,27,28
27,28,29,27,28,29,30,31,32,29,30,31,32,33,30,31,32,33,27,28
27,28,29,27,28,29,30,31,32,29,30,31,32,33,30,31,32,33,27,28
27,28,29,27,28,29,30,31,32,29,30,31,32,33,30,31,32,33,27,28
27,28,29,27,28,29,30,31,32,29,30,31,32,33,30,31,32,33,27,28
27,28,29,27,28,29,30,31,32,29,30,31,32,33,30,31,32,33,27,28
27,28,29,27,28,29,30,31,32,29,30,31,32,33,30,31,32,33,27,28
27,28,29,27,28,29,30,31,32,29,30,31,32,33,30,31,32,33,27,28
27,28,29,27,28,29,30,31,32,29,30,31,32,33,30,31,32,33,27,28
27,28,29,27,28,29,30,31,32,29,30,31,32,33,30,31,32,33,27,28
27,28,29,27,28,29,30,31,32,29,30,31,32,33,30,31,32,33,27,28
27,28,29,27,28,29,30,31,32,29,30,31,32,33,30,31,32,33,27,28
27,28,29,27,28,29,30,31,32,29,30,31,32,33,30,31,32,33,27,28
27,28,29,27,28,29,30,31,32,29,30,31,32,33,30,31,32,33,27,28
27,28,29,27,28,29,30,31,32,29,30,31,32,33,30,31,32,33,27,28
27,28,29,27,28,29,30,31,32,29,30,31,32,33,30,31,32,33,27,28
33,28,29,27,28,29,30,31,32,29,30,31,32,33,30,31,32,33,27,28
33,28,29,27,28,29,30,31,32,29,30,31,32,33,30,31,32,33,27,28
33,28,29,27,28,29,30,31,32,29,30,31,32,33,30,31,32,33,27,28
33,28,29,27,28,29,30,31,32,29,30,31,32,33,30,31,32,33,27,28
33,28,29,27,28,29,30,31,32,29,30,31,32,33,30,31,32,33,27,28
33,28,29,27,28,29,30,31,32,29,30,31,32,33,30,31,32,33,27,28
33,28,29,27,28,29,30,31,32,29,30,31,32,33,30,31,32,33,27,28
33,28,29,27,28,29,30,31,32,29,30,31,32,33,30,31,32,33,34,35
33,28,29,27,28,29,30,31,32,29,30,31,32,33,30,31,32,33,34,35
33,28,29,27,28,29,30,31,32,29,30,31,32,33,30,31,32,33,34,35
33,28,29,27,28,29,30,31,32,29,30,31,32,33,30,31,32,33,34,35
33,28,29,27,28,29,30,31,32,29,30,31,32,33,30,31,32,33,34,35
33,28,29,27,28,29,30,31,32,29,30,31,32,33,30,31,32,33,34,35
33,28,29,27,28,29,30,31,32,29,30,31,32,33,30,31,32,33,34,35
33,28,29,27,28,29,30,31,32,29,30,31,32,33,30,31,32,33,34,35
33,28,29,27,28,29,30,31,32,29,30,31,32,33,30,31,32,33,34,35
33,28,29,27,28,29,30,31,32,29,30,31,32,33,30,31,32,33,34,35
33,28,29,27,28,29,30,31,32,29,30,31,32,33,30,31,32,33,34,35
33,28,29,27,28,29,30,31,32,29,30,31,32,33,30,31,32,33,34,35
33,28,29,27,28,29,30,31,32,29,30,31,32,33,30,31,32,33,34,35
33,28,29,27,28,29,30,31,32,29,30,31,32,33,30,31,32,33,34,35
33,28,29,27,28,29,30,31,32,29,30,31,32,33,30,31,32,33,34,35
33,28,29,27,28,29,30,31,32,29,30,31,32,33,30,31,32,33,34,35
33,28,29,27,28,29,30,31,32,29,30,31,32,33,30,31,32,33,34,35
33,28,29,27,28,29,30,31,32,29,30,31,32,33,30,31,32,33,34,35
33,34,35,36,34,35,36,37,38,39,36,37,38,39,40,37,38,39,34,35
33,34,35,36,34,35,36,37,38,39,36,37,38,39,40,37,38,39,34,35
33,34,35,36,34,35,36,37,38,39,36,37,38,39,40,37,38,39,34,35
33,34,35,36,34,35,36,37,38,39,36,37,38,39,40,37,38,39,34,35
33,34,35,36,34,35,36,37,38,39,36,37,38,39,40,37,38,39,34,35
33,34,35,36,34,35,36,37,38,39,36,37,38,39,40,37,38,39,34,35
33,34,35,36,34,35,36,37,38,39,36,37,38,39,40,37,38,39,34,35
33,34,35,36,34,35,36,37,38,39,36,37,38,39,40,37,38,39,34,35
33,34,35,36,34,35,36,37,38,39,36,37,38,39,40,37,38,39,34,35
33,34,35,36,34,35,36,37,38,39,36,37,38,39,40,37,38,39,34,35
33,34,35,36,34,35,36,37,38,39,36,37,38,39,40,37,38,39,34,35
33,34,35,36,34,35,36,37,38,39,36,37,38,39,40,37,38,39,34,35
33,34,35,36,34,35,36,37,38,39,36,37,38,39,40,37,38,39,34,35
33,34,35,36,34,35,36,37,38,39,36,37,38,39,40,37,38,39,34,35
33,34,35,36,34,35,36,37,38,39,36,37,38,39,40,37,38,39,34,35
33,34,35,36,34,35,36,37,38,39,36,37,38,39,40,37,38,39,34,35
40,34,35,36,34,35,36,37,38,39,36,37,38,39,40,37,38,39,34,35
40,34,35,36,34,35,36,37,38,39,36,37,38,39,40,37,38,39,34,35
40,34,35,36,34,35,36,37,38,39,36,37,38,39,40,37,38,39,34,35
40,34,35,36,34,35,36,37,38,39,36,37,38,39,40,37,38,39,34,35
40,34,35,36,34,35,36,37,38,39,36,37,38,39,40,37,38,39,34,35
40,34,35,36,34,35,36,37,38,39,36,37,38,39,40,37,38,39,34,35
40,34,35,36,34,35,36,37,38,39,36,37,38,39,40,37,38,39,34,35
40,34,35,36,34,35,36,37,38,39,36,37,38,39,40,37,38,39,34,35
40,34,35,36,34,35,36,37,38,39,36,37,38,39,40,37,38,39,34,35
40,34,35,36,34,35,36,37,38,39,36,37,38,39,40,37,38,39,34,35
40,34,35,36,34,35,36,37,38,39,36,37,38,39,40,37,38,39,34,35
40,34,35,36,34,35,36,37,38,39,36,37,38,39,40,37,38,39,34,35
40,34,35,36,34,35,36,37,38,39,36,37,38,39,40,37,38,39,34,35
40,34,35,36,34,35,36,37,38,39,36,37,38,39,40,37,38,39,34,35
40,34,35,36,34,35,36,37,38,39,36,37,38,39,40,37,38,39,34,35
40,34,35,36,34,35,36,37,38,39,36,37,38,39,40,37,38,39,34,35
40,34,35,36,34,35,36,37,38,39,36,37,38,39,40,37,38,39,34,35
40,34,35,36,34,35,36,37,38,39,36,37,38,39,40,37,38,39,34,35
40,34,35,36,34,35,36,37,38,39,36,37,38,39,40,37,38,39,40,41
40,34,35,36,34,35,36,37,38,39,36,37,38,39,40,37,38,39,40,41
40,34,35,36,34,35,36,37,38,39,36,37,38,39,40,37,38,39,40,41
40,34,35,36,34,35,36,37,38,39,36,37,38,39,40,37,38,39,40,41
40,34,35,36,34,35,36,37,38,39,36,37,38,39,40,37,38,39,40,41
40,34,35,36,34,35,36,37,38,39,36,37,38,39,40,37,38,39,40,41
40,34,35,36,34,35,36,37,38,39,36,37,38,39,40,37,38,39,40,41
40,34,35,36,34,35,36,37,38,39,36,37,38,39,40,37,38,39,40,41
40,34,35,36,34,35,36,37,38,39,36,37,38,39,40,37,38,39,40,41
40,34,35,36,34,35,36,37,38,39,36,37,38,39,40,37,38,39,40,41
40,34,35,36,34,35,36,37,38,39,36,37,38,39,40,37,38,39,40,41
40,34,35,36,34,35,36,37,38,39,36,37,38,39,40,37,38,39,40,41
40,41,42,43,41,42,43,44,45,42,43,44,45,46,46,44,45,46,40,41
40,41,42,43,41,42,43,44,45,42,43,44,45,46,46,44,45,46,40,41
40,41,42,43,41,42,43,44,45,42,43,44,45,46,46,44,45,46,40,41
40,41,42,43,41,42,43,44,45,42,43,44,45,46,46,44,45,46,40,41
40,41,42,43,41,42,43,44,45,42,43,44,45,46,46,44,45,46,40,41
40,41,42,43,41,42,43,44,45,42,43,44,45,46,46,44,45,46,40,41
40,41,42,43,41,42,43,44,45,42,43,44,45,46,46,44,45,46,40,41
40,41,42,43,41,42,43,44,45,42,43,44,45,46,46,44,45,46,40,41
40,41,42,43,41,42,43,44,45,42,43,44,45,46,46,44,45,46,40,41
40,41,42,43,41,42,43,44,45,42,43,44,45,46,46,44,45,46,40,41
40,41,42,43,41,42,43,44,45,42,43,44,45,46,46,44,45,46,40,41
47,41,42,43,41,42,43,44,45,42,43,44,45,46,46,44,45,46,40,41
47,41,42,43,41,42,43,44,45,42,43,44,45,46,46,44,45,46,40,41
47,41,42,43,41,42,43,44,45,42,43,44,45,46,46,44,45,46,40,41
47,41,42,43,41,42,43,44,45,42,43,44,45,46,46,44,45,46,40,41
47,41,42,43,41,42,43,44,45,42,43,44,45,46,46,44,45,46,40,41
47,41,42,43,41,42,43,44,45,42,43,44,45,46,46,44,45,46,40,41
47,41,42,43,41,42,43,44,45,42,43,44,45,46,46,44,45,46,40,41
47,41,42,43,41,42,43,44,45,42,43,44,45,46,46,44,45,46,40,41
47,41,42,43,41,42,43,44,45,42,43,44,45,46,46,44,45,46,40,41
47,41,42,43,41,42,43,44,45,42,43,44,45,46,46,44,45,46,40,41
47,41,42,43,41,42,43,44,45,42,43,44,45,46,46,44,45,46,40,41
47,41,42,43,41,42,43,44,45,42,43,44,45,46,46,44,45,46,40,41
47,41,42,43,41,42,43,44,45,42,43,44,45,46,46,44,45,46,40,41
47,41,42,43,41,42,43,44,45,42,43,44,45,46,46,44,45,46,40,41
47,41,42,43,41,42,43,44,45,42,43,44,45,46,46,44,45,46,40,41
47,41,42,43,41,42,43,44,45,42,43,44,45,46,46,44,45,46,40,41
47,41,42,43,41,42,43,44,45,42,43,44,45,46,46,44,45,46,40,41
47,41,42,43,41,42,43,44,45,42,43,44,45,46,46,44,45,46,40,41
47,41,42,43,41,42,43,44,45,42,43,44,45,46,46,44,45,46,40,41
47,41,42,43,41,42,43,44,45,42,43,44,45,46,46,44,45,46,40,41
47,41,42,43,41,42,43,44,45,42,43,44,45,46,46,44,45,46,40,41
47,41,42,43,41,42,43,44,45,42,43,44,45,46,46,44,45,46,40,41
47,41,42,43,41,42,43,44,45,42,43,44,45,46,46,44,45,46,40,41
47,41,42,43,41,42,43,44,45,42,43,44,45,46,46,44,45,46,40,41
47,41,42,43,41,42,43,44,45,42,43,44,45,46,46,44,45,46,40,41
47,41,42,43,41,42,43,44,45,42,43,44,45,46,46,44,45,46,40,41
47,41,42,43,41,42,43,44,45,42,43,44,45,46,46,44,45,46,40,41
47,41,42,43,41,42,43,44,45,42,43,44,45,46,46,44,45,46,40,41
47,41,42,43,41,42,43,44,45,42,43,44,45,46,46,44,45,46,40,41
47,41,42,43,41,42,43,44,45,42,43,44,45,46,46,44,45,46,47,48
47,41,42,43,41,42,43,44,45,42,43,44,45,46,46,44,45,46,47,48
47,41,42,43,41,42,43,44,45,42,43,44,45,46,46,44,45,46,47,48
47,41,42,43,41,42,43,44,45,42,43,44,45,46,46,44,45,46,47,48
47,41,42,43,41,42,43,44,45,42,43,44,45,46,46,44,45,46,47,48
47,41,42,43,41,42,43,44,45,42,43,44,45,46,46,44,45,46,47,48
47,48,49,47,48,49,50,51,52,49,50,51,52,53,50,51,52,53,47,48
47,48,49,47,48,49,50,51,52,49,50,51,52,53,50,51,52,53,47,48
47,48,49,47,48,49,50,51,52,49,50,51,52,53,50,51,52,53,47,48
47,48,49,47,48,49,50,51,52,49,50,51,52,53,50,51,52,53,47,48
47,48,49,47,48,49,50,51,52,49,50,51,52,53,50,51,52,53,47,48
47,48,49,47,48,49,50,51,52,49,50,51,52,53,50,51,52,53,47,48
53,48,49,47,48,49,50,51,52,49,50,51,52,53,50,51,52,53,47,48
53,48,49,47,48,49,50,51,52,49,50,51,52,53,50,51,52,53,47,48
53,48,49,47,48,49,50,51,52,49,50,51,52,53,50,51,52,53,47,48
53,48,49,47,48,49,50,51,52,49,50,51,52,53,50,51,52,53,47,48
53,48,49,47,48,49,50,51,52,49,50,51,52,53,50,51,52,53,47,48
53,48,49,47,48,49,50,51,52,49,50,51,52,53,50,51,52,53,47,48
53,48,49,47,48,49,50,51,52,49,50,51,52,53,50,51,52,53,47,48
53,48,49,47,48,49,50,51,52,49,50,51,52,53,50,51,52,53,47,48
53,48,49,47,48,49,50,51,52,49,50,51,52,53,50,51,52,53,47,48
53,48,49,47,48,49,50,51,52,49,50,51,52,53,50,51,52,53,47,48
53,48,49,47,48,49,50,51,52,49,50,51,52,53,50,51,52,53,47,48
53,48,49,47,48,49,50,51,52,49,50,51,52,53,50,51,52,53,47,48
53,48,49,47,48,49,50,51,52,49,50,51,52,53,50,51,52,53,47,48
53,48,49,47,48,49,50,51,52,49,50,51,52,53,50,51,52,53,47,48
53,48,49,47,48,49,50,51,52,49,50,51,52,53,50,51,52,53,47,48
53,48,49,47,48,49,50,51,52,49,50,51,52,53,50,51,52,53,47,48
53,48,49,47,48,49,50,51,52,49,50,51,52,53,50,51,52,53,47,48
53,48,49,47,48,49,50,51,52,49,50,51,52,53,50,51,52,53,47,48
53,48,49,47,48,49,50,51,52,49,50,51,52,53,50,51,52,53,47,48
53,48,49,47,48,49,50,51,52,49,50,51,52,53,50,51,52,53,47,48
53,48,49,47,48,49,50,51,52,49,50,51,52,53,50,51,52,53,47,48
53,48,49,47,48,49,50,51,52,49,50,51,52,53,50,51,52,53,47,48
53,48,49,47,48,49,50,51,52,49,50,51,52,53,50,51,52,53,47,48
53,48,49,47,48,49,50,51,52,49,50,51,52,53,50,51,52,53,47,48
53,48,49,47,48,49,50,51,52,49,50,51,52,53,50,51,52,53,47,48
53,48,49,47,48,49,50,51,52,49,50,51,52,53,50,51,52,53,47,48
53,48,49,47,48,49,50,51,52,49,50,51,52,53,50,51,52,53,47,48
53,48,49,47,48,49,50,51,52,49,50,51,52,53,50,51,52,53,47,48
53,48,49,47,48,49,50,51,52,49,50,51,52,53,50,51,52,53,47,48
53,48,49,47,48,49,50,51,52,49,50,51,52,53,50,51,52,53,47,48
53,48,49,47,48,49,50,51,52,49,50,51,52,53,50,51,52,53,47,48
53,48,49,47,48,49,50,51,52,49,50,51,52,53,50,51,52,53,47,48
53,48,49,47,48,49,50,51,52,49,50,51,52,53,50,51,52,53,47,48
53,48,49,47,48,49,50,51,52,49,50,51,52,53,50,51,52,53,47,48
53,48,49,47,48,49,50,51,52,49,50,51,52,53,50,51,52,53,47,48
53,48,49,47,48,49,50,51,52,49,50,51,52,53,50,51,52,53,47,48
53,48,49,47,48,49,50,51,52,49,50,51,52,53,50,51,52,53,47,48
53,48,49,47,48,49,50,51,52,49,50,51,52,53,50,51,52,53,47,48
53,48,49,47,48,49,50,51,52,49,50,51,52,53,50,51,52,53,47,48
53,48,49,47,48,49,50,51,52,49,50,51,52,53,50,51,52,53,47,48