13,24,53,36,31,53,14,24,13,14,36,31,13,14,0,0,0,0,0,0
13,24,53,36,31,53,14,24,13,14,36,31,13,14,0,0,0,0,0,0
13,24,53,36,31,53,14,24,13,14,36,31,13,14,0,0,0,0,0,0
13,24,53,36,31,53,14,24,13,14,36,31,13,14,0,0,0,0,0,0
13,24,53,36,31,53,14,24,13,14,36,31,13,14,0,0,0,0,0,0
13,24,53,36,31,53,14,24,13,14,36,31,13,14,0,0,0,0,0,0
13,24,53,36,31,53,14,24,13,14,36,31,13,14,0,0,0,0,0,0
13,24,53,36,31,53,14,24,13,14,36,31,13,14,0,0,0,0,0,0
13,24,53,36,31,53,14,24,13,14,36,31,13,14,0,0,0,0,0,0
13,24,53,36,31,53,14,24,13,14,36,31,13,14,0,0,0,0,0,0
13,24,53,36,31,53,14,24,13,14,36,31,13,14,0,0,0,0,0,0
13,24,53,36,31,53,14,24,13,14,36,31,13,14,0,0,0,0,0,0
13,24,53,36,31,53,14,24,13,14,36,31,13,14,0,0,0,0,0,0
13,24,53,36,31,53,14,24,13,14,36,31,13,14,0,0,0,0,0,0
13,24,53,36,31,53,14,24,13,14,36,31,13,14,0,0,0,0,0,0
13,24,53,36,31,53,14,24,13,14,36,31,13,14,0,0,0,0,0,0
13,24,53,36,31,53,14,24,13,14,36,31,13,14,0,0,0,0,0,0
13,24,53,36,31,53,14,24,13,14,36,31,13,14,0,0,0,0,0,0
13,24,53,36,31,53,14,24,13,14,36,31,13,14,0,0,0,0,0,0
13,24,53,36,31,53,14,24,13,14,36,31,13,14,0,0,0,0,0,0
13,24,53,36,31,53,14,24,13,14,36,31,13,14,0,0,0,0,0,0
13,24,53,36,31,53,14,24,13,14,36,31,13,14,0,0,0,0,0,0
13,24,53,36,31,53,14,24,13,14,36,31,13,14,0,0,0,0,0,0
13,24,53,36,31,53,14,24,13,14,36,31,13,14,0,0,0,0,0,0
13,24,53,36,31,53,14,24,13,14,36,31,13,14,0,0,0,0,0,0
13,24,53,36,31,53,14,24,13,14,36,31,13,14,0,0,0,0,0,0
13,24,53,36,31,53,14,24,13,14,36,31,13,14,0,0,0,0,0,0
13,24,53,36,31,53,14,24,13,14,36,31,13,14,0,0,0,0,0,0
13,24,53,36,31,53,14,24,13,14,36,31,13,14,0,0,0,0,0,0
38,43,53,36,59,53,14,24,13,14,36,31,13,14,0,0,0,0,0,0
38,43,53,36,59,53,14,24,13,14,36,31,13,14,0,0,0,0,0,0
38,43,57,41,59,57,36,31,38,53,58,55,38,24,0,0,0,0,0,0
38,43,57,41,59,57,36,31,38,53,58,55,38,24,0,0,0,0,0,0
38,43,57,41,59,57,36,31,38,53,58,55,38,24,0,0,0,0,0,0
38,43,57,41,59,57,36,31,38,53,58,55,38,24,0,0,0,0,0,0
38,43,57,41,59,57,36,31,38,53,58,55,38,24,0,0,0,0,0,0
38,43,57,41,59,57,36,31,38,53,58,55,38,24,0,0,0,0,0,0
38,43,57,41,59,57,36,31,38,53,58,55,38,24,0,0,0,0,0,0
38,43,57,41,59,57,36,31,38,53,58,55,38,24,0,0,0,0,0,0
38,43,57,41,59,57,36,31,38,53,58,55,38,24,0,0,0,0,0,0
38,43,57,41,59,57,36,31,38,53,58,55,38,24,0,0,0,0,0,0
38,43,57,41,59,57,36,31,38,53,58,55,38,24,0,0,0,0,0,0
38,43,57,41,59,57,36,31,38,53,58,55,38,24,0,0,0,0,0,0
38,43,57,41,59,57,36,31,38,53,58,55,38,24,0,0,0,0,0,0
38,43,57,41,59,57,36,31,38,53,58,55,38,24,0,0,0,0,0,0
38,43,57,41,59,57,36,31,38,53,58,55,38,24,0,0,0,0,0,0
38,43,57,41,59,57,36,31,38,53,58,55,38,24,0,0,0,0,0,0
38,43,57,41,59,57,36,31,38,53,58,55,38,24,0,0,0,0,0,0
38,43,57,41,59,57,36,31,38,53,58,55,38,24,0,0,0,0,0,0
38,43,57,41,59,57,36,31,38,53,58,55,38,24,0,0,0,0,0,0
38,43,57,41,59,57,36,31,38,53,58,55,38,24,0,0,0,0,0,0
38,43,57,41,59,57,36,31,38,53,58,55,38,24,0,0,0,0,0,0
38,43,57,41,59,57,36,31,38,53,58,55,38,24,0,0,0,0,0,0
38,43,57,41,59,57,36,31,38,53,58,55,38,24,0,0,0,0,0,0
38,43,57,41,59,57,36,31,38,53,58,55,38,24,0,0,0,0,0,0
38,43,57,41,59,57,36,31,38,53,58,55,38,24,0,0,0,0,0,0
38,43,57,41,59,57,36,31,38,53,58,55,38,24,0,0,0,0,0,0
38,43,57,41,59,57,36,31,38,53,58,55,38,24,0,0,0,0,0,0
55,61,57,41,66,57,36,31,38,53,58,55,38,24,0,0,0,0,0,0
55,61,57,41,66,57,36,31,38,53,58,55,38,24,0,0,0,0,0,0
55,61,57,41,66,57,36,31,38,53,58,55,38,24,0,0,0,0,0,0
55,61,57,41,66,57,36,31,38,53,58,55,38,24,0,0,0,0,0,0
55,61,65,58,66,77,41,55,43,61,75,59,43,41,0,0,0,0,0,0
55,61,65,58,66,77,41,55,43,61,75,59,43,41,0,0,0,0,0,0
55,61,65,58,66,77,41,55,43,61,75,59,43,41,0,0,0,0,0,0
55,61,65,58,66,77,41,55,43,61,75,59,43,41,0,0,0,0,0,0
55,61,65,58,66,77,41,55,43,61,75,59,43,41,0,0,0,0,0,0
55,61,65,58,66,77,41,55,43,61,75,59,43,41,0,0,0,0,0,0
55,61,65,58,66,77,41,55,43,61,75,59,43,41,0,0,0,0,0,0
55,61,65,58,66,77,41,55,43,61,75,59,43,41,0,0,0,0,0,0
55,61,65,58,66,77,41,55,43,61,75,59,43,41,0,0,0,0,0,0
55,61,65,58,66,77,41,55,43,61,75,59,43,41,0,0,0,0,0,0
55,61,65,58,66,77,41,55,43,61,75,59,43,41,0,0,0,0,0,0
55,61,65,58,66,77,41,55,43,61,75,59,43,41,0,0,0,0,0,0
55,61,65,58,66,77,41,55,43,61,75,59,43,41,0,0,0,0,0,0
55,61,65,58,66,77,41,55,43,61,75,59,43,41,0,0,0,0,0,0
55,61,65,58,66,77,41,55,43,61,75,59,43,41,0,0,0,0,0,0
55,61,65,58,66,77,41,55,43,61,75,59,43,41,0,0,0,0,0,0
55,61,65,58,66,77,41,55,43,61,75,59,43,41,0,0,0,0,0,0
55,61,65,58,66,77,41,55,43,61,75,59,43,41,0,0,0,0,0,0
55,61,65,58,66,77,41,55,43,61,75,59,43,41,0,0,0,0,0,0
55,61,65,58,66,77,41,55,43,61,75,59,43,41,0,0,0,0,0,0
55,61,65,58,66,77,41,55,43,61,75,59,43,41,0,0,0,0,0,0
55,61,65,58,66,77,41,55,43,61,75,59,43,41,0,0,0,0,0,0
55,61,65,58,66,77,41,55,43,61,75,59,43,41,0,0,0,0,0,0
55,61,65,58,66,77,41,55,43,61,75,59,43,41,0,0,0,0,0,0
55,61,65,58,66,77,41,55,43,61,75,59,43,41,0,0,0,0,0,0
69,70,65,58,70,77,41,55,43,61,75,59,43,41,0,0,0,0,0,0
69,70,65,58,70,77,41,55,43,61,75,59,43,41,0,0,0,0,0,0
69,70,65,58,70,77,41,55,43,61,75,59,43,41,0,0,0,0,0,0
69,70,65,58,70,77,41,55,43,61,75,59,43,41,0,0,0,0,0,0
69,70,65,58,70,77,41,55,43,61,75,59,43,41,0,0,0,0,0,0
69,70,65,58,70,77,41,55,43,61,75,59,43,41,0,0,0,0,0,0
69,70,82,69,70,82,58,59,65,66,77,69,65,57,0,0,0,0,0,0
69,70,82,69,70,82,58,59,65,66,77,69,65,57,0,0,0,0,0,0
69,70,82,69,70,82,58,59,65,66,77,69,65,57,0,0,0,0,0,0
69,70,82,69,70,82,58,59,65,66,77,69,65,57,0,0,0,0,0,0
69,70,82,69,70,82,58,59,65,66,77,69,65,57,0,0,0,0,0,0
69,70,82,69,70,82,58,59,65,66,77,69,65,57,0,0,0,0,0,0
69,70,82,69,70,82,58,59,65,66,77,69,65,57,0,0,0,0,0,0
69,70,82,69,70,82,58,59,65,66,77,69,65,57,0,0,0,0,0,0
69,70,82,69,70,82,58,59,65,66,77,69,65,57,0,0,0,0,0,0
69,70,82,69,70,82,58,59,65,66,77,69,65,57,0,0,0,0,0,0
69,70,82,69,70,82,58,59,65,66,77,69,65,57,0,0,0,0,0,0
69,70,82,69,70,82,58,59,65,66,77,69,65,57,0,0,0,0,0,0
69,70,82,69,70,82,58,59,65,66,77,69,65,57,0,0,0,0,0,0
69,70,82,69,70,82,58,59,65,66,77,69,65,57,0,0,0,0,0,0
69,70,82,69,70,82,58,59,65,66,77,69,65,57,0,0,0,0,0,0
69,70,82,69,70,82,58,59,65,66,77,69,65,57,0,0,0,0,0,0
69,70,82,69,70,82,58,59,65,66,77,69,65,57,0,0,0,0,0,0
69,70,82,69,70,82,58,59,65,66,77,69,65,57,0,0,0,0,0,0
69,70,82,69,70,82,58,59,65,66,77,69,65,57,0,0,0,0,0,0
69,70,82,69,70,82,58,59,65,66,77,69,65,57,0,0,0,0,0,0
69,70,82,69,70,82,58,59,65,66,77,69,65,57,0,0,0,0,0,0
69,70,82,69,70,82,58,59,65,66,77,69,65,57,0,0,0,0,0,0
69,70,82,69,70,82,58,59,65,66,77,69,65,57,0,0,0,0,0,0
77,73,82,69,73,82,58,59,65,66,77,69,65,57,0,0,0,0,0,0
77,73,82,69,73,82,58,59,65,66,77,69,65,57,0,0,0,0,0,0
77,73,82,69,73,82,58,59,65,66,77,69,65,57,0,0,0,0,0,0
77,73,82,69,73,82,58,59,65,66,77,69,65,57,0,0,0,0,0,0
77,73,82,69,73,82,58,59,65,66,77,69,65,57,0,0,0,0,0,0
77,73,82,69,73,82,58,59,65,66,77,69,65,57,0,0,0,0,0,0
77,73,82,69,73,82,58,59,65,66,77,69,65,57,0,0,0,0,0,0
77,73,82,69,73,82,58,59,65,66,77,69,65,57,0,0,0,0,0,0
77,73,94,75,73,89,75,78,70,73,83,76,86,61,0,0,0,0,0,0
77,73,94,75,73,89,75,78,70,73,83,76,86,61,0,0,0,0,0,0
77,73,94,75,73,89,75,78,70,73,83,76,86,61,0,0,0,0,0,0
77,73,94,75,73,89,75,78,70,73,83,76,86,61,0,0,0,0,0,0
77,73,94,75,73,89,75,78,70,73,83,76,86,61,0,0,0,0,0,0
77,73,94,75,73,89,75,78,70,73,83,76,86,61,0,0,0,0,0,0
77,73,94,75,73,89,75,78,70,73,83,76,86,61,0,0,0,0,0,0
77,73,94,75,73,89,75,78,70,73,83,76,86,61,0,0,0,0,0,0
77,73,94,75,73,89,75,78,70,73,83,76,86,61,0,0,0,0,0,0
77,73,94,75,73,89,75,78,70,73,83,76,86,61,0,0,0,0,0,0
77,73,94,75,73,89,75,78,70,73,83,76,86,61,0,0,0,0,0,0
77,73,94,75,73,89,75,78,70,73,83,76,86,61,0,0,0,0,0,0
77,73,94,75,73,89,75,78,70,73,83,76,86,61,0,0,0,0,0,0
77,73,94,75,73,89,75,78,70,73,83,76,86,61,0,0,0,0,0,0
77,73,94,75,73,89,75,78,70,73,83,76,86,61,0,0,0,0,0,0
77,73,94,75,73,89,75,78,70,73,83,76,86,61,0,0,0,0,0,0
77,73,94,75,73,89,75,78,70,73,83,76,86,61,0,0,0,0,0,0
77,73,94,75,73,89,75,78,70,73,83,76,86,61,0,0,0,0,0,0
77,73,94,75,73,89,75,78,70,73,83,76,86,61,0,0,0,0,0,0
77,73,94,75,73,89,75,78,70,73,83,76,86,61,0,0,0,0,0,0
84,76,94,75,76,89,75,78,70,73,83,76,86,61,0,0,0,0,0,0
84,76,94,75,76,89,75,78,70,73,83,76,86,61,0,0,0,0,0,0
84,76,94,75,76,89,75,78,70,73,83,76,86,61,0,0,0,0,0,0
84,76,94,75,76,89,75,78,70,73,83,76,86,61,0,0,0,0,0,0
84,76,94,75,76,89,75,78,70,73,83,76,86,61,0,0,0,0,0,0
84,76,94,75,76,89,75,78,70,73,83,76,86,61,0,0,0,0,0,0
84,76,94,75,76,89,75,78,70,73,83,76,86,61,0,0,0,0,0,0
84,76,94,75,76,89,75,78,70,73,83,76,86,61,0,0,0,0,0,0
84,76,94,75,76,89,75,78,70,73,83,76,86,61,0,0,0,0,0,0
84,76,94,75,76,89,75,78,70,73,83,76,86,61,0,0,0,0,0,0
84,76,94,75,76,89,75,78,70,73,83,76,86,61,0,0,0,0,0,0
84,76,95,83,76,94,83,84,86,82,91,78,88,66,0,0,0,0,0,0
84,76,95,83,76,94,83,84,86,82,91,78,88,66,0,0,0,0,0,0
84,76,95,83,76,94,83,84,86,82,91,78,88,66,0,0,0,0,0,0
84,76,95,83,76,94,83,84,86,82,91,78,88,66,0,0,0,0,0,0
84,76,95,83,76,94,83,84,86,82,91,78,88,66,0,0,0,0,0,0
84,76,95,83,76,94,83,84,86,82,91,78,88,66,0,0,0,0,0,0
84,76,95,83,76,94,83,84,86,82,91,78,88,66,0,0,0,0,0,0
84,76,95,83,76,94,83,84,86,82,91,78,88,66,0,0,0,0,0,0
84,76,95,83,76,94,83,84,86,82,91,78,88,66,0,0,0,0,0,0
84,76,95,83,76,94,83,84,86,82,91,78,88,66,0,0,0,0,0,0
84,76,95,83,76,94,83,84,86,82,91,78,88,66,0,0,0,0,0,0
84,76,95,83,76,94,83,84,86,82,91,78,88,66,0,0,0,0,0,0
84,76,95,83,76,94,83,84,86,82,91,78,88,66,0,0,0,0,0,0
84,76,95,83,76,94,83,84,86,82,91,78,88,66,0,0,0,0,0,0
84,76,95,83,76,94,83,84,86,82,91,78,88,66,0,0,0,0,0,0
84,76,95,83,76,94,83,84,86,82,91,78,88,66,0,0,0,0,0,0
84,76,95,83,76,94,83,84,86,82,91,78,88,66,0,0,0,0,0,0
90,78,95,83,81,94,83,84,86,82,91,78,88,66,0,0,0,0,0,0
90,78,95,83,81,94,83,84,86,82,91,78,88,66,0,0,0,0,0,0
90,78,95,83,81,94,83,84,86,82,91,78,88,66,0,0,0,0,0,0
90,78,95,83,81,94,83,84,86,82,91,78,88,66,0,0,0,0,0,0
90,78,95,83,81,94,83,84,86,82,91,78,88,66,0,0,0,0,0,0
90,78,95,83,81,94,83,84,86,82,91,78,88,66,0,0,0,0,0,0
90,78,95,83,81,94,83,84,86,82,91,78,88,66,0,0,0,0,0,0
90,78,95,83,81,94,83,84,86,82,91,78,88,66,0,0,0,0,0,0
90,78,95,83,81,94,83,84,86,82,91,78,88,66,0,0,0,0,0,0
90,78,95,83,81,94,83,84,86,82,91,78,88,66,0,0,0,0,0,0
90,78,95,83,81,94,83,84,86,82,91,78,88,66,0,0,0,0,0,0
90,78,95,83,81,94,83,84,86,82,91,78,88,66,0,0,0,0,0,0
90,78,95,83,81,94,83,84,86,82,91,78,88,66,0,0,0,0,0,0
90,78,95,83,81,94,83,84,86,82,91,78,88,66,0,0,0,0,0,0
90,78,97,84,81,97,91,92,88,94,95,92,89,81,0,0,0,0,0,0
90,78,97,84,81,97,91,92,88,94,95,92,89,81,0,0,0,0,0,0
90,78,97,84,81,97,91,92,88,94,95,92,89,81,0,0,0,0,0,0
90,78,97,84,81,97,91,92,88,94,95,92,89,81,0,0,0,0,0,0
90,78,97,84,81,97,91,92,88,94,95,92,89,81,0,0,0,0,0,0
90,78,97,84,81,97,91,92,88,94,95,92,89,81,0,0,0,0,0,0
90,78,97,84,81,97,91,92,88,94,95,92,89,81,0,0,0,0,0,0
90,78,97,84,81,97,91,92,88,94,95,92,89,81,0,0,0,0,0,0
90,78,97,84,81,97,91,92,88,94,95,92,89,81,0,0,0,0,0,0
90,78,97,84,81,97,91,92,88,94,95,92,89,81,0,0,0,0,0,0
90,78,97,84,81,97,91,92,88,94,95,92,89,81,0,0,0,0,0,0
90,78,97,84,81,97,91,92,88,94,95,92,89,81,0,0,0,0,0,0
90,78,97,84,81,97,91,92,88,94,95,92,89,81,0,0,0,0,0,0
90,78,97,84,81,97,91,92,88,94,95,92,89,81,0,0,0,0,0,0
91,81,97,84,88,97,91,92,88,94,95,92,89,81,0,0,0,0,0,0
91,81,97,84,88,97,91,92,88,94,95,92,89,81,0,0,0,0,0,0
91,81,97,84,88,97,91,92,88,94,95,92,89,81,0,0,0,0,0,0
91,81,97,84,88,97,91,92,88,94,95,92,89,81,0,0,0,0,0,0
91,81,97,84,88,97,91,92,88,94,95,92,89,81,0,0,0,0,0,0
91,81,97,84,88,97,91,92,88,94,95,92,89,81,0,0,0,0,0,0
91,81,97,84,88,97,91,92,88,94,95,92,89,81,0,0,0,0,0,0
91,81,97,84,88,97,91,92,88,94,95,92,89,81,0,0,0,0,0,0
91,81,97,84,88,97,91,92,88,94,95,92,89,81,0,0,0,0,0,0
91,81,97,84,88,97,91,92,88,94,95,92,89,81,0,0,0,0,0,0
91,81,97,84,88,97,91,92,88,94,95,92,89,81,0,0,0,0,0,0
91,81,97,84,88,97,91,92,88,94,95,92,89,81,0,0,0,0,0,0
91,81,97,84,88,97,91,92,88,94,95,92,89,81,0,0,0,0,0,0
91,81,97,84,88,97,91,92,88,94,95,92,89,81,0,0,0,0,0,0
91,81,97,84,88,97,91,92,88,94,95,92,89,81,0,0,0,0,0,0
91,81,97,84,88,97,91,92,88,94,95,92,89,81,0,0,0,0,0,0
91,81,97,84,88,97,91,92,88,94,95,92,89,81,0,0,0,0,0,0
91,81,99,90,88,101,95,93,89,99,103,93,90,97,0,0,0,0,0,0
91,81,99,90,88,101,95,93,89,99,103,93,90,97,0,0,0,0,0,0
91,81,99,90,88,101,95,93,89,99,103,93,90,97,0,0,0,0,0,0
91,81,99,90,88,101,95,93,89,99,103,93,90,97,0,0,0,0,0,0
91,81,99,90,88,101,95,93,89,99,103,93,90,97,0,0,0,0,0,0
91,81,99,90,88,101,95,93,89,99,103,93,90,97,0,0,0,0,0,0
91,81,99,90,88,101,95,93,89,99,103,93,90,97,0,0,0,0,0,0
91,81,99,90,88,101,95,93,89,99,103,93,90,97,0,0,0,0,0,0
91,81,99,90,88,101,95,93,89,99,103,93,90,97,0,0,0,0,0,0
91,81,99,90,88,101,95,93,89,99,103,93,90,97,0,0,0,0,0,0
91,81,99,90,88,101,95,93,89,99,103,93,90,97,0,0,0,0,0,0
92,86,99,90,93,101,95,93,89,99,103,93,90,97,0,0,0,0,0,0
92,86,99,90,93,101,95,93,89,99,103,93,90,97,0,0,0,0,0,0
92,86,99,90,93,101,95,93,89,99,103,93,90,97,0,0,0,0,0,0
92,86,99,90,93,101,95,93,89,99,103,93,90,97,0,0,0,0,0,0
92,86,99,90,93,101,95,93,89,99,103,93,90,97,0,0,0,0,0,0
92,86,99,90,93,101,95,93,89,99,103,93,90,97,0,0,0,0,0,0
92,86,99,90,93,101,95,93,89,99,103,93,90,97,0,0,0,0,0,0
92,86,99,90,93,101,95,93,89,99,103,93,90,97,0,0,0,0,0,0
92,86,99,90,93,101,95,93,89,99,103,93,90,97,0,0,0,0,0,0
92,86,99,90,93,101,95,93,89,99,103,93,90,97,0,0,0,0,0,0
92,86,99,90,93,101,95,93,89,99,103,93,90,97,0,0,0,0,0,0
92,86,99,90,93,101,95,93,89,99,103,93,90,97,0,0,0,0,0,0
92,86,99,90,93,101,95,93,89,99,103,93,90,97,0,0,0,0,0,0
92,86,99,90,93,101,95,93,89,99,103,93,90,97,0,0,0,0,0,0
92,86,99,90,93,101,95,93,89,99,103,93,90,97,0,0,0,0,0,0
92,86,99,90,93,101,95,93,89,99,103,93,90,97,0,0,0,0,0,0
92,86,99,90,93,101,95,93,89,99,103,93,90,97,0,0,0,0,0,0
92,86,99,90,93,101,95,93,89,99,103,93,90,97,0,0,0,0,0,0
92,86,99,90,93,101,95,93,89,99,103,93,90,97,0,0,0,0,0,0
92,86,99,90,93,101,95,93,89,99,103,93,90,97,0,0,0,0,0,0
92,86,101,103,93,105,103,100,104,101,111,100,104,99,0,0,0,0,0,0
92,86,101,103,93,105,103,100,104,101,111,100,104,99,0,0,0,0,0,0
92,86,101,103,93,105,103,100,104,101,111,100,104,99,0,0,0,0,0,0
92,86,101,103,93,105,103,100,104,101,111,100,104,99,0,0,0,0,0,0
92,86,101,103,93,105,103,100,104,101,111,100,104,99,0,0,0,0,0,0
92,86,101,103,93,105,103,100,104,101,111,100,104,99,0,0,0,0,0,0
92,86,101,103,93,105,103,100,104,101,111,100,104,99,0,0,0,0,0,0
92,86,101,103,93,105,103,100,104,101,111,100,104,99,0,0,0,0,0,0
100,109,101,103,104,105,103,100,104,101,111,100,104,99,0,0,0,0,0,0
100,109,101,103,104,105,103,100,104,101,111,100,104,99,0,0,0,0,0,0
100,109,101,103,104,105,103,100,104,101,111,100,104,99,0,0,0,0,0,0
100,109,101,103,104,105,103,100,104,101,111,100,104,99,0,0,0,0,0,0
100,109,101,103,104,105,103,100,104,101,111,100,104,99,0,0,0,0,0,0
100,109,101,103,104,105,103,100,104,101,111,100,104,99,0,0,0,0,0,0
100,109,101,103,104,105,103,100,104,101,111,100,104,99,0,0,0,0,0,0
100,109,101,103,104,105,103,100,104,101,111,100,104,99,0,0,0,0,0,0
100,109,101,103,104,105,103,100,104,101,111,100,104,99,0,0,0,0,0,0
100,109,101,103,104,105,103,100,104,101,111,100,104,99,0,0,0,0,0,0
100,109,101,103,104,105,103,100,104,101,111,100,104,99,0,0,0,0,0,0
100,109,101,103,104,105,103,100,104,101,111,100,104,99,0,0,0,0,0,0
100,109,101,103,104,105,103,100,104,101,111,100,104,99,0,0,0,0,0,0
100,109,101,103,104,105,103,100,104,101,111,100,104,99,0,0,0,0,0,0
100,109,101,103,104,105,103,100,104,101,111,100,104,99,0,0,0,0,0,0
100,109,101,103,104,105,103,100,104,101,111,100,104,99,0,0,0,0,0,0
100,109,101,103,104,105,103,100,104,101,111,100,104,99,0,0,0,0,0,0
100,109,101,103,104,105,103,100,104,101,111,100,104,99,0,0,0,0,0,0
100,109,101,103,104,105,103,100,104,101,111,100,104,99,0,0,0,0,0,0
100,109,101,103,104,105,103,100,104,101,111,100,104,99,0,0,0,0,0,0
100,109,101,103,104,105,103,100,104,101,111,100,104,99,0,0,0,0,0,0
100,109,101,103,104,105,103,100,104,101,111,100,104,99,0,0,0,0,0,0
100,109,108,106,104,108,111,106,105,108,112,106,105,109,0,0,0,0,0,0
100,109,108,106,104,108,111,106,105,108,112,106,105,109,0,0,0,0,0,0
100,109,108,106,104,108,111,106,105,108,112,106,105,109,0,0,0,0,0,0
100,109,108,106,104,108,111,106,105,108,112,106,105,109,0,0,0,0,0,0
100,109,108,106,104,108,111,106,105,108,112,106,105,109,0,0,0,0,0,0
100,109,108,106,104,108,111,106,105,108,112,106,105,109,0,0,0,0,0,0
107,113,108,106,116,108,111,106,105,108,112,106,105,109,0,0,0,0,0,0
107,113,108,106,116,108,111,106,105,108,112,106,105,109,0,0,0,0,0,0
107,113,108,106,116,108,111,106,105,108,112,106,105,109,0,0,0,0,0,0
107,113,108,106,116,108,111,106,105,108,112,106,105,109,0,0,0,0,0,0
107,113,108,106,116,108,111,106,105,108,112,106,105,109,0,0,0,0,0,0
107,113,108,106,116,108,111,106,105,108,112,106,105,109,0,0,0,0,0,0
107,113,108,106,116,108,111,106,105,108,112,106,105,109,0,0,0,0,0,0
107,113,108,106,116,108,111,106,105,108,112,106,105,109,0,0,0,0,0,0
107,113,108,106,116,108,111,106,105,108,112,106,105,109,0,0,0,0,0,0
107,113,108,106,116,108,111,106,105,108,112,106,105,109,0,0,0,0,0,0
107,113,108,106,116,108,111,106,105,108,112,106,105,109,0,0,0,0,0,0
107,113,108,106,116,108,111,106,105,108,112,106,105,109,0,0,0,0,0,0
107,113,108,106,116,108,111,106,105,108,112,106,105,109,0,0,0,0,0,0
107,113,108,106,116,108,111,106,105,108,112,106,105,109,0,0,0,0,0,0
107,113,108,106,116,108,111,106,105,108,112,106,105,109,0,0,0,0,0,0
107,113,108,106,116,108,111,106,105,108,112,106,105,109,0,0,0,0,0,0
107,113,108,106,116,108,111,106,105,108,112,106,105,109,0,0,0,0,0,0
107,113,108,106,116,108,111,106,105,108,112,106,105,109,0,0,0,0,0,0
107,113,108,106,116,108,111,106,105,108,112,106,105,109,0,0,0,0,0,0
107,113,108,106,116,108,111,106,105,108,112,106,105,109,0,0,0,0,0,0
107,113,108,106,116,108,111,106,105,108,112,106,105,109,0,0,0,0,0,0
107,113,108,106,116,108,111,106,105,108,112,106,105,109,0,0,0,0,0,0
107,113,108,106,116,108,111,106,105,108,112,106,105,109,0,0,0,0,0,0
107,113,108,106,116,108,111,106,105,108,112,106,105,109,0,0,0,0,0,0
107,113,110,112,116,110,112,107,113,109,114,107,113,117,0,0,0,0,0,0
107,113,110,112,116,110,112,107,113,109,114,107,113,117,0,0,0,0,0,0
107,113,110,112,116,110,112,107,113,109,114,107,113,117,0,0,0,0,0,0
107,113,110,112,116,110,112,107,113,109,114,107,113,117,0,0,0,0,0,0
111,117,110,112,117,110,112,107,113,109,114,107,113,117,0,0,0,0,0,0
111,117,110,112,117,110,112,107,113,109,114,107,113,117,0,0,0,0,0,0
111,117,110,112,117,110,112,107,113,109,114,107,113,117,0,0,0,0,0,0
111,117,110,112,117,110,112,107,113,109,114,107,113,117,0,0,0,0,0,0
111,117,110,112,117,110,112,107,113,109,114,107,113,117,0,0,0,0,0,0
111,117,110,112,117,110,112,107,113,109,114,107,113,117,0,0,0,0,0,0
111,117,110,112,117,110,112,107,113,109,114,107,113,117,0,0,0,0,0,0
111,117,110,112,117,110,112,107,113,109,114,107,113,117,0,0,0,0,0,0
111,117,110,112,117,110,112,107,113,109,114,107,113,117,0,0,0,0,0,0
111,117,110,112,117,110,112,107,113,109,114,107,113,117,0,0,0,0,0,0
111,117,110,112,117,110,112,107,113,109,114,107,113,117,0,0,0,0,0,0
111,117,110,112,117,110,112,107,113,109,114,107,113,117,0,0,0,0,0,0
111,117,110,112,117,110,112,107,113,109,114,107,113,117,0,0,0,0,0,0
111,117,110,112,117,110,112,107,113,109,114,107,113,117,0,0,0,0,0,0
111,117,110,112,117,110,112,107,113,109,114,107,113,117,0,0,0,0,0,0
111,117,110,112,117,110,112,107,113,109,114,107,113,117,0,0,0,0,0,0
111,117,110,112,117,110,112,107,113,109,114,107,113,117,0,0,0,0,0,0
111,117,110,112,117,110,112,107,113,109,114,107,113,117,0,0,0,0,0,0
111,117,110,112,117,110,112,107,113,109,114,107,113,117,0,0,0,0,0,0
111,117,110,112,117,110,112,107,113,109,114,107,113,117,0,0,0,0,0,0
111,117,110,112,117,110,112,107,113,109,114,107,113,117,0,0,0,0,0,0
111,117,110,112,117,110,112,107,113,109,114,107,113,117,0,0,0,0,0,0
111,117,110,112,117,110,112,107,113,109,114,107,113,117,0,0,0,0,0,0
111,117,110,112,117,110,112,107,113,109,114,107,113,117,0,0,0,0,0,0
111,117,110,112,117,110,112,107,113,109,114,107,113,117,0,0,0,0,0,0
111,117,110,112,117,110,112,107,113,109,114,107,113,117,0,0,0,0,0,0
111,117,114,115,117,114,115,116,118,110,115,116,118,119,0,0,0,0,0,0
111,117,114,115,117,114,115,116,118,110,115,116,118,119,0,0,0,0,0,0
118,119,114,115,119,114,115,116,118,110,115,116,118,119,0,0,0,0,0,0
118,119,114,115,119,114,115,116,118,110,115,116,118,119,0,0,0,0,0,0
118,119,114,115,119,114,115,116,118,110,115,116,118,119,0,0,0,0,0,0
118,119,114,115,119,114,115,116,118,110,115,116,118,119,0,0,0,0,0,0
118,119,114,115,119,114,115,116,118,110,115,116,118,119,0,0,0,0,0,0
118,119,114,115,119,114,115,116,118,110,115,116,118,119,0,0,0,0,0,0
118,119,114,115,119,114,115,116,118,110,115,116,118,119,0,0,0,0,0,0
118,119,114,115,119,114,115,116,118,110,115,116,118,119,0,0,0,0,0,0
118,119,114,115,119,114,115,116,118,110,115,116,118,119,0,0,0,0,0,0
118,119,114,115,119,114,115,116,118,110,115,116,118,119,0,0,0,0,0,0
118,119,114,115,119,114,115,116,118,110,115,116,118,119,0,0,0,0,0,0
118,119,114,115,119,114,115,116,118,110,115,116,118,119,0,0,0,0,0,0
118,119,114,115,119,114,115,116,118,110,115,116,118,119,0,0,0,0,0,0
118,119,114,115,119,114,115,116,118,110,115,116,118,119,0,0,0,0,0,0
118,119,114,115,119,114,115,116,118,110,115,116,118,119,0,0,0,0,0,0
118,119,114,115,119,114,115,116,118,110,115,116,118,119,0,0,0,0,0,0
118,119,114,115,119,114,115,116,118,110,115,116,118,119,0,0,0,0,0,0
118,119,114,115,119,114,115,116,118,110,115,116,118,119,0,0,0,0,0,0
118,119,114,115,119,114,115,116,118,110,115,116,118,119,0,0,0,0,0,0
118,119,114,115,119,114,115,116,118,110,115,116,118,119,0,0,0,0,0,0
118,119,114,115,119,114,115,116,118,110,115,116,118,119,0,0,0,0,0,0
118,119,114,115,119,114,115,116,118,110,115,116,118,119,0,0,0,0,0,0
118,119,114,115,119,114,115,116,118,110,115,116,118,119,0,0,0,0,0,0
118,119,114,115,119,114,115,116,118,110,115,116,118,119,0,0,0,0,0,0
118,119,114,115,119,114,115,116,118,110,115,116,118,119,0,0,0,0,0,0
118,119,114,115,119,114,115,116,118,110,115,116,118,119,0,0,0,0,0,0
118,119,114,115,119,114,115,116,118,110,115,116,118,119,0,0,0,0,0,0
118,119,114,115,119,114,115,116,118,110,115,116,118,119,0,0,0,0,0,0