107,409,48,107,960,114,776,831,596,713,429,0,1061,0,437,1068,0,833,704,0
107,409,48,107,960,114,776,831,596,713,429,0,1061,0,437,1068,0,833,704,0
107,409,48,107,931,114,786,1001,654,1084,429,114,1065,290,836,1068,909,1103,903,842
200,409,48,200,931,114,786,1001,654,1084,429,114,1065,290,836,1068,909,1103,903,842
200,409,48,200,428,114,1012,835,659,751,429,114,1066,290,949,1068,909,1072,460,0
200,409,48,200,428,114,1012,835,659,751,429,114,1066,290,949,1068,909,1072,460,0
236,409,48,236,1040,114,869,1048,728,704,429,114,1068,290,1002,1068,909,1085,912,0
236,409,48,236,1040,114,869,1048,728,704,429,114,1068,290,1002,1068,909,1085,912,0
236,409,48,236,963,114,1103,954,865,709,429,114,1068,290,698,1068,909,1087,334,558
253,409,48,253,963,114,1103,954,865,709,429,114,1068,290,698,1068,909,1087,334,558
253,409,48,253,355,114,646,558,494,1005,429,114,1068,290,963,1068,909,1091,355,595
253,409,48,253,355,114,646,558,494,1005,429,114,1068,290,963,1068,909,1091,355,595
317,409,48,317,640,114,797,355,777,1106,429,114,1068,290,1012,1068,909,1092,430,0
317,409,48,317,640,114,797,355,777,1106,429,114,1068,290,1012,1068,909,1092,430,0
317,409,48,317,790,114,850,815,1028,799,429,114,1068,290,741,1068,909,1094,787,640
353,409,48,353,790,114,850,815,1028,799,429,114,1068,290,741,1068,909,1094,787,640
353,409,48,353,595,988,986,449,1006,1065,746,114,1068,290,799,0,909,1105,797,0
353,409,48,353,595,988,986,449,1006,1065,746,114,1068,290,799,0,909,1105,797,0
380,409,48,380,762,988,1027,497,585,1073,898,988,1068,1027,0,754,0,746,918,810
380,409,48,380,762,988,1027,497,585,1073,898,988,1068,1027,0,754,0,746,918,810
380,409,48,380,1091,988,1028,746,662,1075,951,988,1068,1028,1014,758,0,821,1111,811
397,409,48,397,1091,988,1028,746,662,1075,951,988,1068,1028,1014,758,0,821,1111,811
397,409,48,397,830,988,1043,807,790,1087,751,988,0,1038,1111,765,114,1107,1111,811
397,706,48,397,830,988,1043,807,790,1087,751,988,0,1038,1111,765,114,1107,1111,811
403,706,48,403,807,988,1056,902,945,810,996,988,0,0,1111,919,114,751,1111,811
403,706,658,403,807,988,1056,902,945,810,996,988,0,0,1111,919,114,751,1111,811
403,706,658,403,1012,988,1038,751,894,818,759,988,0,0,1111,951,114,754,1111,811
404,706,658,404,1012,988,1038,751,894,818,759,988,0,0,1111,951,114,754,1111,811
404,706,658,404,1023,988,1040,754,1055,835,1014,988,0,0,1111,0,114,830,1111,811
404,706,658,404,1023,988,1040,754,1055,835,1014,988,0,0,1111,0,114,830,1111,811
423,706,658,423,659,988,1041,1067,913,903,0,988,760,0,1111,0,114,1097,1111,811
423,706,658,423,659,988,1041,1067,913,903,0,988,760,0,1111,0,114,1097,1111,811
423,706,658,423,430,998,1051,758,948,933,1005,988,776,0,1111,0,114,0,1111,811
434,706,658,434,430,998,1051,758,948,933,1005,988,776,0,1111,0,114,0,1111,811
434,706,658,434,713,1046,484,763,600,949,114,533,783,395,1111,289,114,834,1111,811
434,706,658,434,713,1046,484,763,600,949,114,533,783,395,1111,289,114,834,1111,811
442,706,658,442,993,1048,898,799,951,986,114,533,783,395,1111,289,114,728,818,1087
442,706,658,442,993,1048,898,799,951,986,114,533,783,395,1111,289,114,728,818,1087
442,706,658,442,328,1049,78,1061,683,1108,114,533,783,395,986,289,811,912,943,0
446,706,658,446,328,1049,78,1061,683,1108,114,533,783,395,986,289,811,912,943,0
446,706,658,446,1027,1101,78,1065,1083,797,114,533,783,395,988,289,811,765,290,0
446,706,658,446,1027,1101,78,1065,1083,797,114,533,783,395,988,289,811,765,290,0
453,706,658,453,763,1055,78,1066,813,616,114,533,783,395,988,289,811,596,290,0
453,706,658,453,763,1055,78,1066,813,616,114,533,783,395,988,289,811,596,290,0
453,706,658,453,777,1058,78,1077,828,1025,114,533,783,395,988,289,811,776,290,913
464,706,658,464,777,1058,78,1077,828,1025,114,533,783,395,988,289,811,776,290,913
464,778,658,464,600,1059,78,236,888,328,114,533,783,395,988,289,811,616,290,931
464,778,658,464,600,1059,78,236,888,328,114,533,783,395,988,289,811,616,290,931
469,778,658,469,662,1060,78,236,904,1037,114,533,783,395,988,289,811,0,290,948
469,778,658,469,662,1060,78,236,904,1037,114,533,783,395,988,289,811,0,290,948
469,778,827,469,334,1111,78,353,966,746,1027,289,811,853,988,0,811,913,290,0
475,778,827,475,334,1111,78,353,966,746,1027,289,811,853,988,0,811,913,290,0
475,778,827,475,876,1111,78,353,344,1047,1028,289,811,853,988,0,811,758,290,484
475,778,827,475,876,1111,78,353,344,1047,1028,289,811,853,988,0,811,758,290,484
489,778,827,489,912,1111,86,1071,344,640,1097,289,811,853,988,412,988,836,290,491
489,778,827,489,912,1111,86,1071,344,640,1097,289,811,853,988,412,988,836,290,491
489,778,827,489,723,1111,86,729,344,1050,0,289,811,853,48,412,988,626,491,497
493,778,827,493,723,1111,86,729,344,1050,0,289,811,853,48,412,988,626,491,497
493,778,827,493,894,1111,86,1073,344,626,1040,289,811,853,810,412,988,842,777,0
493,778,827,493,894,1111,86,1073,344,626,1040,289,811,853,810,412,988,842,777,0
498,778,827,498,976,1111,86,1074,344,971,1041,289,811,853,811,412,988,382,947,651
498,778,827,498,976,1111,86,1074,344,971,1041,289,811,853,811,412,988,382,947,651
498,778,827,498,815,1111,86,1075,344,1057,1106,289,811,853,811,412,988,1017,400,712
505,778,827,505,815,1111,86,1075,344,1057,1106,289,811,853,811,412,988,1017,400,712
505,778,827,505,558,1111,86,403,344,334,0,289,811,853,811,412,988,600,949,950
505,778,827,505,558,1111,86,403,344,334,0,289,811,853,811,412,988,600,949,950
518,778,827,518,765,1109,86,403,344,668,787,0,78,1051,811,412,988,904,449,0
518,778,827,518,765,1109,86,403,344,668,787,0,78,1051,811,412,988,904,449,0
518,778,827,518,626,1066,86,423,698,994,797,78,78,1098,811,412,988,629,492,429
520,780,827,520,626,1066,86,423,698,994,797,78,78,1098,811,412,988,629,492,429
520,780,827,520,492,1110,888,423,1042,1070,0,78,78,0,811,763,0,760,0,429
520,780,827,520,492,1110,888,434,1042,1070,0,78,78,0,811,763,0,760,0,429
523,780,827,523,898,1014,1092,434,1086,562,894,78,78,0,811,786,0,918,78,429
523,780,827,523,898,1014,1092,434,1086,562,894,78,78,0,811,786,0,918,78,429
523,780,827,523,400,1110,903,1076,515,564,0,78,78,0,811,850,0,430,78,429
556,780,832,556,400,1110,903,1076,515,564,0,78,78,0,811,850,0,430,78,429
556,780,832,556,484,618,1053,1058,931,564,1016,78,78,0,48,1017,0,662,78,429
556,780,832,556,484,618,1053,1058,931,564,1016,78,78,0,48,1017,0,662,78,429
592,780,832,592,1077,0,728,1059,938,564,729,78,78,0,712,0,0,938,78,429
592,780,832,592,1077,0,728,1059,938,564,729,78,78,0,712,0,0,938,78,429
592,780,832,592,1086,651,833,1060,976,564,1046,78,78,86,0,0,78,919,78,429
601,780,832,601,1086,651,833,1060,976,564,1046,78,78,86,0,0,78,919,78,429
601,780,832,601,437,663,861,446,731,564,1048,78,533,86,494,0,78,723,78,429
601,780,832,601,437,663,861,446,731,564,1048,78,533,86,494,0,78,723,78,429
610,780,832,610,643,683,913,446,979,564,1049,412,533,86,0,643,78,762,78,0
610,780,832,610,643,683,913,453,979,564,1049,412,533,86,0,643,78,762,78,0
610,780,832,610,382,954,143,453,1054,564,1055,412,533,86,114,0,78,976,78,86
621,780,832,621,382,954,143,453,1054,564,1055,412,533,86,114,0,78,976,78,86
621,780,832,621,1108,956,143,493,996,564,1056,412,533,86,114,0,78,0,888,86
621,780,832,621,1108,956,143,493,996,564,1056,412,533,86,114,0,78,0,888,86
624,780,832,624,1072,956,143,493,741,787,1081,412,533,86,114,0,78,1041,1001,86
624,780,832,624,1072,956,143,1078,741,787,1081,412,533,86,114,0,78,1041,1001,86
624,781,832,624,1051,956,143,971,1017,1090,1083,412,533,86,114,0,78,0,1005,86
633,781,832,633,1051,956,143,971,1017,1090,1083,412,533,86,114,0,78,0,1005,86
633,781,832,633,1001,956,143,1078,759,428,1108,412,533,86,114,0,78,328,0,86
633,781,832,633,1001,956,143,1078,759,428,1108,412,533,86,114,0,78,328,0,86
652,781,832,652,795,956,143,990,760,1101,0,412,533,344,114,0,86,917,651,86
652,781,832,652,795,956,143,990,760,1101,0,412,533,344,114,0,86,917,651,86
652,781,832,652,1094,956,143,993,1089,460,807,412,974,344,114,0,86,945,0,86
677,781,832,677,1094,956,143,993,1089,460,807,412,974,344,114,0,86,945,0,86
677,781,847,677,698,956,143,995,830,491,0,86,974,344,114,0,86,698,494,86
677,781,847,677,698,956,143,995,830,491,0,86,974,344,114,0,86,698,494,86
681,781,847,681,511,956,1072,998,1093,627,511,86,974,344,966,0,86,950,0,971
681,781,847,681,511,956,1072,998,1093,627,511,86,974,344,966,0,86,950,0,971
681,781,847,681,917,906,1081,556,382,1023,0,86,974,344,1046,492,86,0,143,974
687,781,847,687,917,906,1081,556,382,1023,0,86,974,344,1046,492,86,0,143,974
687,781,847,687,966,712,862,556,1095,1109,547,86,974,344,1049,833,86,428,143,974
687,781,847,687,966,712,862,493,1095,1109,547,86,974,344,1049,833,86,428,143,974
702,781,847,702,1074,0,917,668,561,866,777,86,974,344,0,946,86,966,143,974
702,781,847,702,1074,0,917,668,561,866,777,86,974,344,0,946,86,966,143,974
702,781,847,702,878,902,400,810,878,882,790,86,974,344,1056,1080,86,457,143,974
716,781,847,716,878,902,400,810,878,882,790,86,974,344,1056,1080,86,457,143,974
716,781,847,716,1041,0,919,818,1046,1110,813,86,974,909,48,1080,804,979,143,974
716,781,847,716,1041,0,919,818,1046,1110,813,86,974,909,48,1080,804,979,143,974
717,781,847,717,1002,1016,933,1002,1096,912,1111,86,1080,909,48,1080,804,344,143,974
717,803,847,717,1002,1016,933,1002,1096,912,1111,86,1080,909,48,1080,804,344,143,974
717,803,847,717,918,0,936,1015,1081,943,1111,853,1080,909,48,1080,804,344,143,974
719,803,847,719,918,0,936,1015,1081,943,1111,853,1080,909,48,1080,804,344,143,974
719,803,847,719,1083,561,289,1079,1082,1014,1111,853,1080,909,48,1080,804,344,143,974
719,803,847,719,1083,561,289,1079,1082,1014,1111,853,1080,909,48,1080,804,344,143,974
740,803,847,740,547,0,289,821,1099,107,1111,853,1080,909,48,1080,804,344,626,457
740,803,847,740,547,0,289,821,1099,107,1111,853,1080,909,48,1080,804,344,626,457
740,803,847,740,1005,907,289,1112,960,492,1111,853,1080,909,640,1080,804,344,646,0
742,803,847,742,1005,907,289,1112,960,492,1111,853,1080,909,640,1080,804,344,646,0
742,803,847,742,813,907,289,837,1107,1049,1111,853,1080,909,828,1080,804,344,786,600
742,803,896,742,813,907,289,837,1107,1049,1111,853,1080,909,828,1080,804,344,786,600
757,803,896,757,741,907,289,795,1100,107,1111,853,1080,909,894,0,804,344,993,0
757,803,896,757,741,907,289,795,1100,107,1111,853,1080,909,894,0,804,344,993,0
757,803,896,757,449,907,289,882,676,530,1111,853,1080,0,994,0,1080,344,1073,0
761,803,896,761,449,907,289,882,676,530,1111,853,1080,0,994,0,1080,344,1073,0
761,803,896,761,1038,907,289,616,712,762,0,853,0,0,0,0,1080,0,1074,659
761,803,896,761,1038,907,289,616,712,762,0,853,0,0,0,0,1080,0,1074,659
767,803,896,767,919,907,289,928,836,765,1073,909,0,143,804,0,1080,848,1075,723
767,803,896,767,919,907,289,928,836,765,1073,909,0,143,804,0,1080,848,1075,723
767,803,896,767,946,907,804,595,1102,918,1074,909,0,143,804,143,1080,0,1077,0
771,803,896,771,946,907,804,595,1102,918,1074,909,0,143,804,143,1080,0,1077,0
771,803,896,771,457,907,804,608,547,947,1075,909,564,143,804,143,1080,654,1082,0
771,803,896,771,457,907,804,608,547,947,1075,909,564,143,804,143,1080,654,1082,0
772,892,896,772,460,1084,804,848,869,1016,1077,909,564,143,804,143,1080,807,1084,0
772,892,896,772,460,1084,804,848,869,1016,1077,909,564,143,804,143,1080,807,1084,0
772,892,896,772,596,1037,804,1079,1104,107,1082,909,564,143,804,143,1080,815,0,976
782,892,896,782,596,1037,804,1079,1104,107,1082,909,564,143,804,143,1080,815,0,976
782,892,896,782,821,990,804,252,776,618,1084,909,564,143,804,143,1080,988,0,986
782,892,896,782,821,990,804,252,776,618,1084,909,564,143,804,143,1080,988,0,986
785,892,896,785,676,1087,804,252,876,783,0,909,564,143,804,143,515,988,0,990
785,892,896,785,676,1087,804,252,876,783,0,909,564,143,804,143,515,988,0,990
785,892,896,785,1043,1047,804,252,1104,783,0,909,564,143,804,143,579,988,1040,0
788,892,896,788,1043,1047,804,252,1104,783,0,909,564,143,804,143,579,988,1040,0
788,892,896,788,491,239,804,252,511,783,515,1038,564,1048,971,143,579,988,0,993
788,892,896,788,491,239,804,252,511,783,515,1038,564,1048,971,143,579,988,0,993
798,892,906,798,494,239,290,252,0,783,1023,0,564,1053,0,0,579,988,663,994
798,892,906,798,494,239,290,252,0,783,1023,0,564,1053,0,0,579,988,663,994
798,892,906,798,627,239,290,252,842,783,0,0,0,1106,974,395,579,988,917,995
800,892,906,800,627,239,290,252,842,783,0,0,0,1106,974,395,579,988,917,995
800,892,906,800,562,239,290,252,740,783,818,0,0,0,974,395,579,988,0,998
800,892,906,800,562,239,290,252,740,783,818,0,0,0,974,395,579,988,0,998
817,892,906,817,497,239,290,252,643,783,0,0,0,0,974,395,579,988,713,1012
817,892,906,817,497,239,290,252,643,783,0,0,0,0,974,395,579,988,713,1012
817,892,906,817,629,239,290,963,1091,783,627,0,0,0,974,395,579,995,1043,0
822,892,906,822,629,239,290,963,1091,783,627,0,0,0,974,395,579,995,1043,0
822,892,906,822,936,239,290,937,1092,761,0,0,0,0,974,395,579,0,0,936
822,924,906,822,936,239,290,937,1092,761,0,0,0,0,974,395,579,0,0,936
824,924,906,824,608,239,290,663,1094,270,0,0,412,0,974,395,783,334,0,1015
824,924,906,824,608,239,290,663,1094,270,0,0,412,0,974,395,783,334,0,1015
824,924,906,824,515,429,290,651,1097,270,909,732,412,537,974,395,783,0,799,1111
826,924,906,826,515,429,290,651,1097,270,909,732,412,537,974,395,783,0,799,1111
826,924,906,826,646,429,1082,669,1098,270,909,732,412,537,974,395,783,813,0,1111
826,924,906,826,646,429,1082,669,1098,270,909,732,412,537,974,395,783,813,0,1111
844,924,906,844,831,429,1006,669,1103,270,909,732,412,537,0,0,783,898,395,1111
844,924,906,844,831,429,1006,669,1103,270,909,732,412,537,0,0,783,898,395,1111
844,924,906,844,787,429,946,669,1105,270,909,732,412,537,0,0,783,0,395,1111
849,924,906,849,787,429,946,669,1105,270,909,732,412,537,0,0,783,0,395,1111
849,924,906,849,848,429,629,669,253,270,909,732,412,537,0,731,783,643,395,1111
849,924,906,849,848,429,629,669,253,270,909,732,412,537,0,731,783,643,395,1111
851,924,906,851,530,429,731,669,253,270,909,732,412,537,998,732,783,0,395,1111
851,924,953,851,530,429,731,669,253,270,909,732,412,537,998,732,783,0,395,1111
851,924,953,851,709,429,760,669,862,270,909,732,412,537,0,732,783,960,395,1111
860,924,953,860,709,429,760,669,862,270,909,732,412,537,0,732,783,960,395,1111
860,924,953,860,1053,429,834,669,0,395,909,732,732,537,629,732,732,963,395,1111
860,924,953,860,1053,429,834,669,0,395,909,732,732,537,629,732,732,963,395,1111
863,924,953,863,938,0,865,669,283,395,0,0,732,283,0,732,732,0,395,0
863,924,953,863,938,0,865,669,283,395,0,0,732,283,0,732,732,0,395,0
863,924,953,863,786,937,951,947,283,395,0,537,732,283,902,732,732,143,395,1103
868,924,953,868,786,937,951,947,283,395,0,537,732,283,902,732,732,143,395,1103
868,930,953,868,654,945,1097,950,283,395,954,537,732,283,0,732,732,143,0,0
868,930,953,868,654,945,1097,950,283,395,954,537,732,283,0,732,732,143,0,0
873,930,953,873,585,948,430,974,283,395,956,537,732,283,382,732,732,143,484,0
873,930,953,873,585,948,430,974,283,395,956,537,732,283,382,732,732,143,484,0
873,930,953,873,1015,950,969,974,283,395,956,537,732,283,0,732,732,143,709,0
877,930,953,877,1015,950,969,974,283,395,956,537,732,283,0,732,732,143,709,0
877,930,953,877,1056,994,437,974,283,395,956,537,732,283,904,0,732,143,990,662
877,930,953,877,1056,994,437,974,283,395,956,537,732,283,904,0,732,143,990,662
879,930,953,879,833,1106,457,974,283,395,956,537,732,283,0,859,732,143,0,728
879,930,953,879,833,1106,457,974,283,395,956,537,732,283,0,859,732,143,0,728
879,930,953,879,754,1050,866,974,283,811,956,537,0,283,618,859,954,143,0,1051
883,930,953,883,754,1050,866,974,283,811,956,537,0,283,618,859,954,143,0,1051
883,930,953,883,928,537,979,974,533,811,956,537,290,859,783,859,956,143,668,0
883,930,953,883,928,537,979,974,533,811,956,537,290,859,783,859,956,143,668,0
885,930,953,885,704,537,412,974,533,811,956,579,290,859,783,859,956,0,669,1053
885,930,953,885,704,537,412,974,533,811,956,579,290,859,783,859,956,0,669,1053
885,930,987,885,834,537,412,974,533,811,956,579,290,859,783,859,956,585,669,1059
895,930,987,895,834,537,412,974,533,811,956,579,290,859,783,859,956,585,669,1059
895,930,987,895,969,537,412,1068,533,811,0,579,290,859,783,859,956,0,669,1066
895,930,987,895,969,537,412,1068,533,811,0,579,290,859,783,859,956,0,669,1066
897,930,987,897,729,537,412,1068,533,811,585,579,290,859,783,859,956,595,669,1072
897,930,987,897,729,537,412,1068,533,811,585,579,290,859,783,859,956,595,669,1072
897,930,987,897,758,537,412,1068,533,811,646,579,290,859,783,859,956,0,669,1094
900,965,987,900,758,537,412,1068,533,811,646,579,290,859,783,859,956,0,669,1094
900,965,987,900,759,537,412,1068,533,811,0,579,290,859,783,0,956,608,669,0
900,965,987,900,759,537,412,1068,533,811,0,579,290,859,783,0,956,608,669,0
911,965,987,911,837,537,412,1068,533,859,0,579,290,859,783,0,956,683,669,0
911,965,987,911,837,537,412,1068,533,859,0,579,290,859,783,0,956,683,669,0
911,965,987,911,842,579,412,1068,853,859,867,579,344,669,48,0,0,0,669,0
914,965,987,914,842,579,412,1068,853,859,867,579,344,669,48,0,0,0,669,0
914,965,987,914,850,579,1085,1068,853,859,869,1058,344,669,400,669,0,731,1058,395
914,965,987,914,850,579,1085,1068,853,859,869,1058,344,669,400,669,0,731,1058,395
915,965,987,915,861,579,1017,1068,853,859,0,1059,344,669,928,669,0,1098,1060,395
915,965,987,915,861,579,1017,1068,853,859,0,1059,344,669,928,669,0,1098,1060,395
915,965,987,915,867,579,723,1080,853,859,878,1060,344,669,0,669,0,0,1081,395
916,965,987,916,867,579,723,1080,853,859,878,1060,344,669,0,669,0,0,1081,395
916,965,987,916,904,579,1105,1080,853,859,0,1068,344,669,564,669,0,1001,1083,395
916,965,987,916,904,579,1105,1080,853,859,0,1068,344,669,564,669,0,1001,1083,395
920,965,987,920,943,579,828,1080,853,859,0,1068,344,669,564,669,0,0,1086,395
920,965,987,920,943,579,828,1080,853,859,0,1068,344,669,564,669,0,0,1086,395
920,965,1025,920,949,579,836,1080,853,859,804,1068,344,669,564,669,859,741,0,395
923,965,1025,923,949,579,836,1080,853,859,804,1068,344,669,564,669,859,741,0,395
923,965,1025,923,1061,579,867,1080,853,107,804,1068,344,669,564,669,859,759,0,395
923,965,1025,923,1061,579,867,1080,853,107,804,1068,344,669,564,669,859,759,0,395
925,965,1025,925,995,732,1107,1080,380,107,804,1068,1108,956,564,669,859,0,0,395
925,965,1025,925,995,732,1107,1080,380,107,804,1068,1108,956,564,669,859,0,0,395
925,968,1025,925,996,732,1008,1080,380,200,804,1068,0,956,564,579,859,790,815,564
927,968,1025,927,996,732,1008,1080,380,200,804,1068,0,956,564,579,859,790,815,564
927,968,1025,927,1085,732,1008,1080,397,200,804,1068,0,956,564,579,859,0,902,564
927,968,1025,927,1085,732,1008,1080,397,200,804,1068,0,956,564,579,859,0,902,564
929,968,1025,929,1098,732,1008,592,397,317,804,1068,0,956,564,579,859,437,960,564
929,968,1025,929,1098,732,1008,592,397,317,804,1068,0,956,564,579,859,437,960,564
929,968,1025,929,409,732,1008,592,464,317,804,0,0,956,1023,579,859,763,969,564
935,968,1025,935,409,732,1008,601,464,317,804,0,0,956,1023,579,859,763,969,564
935,968,1025,935,409,732,1008,601,464,404,804,0,0,956,0,579,859,0,0,564
935,968,1025,935,409,732,1008,601,464,404,804,0,0,956,0,579,859,0,0,564
939,968,1025,939,409,732,1008,610,469,404,821,0,0,956,862,579,1068,497,608,564
939,968,1025,939,409,732,1008,610,469,404,821,0,0,956,862,579,1068,497,608,564
939,968,1025,939,409,732,1008,610,469,409,969,0,0,956,865,579,1068,533,831,564
941,968,1025,941,409,732,1008,624,469,409,969,0,0,956,865,579,1068,533,831,564
941,968,1025,941,409,909,1008,624,475,409,0,0,1008,654,867,579,1068,533,1016,564
941,968,1025,941,409,909,1008,624,475,409,0,0,1008,654,867,579,1068,533,1016,564
957,968,1025,957,409,909,48,633,475,442,562,859,1008,1006,0,804,1068,533,0,1061
957,968,1025,957,778,909,48,633,475,442,562,859,1008,1006,0,804,1068,533,0,1061
957,968,1037,957,778,909,48,633,498,442,0,859,1008,1008,882,804,1068,533,616,1065
959,968,1037,959,778,909,48,702,498,442,0,859,1008,1008,882,804,1068,533,616,1065
959,968,1037,959,778,909,48,702,498,489,903,859,1008,1008,931,804,1068,533,0,0
959,968,1037,959,778,909,48,702,498,489,903,859,1008,1008,931,804,1068,533,0,0
961,968,1037,961,778,909,48,767,505,489,0,859,1008,1008,48,804,1068,533,676,1085
961,1039,1037,961,778,909,48,767,505,489,0,859,1008,1008,48,804,1068,533,676,1085
961,1039,1037,961,778,909,48,767,505,658,683,859,1008,1008,848,804,1068,533,996,1105
962,1039,1037,962,778,909,48,772,505,658,683,859,1008,1008,848,804,1068,533,996,1105
962,1039,1037,962,778,909,48,772,518,658,830,859,1008,1008,876,804,0,533,0,0
962,1039,1037,962,778,909,48,772,518,658,830,859,1008,1008,876,804,0,533,0,0
967,1039,1037,967,780,909,48,785,518,677,933,859,1008,1008,0,804,537,0,0,0
967,1039,1037,967,780,909,48,785,518,677,933,859,1008,1008,0,804,537,0,0,0
967,1039,1037,967,780,658,48,785,520,677,0,859,537,1008,936,804,537,561,762,0
975,1039,1037,975,780,658,48,798,520,677,0,859,537,1008,936,804,537,561,762,0
975,1039,1037,975,780,658,48,798,520,687,835,1006,537,1008,0,290,537,562,0,668
975,1039,1037,975,780,658,48,798,520,687,835,1006,537,1008,0,290,537,562,0,668
977,1039,1037,977,780,658,48,800,523,687,1086,1080,537,0,355,290,537,0,828,669
977,1039,1037,977,780,658,48,800,523,687,1086,1080,537,0,355,290,537,0,828,669
977,1039,1037,977,780,658,48,800,523,706,0,1080,537,0,659,290,537,564,0,669
980,1039,1037,980,780,658,48,849,523,706,0,1080,537,0,659,290,537,564,0,669
980,1039,1037,980,781,706,48,849,621,706,0,1080,537,0,933,290,537,564,627,669
980,1039,1037,980,781,706,48,849,621,706,0,1080,537,0,933,290,537,564,627,669
981,1039,1037,981,781,706,48,860,621,717,663,1080,537,0,937,290,537,564,835,669
981,1039,1037,981,781,706,48,860,621,717,663,1080,537,0,937,290,537,564,835,669
981,1039,1050,981,781,706,48,860,652,717,837,1080,537,0,0,290,537,564,0,669
982,1039,1050,982,781,706,48,863,652,717,837,1080,537,0,0,290,537,564,0,669
982,1039,1050,982,781,706,48,863,652,742,0,1080,537,0,907,290,1008,564,239,669
982,1039,1050,982,781,706,48,863,652,742,0,1080,537,0,907,290,1008,564,239,669
984,1047,1050,984,781,827,48,868,681,742,289,1080,907,239,907,290,1008,564,239,669
984,1047,1050,984,781,827,48,868,681,742,289,1080,907,239,907,290,1008,564,239,669
984,1047,1050,984,803,827,48,868,681,761,289,1080,907,239,907,239,1008,564,239,669
985,1047,1050,985,803,827,48,873,681,761,289,1080,907,239,907,239,1008,564,239,669
985,1047,1050,985,803,827,48,873,716,761,289,974,907,239,907,239,1008,564,239,0
985,1047,1050,985,803,827,48,873,716,761,289,974,907,239,907,239,1008,564,239,0
997,1047,1050,997,803,827,48,877,716,778,289,974,907,239,907,239,1008,0,239,0
997,1047,1050,997,803,827,48,877,716,778,289,974,907,239,907,239,1008,0,239,0
997,1047,1050,997,803,832,48,877,719,778,289,974,907,239,907,239,1008,795,239,795
999,1047,1050,999,803,832,48,895,719,778,289,974,907,239,907,239,1008,795,239,795
999,1047,1050,999,803,832,48,895,719,780,289,974,907,239,907,239,1008,831,239,1107
999,1047,1050,999,803,832,48,895,719,780,289,974,907,239,907,239,1008,831,239,1107
1003,1047,1050,1003,892,832,48,897,740,780,289,974,907,239,907,239,1008,928,239,0
1003,1047,1050,1003,892,832,48,897,740,780,289,974,907,239,907,239,1008,928,239,0
1003,1047,1050,1003,892,832,48,897,740,781,289,974,907,239,938,239,0,0,0,0
1007,1047,1050,1007,892,832,48,900,740,781,289,974,907,239,938,239,0,0,0,0
1007,1047,1050,1007,892,847,48,900,757,781,561,974,579,1091,48,239,0,907,861,0
1007,1047,1050,1007,892,847,48,900,757,781,561,974,579,1091,48,239,0,907,861,0
1009,1047,1050,1009,892,847,48,914,757,782,937,974,579,1092,511,704,0,907,862,289
1009,1047,1050,1009,892,847,48,914,757,782,937,974,579,1092,511,704,0,907,862,289
1009,1047,1057,1009,892,847,48,914,771,782,0,460,579,0,945,729,0,907,0,289
1010,1047,1057,1010,892,847,48,915,771,803,0,460,579,0,945,729,0,907,0,289
1010,1047,1057,1010,924,847,48,915,771,803,0,1008,579,0,0,834,0,907,865,289
1010,1100,1057,1010,924,847,48,915,771,803,0,1008,579,0,0,834,0,907,865,289
1011,1100,1057,1011,924,896,48,927,788,817,596,1008,579,0,0,948,0,907,866,289
1011,1100,1057,1011,924,896,48,927,788,817,596,1008,579,0,0,948,0,907,866,289
1011,1100,1057,1011,924,896,48,927,788,817,850,1008,579,0,530,0,0,907,876,289
1020,1100,1057,1020,924,896,48,935,824,822,850,1008,579,0,530,0,0,907,876,289
1020,1100,1057,1020,924,896,48,935,824,822,0,1008,579,0,533,0,252,907,882,289
1020,1100,1057,1020,924,896,48,935,824,822,0,1008,579,0,533,0,252,907,882,289
1022,1100,1057,1022,924,896,48,941,826,827,676,1008,579,0,533,0,252,907,0,289
1022,1100,1057,1022,924,896,48,941,826,827,676,1008,579,0,533,0,252,907,0,289
1022,1100,1057,1022,930,906,48,941,826,827,713,1008,0,979,533,0,252,0,328,289
1024,1100,1057,1024,930,906,48,957,844,832,713,1008,0,979,533,0,252,0,328,289
1024,1100,1057,1024,930,906,48,957,844,832,943,1008,0,1055,533,252,252,530,0,239
1024,1100,1057,1024,930,906,48,957,844,832,943,1008,0,1055,533,252,252,530,0,239
1026,1100,1057,1026,930,906,48,961,851,847,1043,1008,0,0,533,252,252,1002,837,239
1026,1100,1057,1026,930,906,48,961,851,847,1043,1008,0,0,533,252,252,1002,837,239
1026,1100,1057,1026,930,906,48,961,851,847,0,956,0,0,533,252,252,1015,0,239
1029,1100,1057,1029,930,906,48,984,883,879,0,956,0,0,533,252,252,1015,0,239
1029,1100,1057,1029,930,953,48,984,883,879,0,956,0,0,533,252,252,0,0,239
1029,1100,1057,1029,930,953,48,984,883,879,0,956,0,0,533,252,252,0,0,239
1030,1100,1057,1030,965,953,48,985,892,885,709,956,0,0,533,252,252,547,428,239
1030,1100,1057,1030,965,953,48,985,892,885,709,956,0,0,533,252,252,547,428,239
1033,1100,1101,1033,965,953,48,985,892,885,947,956,0,0,0,252,853,558,429,239
1033,1100,1101,1033,965,953,48,999,923,896,947,956,0,0,0,252,853,558,429,239
1034,1104,1101,1034,965,953,48,999,923,896,0,956,0,0,861,252,853,0,429,239
1034,1104,1101,1034,965,953,48,999,923,896,0,956,0,0,861,252,853,0,429,239
1036,1104,1101,1036,965,987,48,1007,924,906,344,956,449,429,0,252,853,618,429,239
1036,1104,1101,1036,965,987,48,1007,924,906,344,956,449,429,0,252,853,618,429,239
1042,1104,1101,1042,965,987,48,1007,924,906,344,956,0,429,866,853,853,783,429,907
1042,1104,1101,1042,965,987,48,1009,925,911,344,956,0,429,866,853,853,783,429,907
1044,1104,1101,1044,968,987,48,1009,925,911,344,956,0,429,869,853,853,783,429,907
1044,1104,1101,1044,968,987,48,1009,925,911,344,956,0,429,869,853,853,783,429,907
1045,1104,1101,1045,968,987,48,1011,929,916,344,0,0,429,878,853,853,783,429,907
1045,1104,1101,1045,968,987,48,1011,929,916,344,0,0,429,878,853,853,783,429,907
1054,1104,1101,1054,968,1025,48,1011,929,916,344,0,0,429,888,853,853,783,429,907
1054,1104,1101,1054,968,1025,48,1024,930,920,344,0,0,429,888,853,853,783,429,907
1062,1104,1101,1062,968,1025,48,1024,930,920,344,0,0,429,946,853,853,783,429,907
1062,1104,1101,1062,968,1025,48,1024,930,920,344,0,0,429,946,853,853,783,429,907
1063,1104,1101,1063,968,1025,48,1029,939,953,344,0,0,429,48,853,270,783,0,907
1063,1104,1101,1063,968,1025,48,1029,939,953,344,0,0,429,48,853,270,783,0,907
1064,1104,1101,1064,1039,1025,48,1029,939,953,344,0,0,429,252,853,270,783,270,907
1064,1104,1101,1064,1039,1025,48,1030,959,962,344,0,0,429,252,853,270,783,270,907
1067,1104,1101,1067,1039,1037,48,1030,959,962,412,0,283,270,252,853,270,783,270,907
1067,1104,1101,1067,1039,1037,48,1030,959,962,412,0,283,270,252,853,270,783,270,907
1070,1104,1101,1070,1039,1037,48,1033,965,967,412,283,283,270,252,270,270,0,270,252
1070,1104,1101,1070,1039,1037,48,1033,965,967,412,283,283,270,252,270,270,0,270,252
1071,1104,1109,1071,1039,1037,48,1033,965,967,412,283,283,270,252,270,270,0,270,252
1071,1110,1109,1071,1039,1037,48,1034,975,968,412,283,283,270,252,270,270,0,270,252
1076,1110,1109,1076,1039,1037,48,1034,975,968,412,283,283,270,252,270,270,0,270,252
1076,1110,1109,1076,1039,1037,48,1034,975,968,412,283,283,270,252,270,270,0,270,252
1078,1110,1109,1078,1100,1047,48,1036,981,977,412,283,283,270,252,270,270,0,270,252
1078,1110,1109,1078,1100,1047,48,1036,981,977,412,283,283,270,252,270,270,0,270,252
1079,1110,1109,1079,1100,1047,48,1036,981,977,412,283,283,270,252,270,270,0,270,252
1079,1110,1109,1079,1100,1047,48,1044,1003,980,412,283,283,270,252,270,270,0,270,252
1089,1110,1109,1089,1100,1047,48,1044,1003,980,412,283,283,270,252,270,283,0,270,252
1089,1110,1109,1089,1100,1047,48,1044,1003,980,412,283,283,270,252,270,283,0,270,252
1090,1110,1109,1090,1100,1047,48,1045,1020,982,412,283,283,270,48,270,283,0,0,252
1090,1110,1109,1090,1100,1047,48,1045,1020,982,412,283,283,270,48,270,283,0,0,252
1093,1110,1109,1093,1100,1050,48,1045,1020,982,0,283,0,0,48,270,283,0,0,252
1093,1110,1109,1093,1100,1050,48,1062,1022,987,0,283,0,0,48,270,283,0,0,252
1095,1110,1109,1095,1104,1050,48,1062,1022,987,0,0,0,0,48,0,283,0,0,0
1095,1110,1109,1095,1104,1050,48,1062,1022,987,0,0,0,0,48,0,283,0,0,0
1096,1110,1109,1096,1104,1050,48,1063,1026,997,0,0,0,0,48,0,283,0,0,0
1096,1110,1109,1096,1104,1050,48,1063,1026,997,0,0,0,0,48,0,283,0,0,0
1099,1110,1109,1099,1104,1050,48,1063,1026,997,0,0,0,0,48,0,283,0,0,0
1099,1110,1109,1099,1104,1050,48,1064,1039,1010,0,0,0,0,48,0,283,0,0,0
1102,1110,1109,1102,1104,1057,48,1064,1039,1010,0,0,0,0,48,0,283,0,0,0
1102,1110,1109,1102,1104,1057,48,1064,1039,1010,0,0,0,0,48,0,283,0,0,0
1112,1110,1109,1112,1104,1057,48,0,0,0,0,0,0,0,48,0,283,0,0,0
1112,1110,1109,1112,1104,1057,48,0,0,0,0,0,0,0,48,0,283,0,0,0