55,68,146,55,93,146,68,52,62,130,68,52,94,93,103,52,94,84,55,144
55,68,146,55,93,146,68,52,62,130,68,52,94,93,103,52,94,84,55,144
55,68,146,55,93,146,68,52,62,130,68,52,94,93,103,52,94,84,55,144
55,68,146,55,93,146,68,52,62,130,68,52,94,93,103,52,94,84,55,144
55,68,146,55,93,146,68,52,62,130,68,52,94,93,103,52,94,84,55,144
55,68,146,55,93,146,68,52,62,130,68,52,94,93,103,52,94,84,55,144
84,93,151,91,168,151,100,84,168,130,100,62,152,93,103,52,152,84,55,144
84,93,151,91,168,151,100,84,168,132,100,62,152,94,107,62,152,91,131,177
84,93,151,91,168,151,100,84,168,132,100,62,152,94,107,62,152,91,131,177
84,93,151,91,168,151,100,84,168,132,100,62,152,94,107,62,152,91,131,177
84,93,151,91,168,151,100,84,168,132,100,62,152,94,107,62,152,91,131,177
84,93,151,91,168,151,100,84,168,132,100,62,152,94,107,62,152,91,131,177
91,168,171,100,188,171,107,101,188,132,107,101,177,94,107,62,180,91,131,177
91,168,171,100,188,171,107,101,188,132,107,101,177,94,107,62,180,91,131,177
91,168,171,100,188,171,107,101,188,146,107,101,177,103,131,101,180,103,209,191
91,168,171,100,188,171,107,101,188,146,107,101,177,103,131,101,180,103,209,191
91,168,171,100,188,171,107,101,188,146,107,101,177,103,131,101,180,103,209,191
91,168,171,100,188,171,107,101,188,146,107,101,177,103,131,101,180,103,209,191
131,188,189,150,198,189,144,172,193,146,144,172,192,103,131,101,192,103,209,191
131,188,189,150,198,189,144,172,193,146,144,172,192,103,131,101,192,103,209,191
131,188,189,150,198,189,144,172,193,151,144,172,192,130,142,175,192,130,223,232
131,188,189,150,198,189,144,172,193,151,144,172,192,130,142,175,192,130,223,232
131,188,189,150,198,189,144,172,193,151,144,172,192,130,142,175,192,130,223,232
131,188,189,150,198,189,144,172,193,151,144,172,192,130,142,175,192,130,223,232
194,198,236,172,233,236,150,175,200,151,150,175,194,130,142,175,194,130,223,232
194,198,236,172,233,236,150,175,200,151,150,175,194,130,142,175,194,130,223,232
194,198,236,172,233,236,150,175,200,163,150,175,194,132,209,177,194,132,233,235
194,198,236,172,233,236,150,175,200,163,150,175,194,132,209,177,194,132,233,235
194,198,236,172,233,236,150,175,200,163,150,175,194,132,209,177,194,132,233,235
194,198,236,172,233,236,150,175,200,163,150,175,194,132,209,177,194,132,233,235
202,233,259,200,270,259,234,180,202,163,180,191,226,132,209,177,202,132,233,235
202,233,259,200,270,259,234,180,202,163,180,191,226,132,209,177,202,132,233,235
202,233,259,200,270,259,234,180,202,171,180,191,226,142,234,191,202,142,234,257
202,233,259,200,270,259,234,180,202,171,180,191,226,142,234,191,202,142,234,257
202,233,259,200,270,259,234,180,202,171,180,191,226,142,234,191,202,142,234,257
202,233,259,200,270,259,234,180,202,171,180,191,226,142,234,191,202,142,234,257
209,265,309,223,278,309,242,192,226,171,242,193,230,142,234,191,226,142,234,257
209,265,309,223,278,309,242,192,226,171,242,193,230,142,234,191,226,142,234,257
209,265,309,223,278,309,242,192,226,189,242,193,230,152,265,193,226,163,265,264
209,265,309,223,278,309,242,192,226,189,242,193,230,152,265,193,226,163,265,264
209,265,309,223,278,309,242,192,226,189,242,193,230,152,265,193,226,163,265,264
209,265,309,223,278,309,242,192,226,189,242,193,230,152,265,193,226,163,265,264
223,275,312,242,311,312,297,206,230,189,272,198,232,152,265,193,230,163,265,264
223,275,312,242,311,312,297,206,230,189,272,198,232,152,265,193,230,163,265,264
223,275,312,242,311,312,297,206,230,208,272,198,232,163,266,200,230,208,266,275
223,275,312,242,311,312,297,206,230,208,272,198,232,163,266,200,230,208,266,275
223,275,312,242,311,312,297,206,230,208,272,198,232,163,266,200,230,208,266,275
223,275,312,242,311,312,297,206,230,208,272,198,232,163,266,200,230,208,266,275
264,311,321,302,320,321,306,229,290,208,297,206,264,163,266,200,235,208,266,275
264,311,321,302,320,321,306,229,290,208,297,206,264,163,266,200,235,208,266,275
264,311,321,302,320,321,306,229,290,236,297,206,264,208,274,206,235,270,274,282
264,311,321,302,320,321,306,229,290,236,297,206,264,208,274,206,235,270,274,282
264,311,321,302,320,321,306,229,290,236,297,206,264,208,274,206,235,270,274,282
264,311,321,302,320,321,306,229,290,236,297,206,264,208,274,206,235,270,274,282
266,320,340,306,331,340,314,243,300,236,302,229,290,208,274,206,290,270,274,282
266,320,340,306,331,340,314,243,300,236,302,229,290,208,274,206,290,270,274,282
266,320,340,306,331,340,314,243,300,259,302,229,290,232,281,229,290,272,302,312
266,320,340,306,331,340,314,243,300,259,302,229,290,232,281,229,290,272,302,312
266,320,340,306,331,340,314,243,300,259,302,229,290,232,281,229,290,272,302,312
266,320,340,306,331,340,314,243,300,259,302,229,290,232,281,229,290,272,302,312
274,331,341,314,332,341,322,257,324,259,306,243,300,232,281,229,300,272,302,312
274,331,341,314,332,341,322,257,324,259,306,243,300,232,281,229,300,272,302,312
274,331,341,314,332,341,322,257,324,316,306,243,300,235,297,243,300,281,318,320
274,331,341,314,332,341,322,257,324,316,306,243,300,235,297,243,300,281,318,320
274,331,341,314,332,341,322,257,324,316,306,243,300,235,297,243,300,281,318,320
274,331,341,314,332,341,322,257,324,316,306,243,300,235,297,243,300,281,318,320
282,332,347,322,339,347,371,270,328,316,314,257,324,235,297,243,324,281,318,320
282,332,347,322,339,347,371,270,328,316,314,257,324,235,297,243,324,281,318,320
282,332,347,322,339,347,371,270,328,321,314,257,324,272,309,275,324,301,319,331
282,332,347,322,339,347,371,270,328,321,314,257,324,272,309,275,324,301,319,331
282,332,347,322,339,347,371,270,328,321,314,257,324,272,309,275,324,301,319,331
282,332,347,322,339,347,371,270,328,321,314,257,324,272,309,275,324,301,319,331
301,339,350,326,369,350,377,278,330,321,322,278,328,272,309,275,328,301,319,331
301,339,350,326,369,350,377,278,330,321,322,278,328,272,309,275,328,301,319,331
301,339,350,326,369,350,377,278,330,340,322,278,328,281,318,282,328,303,326,339
301,339,350,326,369,350,377,278,330,340,322,278,328,281,318,282,328,303,326,339
301,339,350,326,369,350,377,278,330,340,322,278,328,281,318,282,328,303,326,339
301,339,350,326,369,350,377,278,330,340,322,278,328,281,318,282,328,303,326,339
303,370,357,336,382,357,383,288,332,340,371,288,330,281,318,282,330,303,326,339
303,370,357,336,382,357,383,288,332,340,371,288,330,281,318,282,330,303,326,339
303,370,357,336,382,357,383,288,332,341,371,288,330,301,319,288,330,311,335,376
303,370,357,336,382,357,383,288,332,341,371,288,330,301,319,288,330,311,335,376
303,370,357,336,382,357,383,288,332,341,371,288,330,301,319,288,330,311,335,376
303,370,357,336,382,357,383,288,332,341,371,288,330,301,319,288,330,311,335,376
318,382,366,338,417,366,397,299,337,341,377,299,336,301,319,288,336,311,335,376
318,382,366,338,417,366,397,299,337,341,377,299,336,301,319,288,336,311,335,376
318,382,366,338,417,366,397,299,337,347,377,299,336,303,325,299,336,316,338,382
318,382,366,338,417,366,397,299,337,347,377,299,336,303,325,299,336,316,338,382
318,382,366,338,417,366,397,299,337,347,377,299,336,303,325,299,336,316,338,382
318,382,366,338,417,366,397,299,337,347,377,299,336,303,325,299,336,316,338,382
319,417,367,377,455,367,402,307,344,347,397,307,337,303,325,299,337,316,338,382
319,417,367,377,455,367,402,307,344,347,397,307,337,303,325,299,337,316,338,382
319,417,367,377,455,367,402,307,344,350,397,307,337,316,335,307,337,325,374,386
319,417,367,377,455,367,402,307,344,350,397,307,337,316,335,307,337,325,374,386
319,417,367,377,455,367,402,307,344,350,397,307,337,316,335,307,337,325,374,386
319,417,367,377,455,367,402,307,344,350,397,307,337,316,335,307,337,325,374,386
326,455,371,393,462,370,408,323,352,350,402,323,344,316,335,307,344,325,374,386
326,455,371,393,462,370,408,323,352,350,402,323,344,316,335,307,344,325,374,386
326,455,371,393,462,370,408,323,352,357,402,323,344,325,356,323,344,345,380,403
326,455,371,393,462,370,408,323,352,357,402,323,344,325,356,323,344,345,380,403
326,455,371,393,462,370,408,323,352,357,402,323,344,325,356,323,344,345,380,403
326,455,371,393,462,370,408,323,352,357,402,323,344,325,356,323,344,345,380,403
335,462,376,402,479,376,410,343,360,357,408,343,352,325,356,323,352,345,380,403
335,462,376,402,479,376,410,343,360,357,408,343,352,325,356,323,352,345,380,403
335,462,376,402,479,376,410,343,360,366,408,343,352,345,374,343,352,356,393,406
335,462,376,402,479,376,410,343,360,366,408,343,352,345,374,343,352,356,393,406
335,462,376,402,479,376,410,343,360,366,408,343,352,345,374,343,352,356,393,406
335,462,376,402,479,376,410,343,360,366,408,343,352,345,374,343,352,356,393,406
338,479,388,410,480,388,421,372,369,366,410,372,360,345,374,343,360,356,393,406
338,479,388,410,480,388,421,372,369,366,410,372,360,345,374,343,360,356,393,406
338,479,388,410,480,388,421,372,369,367,410,372,360,356,380,372,360,400,416,409
338,479,388,410,480,388,421,372,369,367,410,372,360,356,380,372,360,400,416,409
338,479,388,410,480,388,421,372,369,367,410,372,360,356,380,372,360,400,416,409
338,479,388,410,480,388,421,372,369,367,410,372,360,356,380,372,360,400,416,409
345,480,403,421,484,403,422,378,384,367,421,378,373,356,380,372,373,400,416,409
345,480,403,421,484,403,422,378,384,367,421,378,373,356,380,372,373,400,416,409
345,480,403,421,484,403,422,378,384,370,421,378,373,373,397,378,373,415,418,414
345,480,403,421,484,403,422,378,384,370,421,378,373,373,397,378,373,415,418,414
345,480,403,421,484,403,422,378,384,370,421,378,373,373,397,378,373,415,418,414
345,480,403,421,484,403,422,378,384,370,421,378,373,373,397,378,373,415,418,414
369,484,404,422,491,404,425,390,399,370,422,390,384,373,397,378,384,415,418,414
369,484,404,422,491,404,425,390,399,370,422,390,384,373,397,378,384,415,418,414
369,484,404,422,491,404,425,390,399,383,422,390,384,383,408,386,384,429,430,417
369,484,404,422,491,404,425,390,399,383,422,390,384,383,408,386,384,429,430,417
369,484,404,422,491,404,425,390,399,383,422,390,384,383,408,386,384,429,430,417
369,484,404,422,491,404,425,390,399,383,422,390,384,383,408,386,384,429,430,417
374,491,406,425,492,406,435,412,413,383,425,412,399,383,408,386,399,429,430,417
374,491,406,425,492,406,435,412,413,383,425,412,399,383,408,386,399,429,430,417
374,491,406,425,492,406,435,412,413,388,425,412,399,400,416,390,399,442,461,455
374,491,406,425,492,406,435,412,413,388,425,412,399,400,416,390,399,442,461,455
374,491,406,425,492,406,435,412,413,388,425,412,399,400,416,390,399,442,461,455
374,491,406,425,492,406,435,412,413,388,425,412,399,400,416,390,399,442,461,455
380,492,407,430,496,407,447,445,418,388,435,445,413,400,416,390,413,442,461,455
380,492,407,430,496,407,447,445,418,388,435,445,413,400,416,390,413,442,461,455
380,492,407,430,496,407,447,445,418,404,435,445,413,415,429,412,413,446,469,462
380,492,407,430,496,407,447,445,418,404,435,445,413,415,429,412,413,446,469,462
380,492,407,430,496,407,447,445,418,404,435,445,413,415,429,412,413,446,469,462
380,492,407,430,496,407,447,445,418,404,435,445,413,415,429,412,413,446,469,462
386,496,409,447,504,409,464,458,426,404,447,458,418,415,429,412,426,446,469,462
386,496,409,447,504,409,464,458,426,404,447,458,418,415,429,412,426,446,469,462
386,496,409,447,504,409,464,458,426,407,447,458,418,429,435,445,426,450,479,472
386,496,409,447,504,409,464,458,426,407,447,458,418,429,435,445,426,450,479,472
386,496,409,447,504,409,464,458,426,407,447,458,418,429,435,445,426,450,479,472
386,496,409,447,504,409,464,458,426,407,447,458,418,429,435,445,426,450,479,472
393,504,414,452,514,414,469,474,428,407,464,474,426,429,435,445,428,450,479,472
393,504,414,452,514,414,469,474,428,407,464,474,426,429,435,445,428,450,479,472
393,504,414,452,514,414,469,474,428,415,464,474,426,442,446,458,428,452,483,480
393,504,414,452,514,414,469,474,428,415,464,474,426,442,446,458,428,452,483,480
393,504,414,452,514,414,469,474,428,415,464,474,426,442,446,458,428,452,483,480
393,504,414,452,514,414,469,474,428,415,464,474,426,442,446,458,428,452,483,480
400,514,420,461,515,420,473,488,465,415,469,483,428,442,446,458,465,452,483,480
400,514,420,461,515,420,473,488,465,415,469,483,428,442,446,458,465,452,483,480
400,514,420,461,515,420,473,488,465,420,469,483,428,446,464,474,465,470,495,484
400,514,420,461,515,420,473,488,465,420,469,483,428,446,464,474,465,470,495,484
400,514,420,461,515,420,473,488,465,420,469,483,428,446,464,474,465,470,495,484
400,514,420,461,515,420,473,488,465,420,469,483,428,446,464,474,465,470,495,484
416,519,456,473,519,456,481,489,468,420,473,488,465,446,464,474,468,470,495,484
416,519,456,473,519,456,481,489,468,420,473,488,465,446,464,474,468,470,495,484
416,519,456,473,519,456,481,489,468,442,473,488,465,450,481,488,468,478,503,491
416,519,456,473,519,456,481,489,468,442,473,488,465,450,481,488,468,478,503,491
416,519,456,473,519,456,481,489,468,442,473,488,465,450,481,488,468,478,503,491
416,519,456,473,519,456,481,489,468,442,473,488,465,450,481,488,468,478,503,491
430,530,472,481,538,472,482,510,475,442,482,489,468,450,481,488,475,478,503,491
430,530,472,481,538,472,482,510,475,442,482,489,468,450,481,488,475,478,503,491
430,530,472,481,538,472,482,510,475,450,482,489,468,470,482,489,475,490,531,492
430,530,472,481,538,472,482,510,475,450,482,489,468,470,482,489,475,490,531,492
430,530,472,481,538,472,482,510,475,450,482,489,468,470,482,489,475,490,531,492
430,530,472,481,538,472,482,510,475,450,482,489,468,470,482,489,475,490,531,492
452,538,485,486,544,485,486,545,477,450,486,501,475,470,482,489,477,490,531,492
452,538,485,486,544,485,486,545,477,450,486,501,475,470,482,489,477,490,531,492
452,538,485,486,544,485,486,545,477,456,486,501,475,478,494,501,477,494,535,496
452,538,485,486,544,485,486,545,477,456,486,501,475,478,494,501,477,494,535,496
452,538,485,486,544,485,486,545,477,456,486,501,475,478,494,501,477,494,535,496
452,538,485,486,544,485,486,545,477,456,486,501,475,478,494,501,477,494,535,496
461,539,505,495,554,505,516,546,501,456,516,510,477,478,494,501,511,494,535,496
461,539,505,495,554,505,516,546,501,456,516,510,477,478,494,501,511,494,535,496
461,539,505,495,554,505,516,546,501,478,516,510,477,490,503,510,511,504,546,505
461,539,505,495,554,505,516,546,501,478,516,510,477,490,503,510,511,504,546,505
461,539,505,495,554,505,516,546,501,478,516,510,477,490,503,510,511,504,546,505
461,539,505,495,554,505,516,546,501,478,516,510,477,490,503,510,511,504,546,505
470,559,509,521,559,509,521,554,511,478,521,542,511,490,503,510,536,504,546,505
470,559,509,521,559,509,521,554,511,478,521,542,511,490,503,510,536,504,546,505
470,559,509,521,559,509,521,554,511,485,521,542,511,494,516,542,536,507,547,509
470,559,509,521,559,509,521,554,511,485,521,542,511,494,516,542,536,507,547,509
470,559,509,521,559,509,521,554,511,485,521,542,511,494,516,542,536,507,547,509
470,559,509,521,559,509,521,554,511,485,521,542,511,494,516,542,536,507,547,509
483,570,520,527,570,520,526,564,515,485,526,545,515,494,516,542,544,507,547,509
483,570,520,527,570,520,526,564,515,485,526,545,515,494,516,542,544,507,547,509
483,570,520,527,570,520,526,564,515,507,526,545,515,507,528,545,544,512,556,514
483,570,520,527,570,520,526,564,515,507,526,545,515,507,528,545,544,512,556,514
483,570,520,527,570,520,526,564,515,507,526,545,515,507,528,545,544,512,556,514
483,570,520,527,570,520,526,564,515,507,526,545,515,507,528,545,544,512,556,514
490,578,526,532,578,528,527,574,528,507,535,546,527,507,528,545,551,512,556,514
490,578,526,532,578,528,527,574,528,507,535,546,527,507,528,545,551,512,556,514
490,578,526,532,578,528,527,574,528,512,535,546,527,512,533,548,551,530,568,519
490,578,526,532,578,528,527,574,528,512,535,546,527,512,533,548,551,530,568,519
490,578,526,532,578,528,527,574,528,512,535,546,527,512,533,548,551,530,568,519
490,578,526,532,578,528,527,574,528,512,535,546,527,512,533,548,551,530,568,519
495,584,531,548,584,530,531,581,532,512,540,554,532,512,533,548,559,530,568,519
495,584,531,548,584,530,531,581,532,512,540,554,532,512,533,548,559,530,568,519
495,584,531,548,584,530,531,581,532,520,540,554,532,533,535,557,559,533,569,536
495,584,531,548,584,530,531,581,532,520,540,554,532,533,535,557,559,533,569,536
495,584,531,548,584,530,531,581,532,520,540,554,532,533,535,557,559,533,569,536
495,584,531,548,584,530,531,581,532,520,540,554,532,533,535,557,559,533,569,536
503,591,540,553,603,540,550,600,538,520,550,565,544,533,535,557,566,533,569,536
503,591,540,553,603,540,550,600,538,520,550,565,544,533,535,557,566,533,569,536
503,591,540,553,603,540,550,600,538,534,550,565,544,534,547,565,566,534,577,557
503,591,540,553,603,540,550,600,538,534,550,565,544,534,547,565,566,534,577,557
503,591,540,553,603,540,550,600,538,534,550,565,544,534,547,565,566,534,577,557
503,591,540,553,603,540,550,600,538,534,550,565,544,534,547,565,566,534,577,557
548,603,542,561,608,555,551,606,547,534,553,574,551,534,547,565,575,534,577,557
548,603,542,561,608,555,551,606,547,534,553,574,551,534,547,565,575,534,577,557
548,603,542,561,608,555,551,606,547,539,553,574,551,536,550,574,575,539,584,570
548,603,542,561,608,555,551,606,547,539,553,574,551,536,550,574,575,539,584,570
548,603,542,561,608,555,551,606,547,539,553,574,551,536,550,574,575,539,584,570
548,603,542,561,608,555,551,606,547,539,553,574,551,536,550,574,575,539,584,570
557,608,552,564,609,560,553,615,552,539,561,581,552,536,550,574,582,539,584,570
557,608,552,564,609,560,553,615,552,539,561,581,552,536,550,574,582,539,584,570
557,608,552,564,609,560,553,615,552,556,561,581,552,555,556,581,582,560,591,578
557,608,552,564,609,560,553,615,552,556,561,581,552,555,556,581,582,560,591,578
557,608,552,564,609,560,553,615,552,556,561,581,552,555,556,581,582,560,591,578
557,608,552,564,609,560,553,615,552,556,561,581,552,555,556,581,582,560,591,578
564,609,560,572,620,571,561,622,555,556,572,586,566,555,556,581,588,560,591,578
564,609,560,572,620,571,561,622,555,556,572,586,566,555,556,581,588,560,591,578
564,609,560,572,620,571,561,622,555,566,572,586,566,588,568,586,588,594,596,585
564,609,560,572,620,571,561,622,555,566,572,586,566,588,568,586,588,594,596,585
564,609,560,572,620,571,561,622,555,566,572,586,566,588,568,586,588,594,596,585
564,609,560,572,620,571,561,622,555,566,572,586,566,588,568,586,588,594,596,585
568,620,571,577,632,579,572,628,565,566,580,600,575,588,568,586,601,594,596,585
568,620,571,577,632,579,572,628,565,566,580,600,575,588,568,586,601,594,596,585
568,620,571,577,632,579,572,628,565,571,580,600,575,594,569,600,601,603,604,586
568,620,571,577,632,579,572,628,565,571,580,600,575,594,569,600,601,603,604,586
568,620,571,577,632,579,572,628,565,571,580,600,575,594,569,600,601,603,604,586
568,620,571,577,632,579,572,628,565,571,580,600,575,594,569,600,601,603,604,586
569,632,579,596,633,585,580,647,575,571,606,607,582,594,569,600,616,603,604,586
569,632,579,596,633,585,580,647,575,571,606,607,582,594,569,600,616,603,604,586
569,632,579,596,633,585,580,647,575,579,606,607,582,601,580,607,616,611,608,601
569,632,579,596,633,585,580,647,575,579,606,607,582,601,580,607,616,611,608,601
569,632,579,596,633,585,580,647,575,579,606,607,582,601,580,607,616,611,608,601
569,632,579,596,633,585,580,647,575,579,606,607,582,601,580,607,616,611,608,601
577,633,585,605,640,590,605,653,582,579,614,615,588,601,580,607,625,611,608,601
577,633,585,605,640,590,605,653,582,579,614,615,588,601,580,607,625,611,608,601
577,633,585,605,640,590,605,653,582,590,614,615,588,611,594,615,625,617,609,605
577,633,585,605,640,590,605,653,582,590,614,615,588,611,594,615,625,617,609,605
577,633,585,605,640,590,605,653,582,590,614,615,588,611,594,615,625,617,609,605
577,633,585,605,640,590,605,653,582,590,614,615,588,611,594,615,625,617,609,605
596,638,590,614,642,592,614,657,607,590,621,622,616,611,594,615,637,617,609,605
596,638,590,614,642,592,614,657,607,590,621,622,616,611,594,615,637,617,609,605
596,638,590,614,642,592,614,657,607,591,621,622,616,617,606,622,637,630,619,613
596,638,590,614,642,592,614,657,607,591,621,622,616,617,606,622,637,630,619,613
596,638,590,614,642,592,614,657,607,591,621,622,616,617,606,622,637,630,619,613
596,638,590,614,642,592,614,657,607,591,621,622,616,617,606,622,637,630,619,613
611,642,592,621,643,598,621,658,616,591,627,628,625,617,606,622,648,630,619,613
611,642,592,621,643,598,621,658,616,591,627,628,625,617,606,622,648,630,619,613
611,642,592,621,643,598,621,658,616,592,627,628,625,630,619,628,648,638,631,620
611,642,592,621,643,598,621,658,616,592,627,628,625,630,619,628,648,638,631,620
611,642,592,621,643,598,621,658,616,592,627,628,625,630,619,628,648,638,631,620
611,642,592,621,643,598,621,658,616,592,627,628,625,630,619,628,648,638,631,620
619,643,598,627,652,604,627,664,625,592,635,647,637,630,619,628,654,638,631,620
619,643,598,627,652,604,627,664,625,592,635,647,637,630,619,628,654,638,631,620
619,643,598,627,652,604,627,664,625,598,635,647,637,638,630,647,654,641,639,632
619,643,598,627,652,604,627,664,625,598,635,647,637,638,630,647,654,641,639,632
619,643,598,627,652,604,627,664,625,598,635,647,637,638,630,647,654,641,639,632
619,643,598,627,652,604,627,664,625,598,635,647,637,638,630,647,654,641,639,632
631,652,604,631,665,613,635,677,637,598,640,653,648,638,630,647,659,641,639,632
631,652,604,631,665,613,635,677,637,598,640,653,648,638,630,647,659,641,639,632
631,652,604,631,665,613,635,677,637,617,640,653,648,641,635,653,659,649,643,633
631,652,604,631,665,613,635,677,637,617,640,653,648,641,635,653,659,649,643,633
631,652,604,631,665,613,635,677,637,617,640,653,648,641,635,653,659,649,643,633
631,652,604,631,665,613,635,677,637,617,640,653,648,641,635,653,659,649,643,633
641,666,613,639,666,624,639,678,648,617,646,657,654,641,635,653,668,649,643,633
641,666,613,639,666,624,639,678,648,617,646,657,654,641,635,653,668,649,643,633
641,666,613,639,666,624,639,678,648,624,646,657,654,649,640,657,668,650,651,642
641,666,613,639,666,624,639,678,648,624,646,657,654,649,640,657,668,650,651,642
641,666,613,639,666,624,639,678,648,624,646,657,654,649,640,657,668,650,651,642
641,666,613,639,666,624,639,678,648,624,646,657,654,649,640,657,668,650,651,642
649,667,624,646,667,626,646,685,654,624,656,658,659,649,640,657,669,650,651,642
649,667,624,646,667,626,646,685,654,624,656,658,659,649,640,657,669,650,651,642
649,667,624,646,667,626,646,685,654,626,656,658,659,650,651,658,669,660,661,644
649,667,624,646,667,626,646,685,654,626,656,658,659,650,651,658,669,660,661,644
649,667,624,646,667,626,646,685,654,626,656,658,659,650,651,658,669,660,661,644
649,667,624,646,667,626,646,685,654,626,656,658,659,650,651,658,669,660,661,644
651,670,626,656,670,634,656,694,659,626,690,664,667,650,651,658,681,660,661,644
651,670,626,656,670,634,656,694,659,626,690,664,667,650,651,658,681,660,661,644
651,670,626,656,670,634,656,694,659,634,690,664,667,660,660,664,681,671,672,652
651,670,626,656,670,634,656,694,659,634,690,664,667,660,660,664,681,671,672,652
651,670,626,656,670,634,656,694,659,634,690,664,667,660,660,664,681,671,672,652
651,670,626,656,670,634,656,694,659,634,690,664,667,660,660,664,681,671,672,652
661,672,634,661,671,644,668,700,665,634,691,675,679,660,660,664,684,671,672,652
661,672,634,661,671,644,668,700,665,634,691,675,679,660,660,664,684,671,672,652
661,672,634,661,671,644,668,700,665,645,691,675,679,669,670,676,684,680,677,665
661,672,634,661,671,644,668,700,665,645,691,675,679,669,670,676,684,680,677,665
661,672,634,661,671,644,668,700,665,645,691,675,679,669,670,676,684,680,677,665
661,672,634,661,671,644,668,700,665,645,691,675,679,669,670,676,684,680,677,665
671,675,644,678,675,645,673,706,666,645,697,678,681,669,670,676,686,680,677,665
671,675,644,678,675,645,673,706,666,645,697,678,681,669,670,676,686,680,677,665
671,675,644,678,675,645,673,706,666,650,697,678,681,680,701,683,686,696,682,669
671,675,644,678,675,645,673,706,666,650,697,678,681,680,701,683,686,696,682,669
671,675,644,678,675,645,673,706,666,650,697,678,681,680,701,683,686,696,682,669
671,675,644,678,675,645,673,706,666,650,697,678,681,680,701,683,686,696,682,669
677,676,645,682,679,655,690,711,679,650,698,685,684,680,701,683,688,696,682,669
677,676,645,682,679,655,690,711,679,650,698,685,684,680,701,683,688,696,682,669
677,676,645,682,679,655,690,711,679,655,698,685,684,688,702,685,688,698,689,673
677,676,645,682,679,655,690,711,679,655,698,685,684,688,702,685,688,698,689,673
677,676,645,682,679,655,690,711,679,655,698,685,684,688,702,685,688,698,689,673
677,676,645,682,679,655,690,711,679,655,698,685,684,688,702,685,688,698,689,673
682,686,655,690,686,662,692,712,681,655,705,694,695,688,702,685,697,698,689,673
682,686,655,690,686,662,692,712,681,655,705,694,695,688,702,685,697,698,689,673
682,686,655,690,686,662,692,712,681,662,705,694,695,696,710,699,697,702,691,676
682,686,655,690,686,662,692,712,681,662,705,694,695,696,710,699,697,702,691,676
682,686,655,690,686,662,692,712,681,662,705,694,695,696,710,699,697,702,691,676
682,686,655,690,686,662,692,712,681,662,705,694,695,696,710,699,697,702,691,676
683,691,662,692,694,663,705,713,684,662,709,700,699,696,710,699,703,702,691,676
683,691,662,692,694,663,705,713,684,662,709,700,699,696,710,699,703,702,691,676
683,691,662,692,694,663,705,713,684,663,709,700,699,698,715,700,703,710,701,683
683,691,662,692,694,663,705,713,684,663,709,700,699,698,715,700,703,710,701,683
683,691,662,692,694,663,705,713,684,663,709,700,699,698,715,700,703,710,701,683
683,691,662,692,694,663,705,713,684,663,709,700,699,698,715,700,703,710,701,683
701,703,663,705,703,672,709,715,695,663,715,706,707,698,715,700,707,710,701,683
701,703,663,705,703,672,709,715,695,663,715,706,707,698,715,700,707,710,701,683
701,703,663,705,703,672,709,715,695,668,715,706,707,702,718,706,707,719,714,688
701,703,663,705,703,672,709,715,695,668,715,706,707,702,718,706,707,719,714,688
701,703,663,705,703,672,709,715,695,668,715,706,707,702,718,706,707,719,714,688
701,703,663,705,703,672,709,715,695,668,715,706,707,702,718,706,707,719,714,688
709,716,673,714,716,689,718,721,697,668,718,711,713,702,718,706,713,719,714,688
709,716,673,714,716,689,718,721,697,668,718,711,713,702,718,706,713,719,714,688
709,716,673,714,716,689,718,721,697,680,718,711,713,710,723,711,713,720,724,692
709,716,673,714,716,689,718,721,697,680,718,711,713,710,723,711,713,720,724,692
709,716,673,714,716,689,718,721,697,680,718,711,713,710,723,711,713,720,724,692
709,716,673,714,716,689,718,721,697,680,718,711,713,710,723,711,713,720,724,692
714,719,689,724,719,693,724,726,707,680,729,712,728,710,723,711,728,720,724,692
714,719,689,724,719,693,724,726,707,680,729,712,728,710,723,711,728,720,724,692
714,719,689,724,719,693,724,726,707,696,729,712,728,722,725,712,728,722,725,693
714,719,689,724,719,693,724,726,707,696,729,712,728,722,725,712,728,722,725,693
714,719,689,724,719,693,724,726,707,696,729,712,728,722,725,712,728,722,725,693
714,719,689,724,719,693,724,726,707,696,729,712,728,722,725,712,728,722,725,693
725,720,693,731,720,695,731,727,728,696,731,721,739,722,725,712,739,722,725,693
725,720,693,731,720,695,731,727,728,696,731,721,739,722,725,712,739,722,725,693
725,720,693,731,720,695,731,727,728,704,731,721,739,723,730,721,739,723,730,699
725,720,693,731,720,695,731,727,728,704,731,721,739,723,730,721,739,723,730,699
725,720,693,731,720,695,731,727,728,704,731,721,739,723,730,721,739,723,730,699
725,720,693,731,720,695,731,727,728,704,731,721,739,723,730,721,739,723,730,699
730,722,704,734,727,704,734,738,739,704,734,727,745,723,730,721,745,723,730,699
730,722,704,734,727,704,734,738,739,704,734,727,745,723,730,721,745,723,730,699
730,722,704,734,727,704,734,738,739,717,734,727,745,726,735,732,745,726,735,716
730,722,704,734,727,704,734,738,739,717,734,727,745,726,735,732,745,726,735,716
730,722,704,734,727,704,734,738,739,717,734,727,745,726,735,732,745,726,735,716
730,722,704,734,727,704,734,738,739,717,734,727,745,726,735,732,745,726,735,716
735,732,717,736,738,717,736,746,747,717,736,738,747,726,735,732,747,726,735,716
735,732,717,736,738,717,736,746,747,717,736,738,747,726,735,732,747,726,735,716
735,732,717,736,738,717,736,746,747,733,736,738,747,729,740,741,747,729,742,732
735,732,717,736,738,717,736,746,747,733,736,738,747,729,740,741,747,729,742,732
735,732,717,736,738,717,736,746,747,733,736,738,747,729,740,741,747,729,742,732
741,742,733,737,742,733,737,754,751,733,737,746,755,729,740,741,755,729,742,732
741,742,733,737,742,733,737,754,751,733,737,746,755,729,740,741,755,729,742,732
741,742,733,737,742,733,737,754,751,733,737,746,755,729,740,741,755,729,742,732
741,742,733,737,742,733,737,754,751,743,737,746,755,740,748,746,755,740,749,741
741,742,733,737,742,733,737,754,751,743,737,746,755,740,748,746,755,740,749,741
745,750,743,744,750,743,744,756,755,743,744,754,756,740,748,746,757,740,749,741
745,750,743,744,750,743,744,756,755,743,744,754,756,740,748,746,757,740,749,741
745,750,743,744,750,743,744,756,755,743,744,754,756,740,748,746,757,740,749,741
745,750,743,744,750,743,744,756,755,743,744,754,756,740,748,746,757,740,749,741
745,750,743,744,750,743,744,756,755,752,744,754,756,748,753,754,757,748,756,750
749,751,752,749,751,752,753,757,758,752,753,757,758,748,753,754,758,748,756,750
749,751,752,749,751,752,753,757,758,752,753,757,758,748,753,754,758,748,756,750
749,751,752,749,751,752,753,757,758,752,753,757,758,748,753,754,758,748,756,750
749,751,752,749,751,752,753,757,758,752,753,757,758,748,753,754,758,748,756,750
749,751,752,749,751,752,753,757,758,752,753,757,758,748,753,754,758,748,756,750