97,331,640,97,804,641,753,153,1015,972,332,689,242,242,489,0,189,519,929,991
97,331,640,97,804,641,753,153,1015,972,332,689,242,242,489,0,189,519,929,991
97,331,640,97,440,658,832,153,305,144,332,990,242,242,489,266,189,824,0,991
153,331,640,153,440,658,832,153,305,144,332,990,242,242,489,266,189,824,0,991
153,331,640,153,942,0,926,148,737,866,332,0,242,242,489,266,189,548,753,991
153,331,640,153,942,0,926,148,737,866,332,0,242,242,489,266,189,548,753,991
169,331,640,169,849,964,843,155,797,869,332,777,242,242,489,266,189,1014,775,991
169,331,640,169,849,964,843,155,797,869,332,777,242,242,489,266,189,1014,775,991
169,331,640,169,840,1020,0,959,1018,911,332,0,242,242,489,266,189,305,0,991
175,331,640,175,840,1020,0,959,1018,911,332,0,242,242,489,266,189,305,0,991
175,331,640,175,435,1021,846,168,402,97,332,367,242,242,489,266,189,840,489,991
175,331,640,175,435,1021,846,168,402,97,332,367,242,242,489,266,189,840,489,991
179,331,640,179,558,1021,577,445,666,97,332,369,242,242,489,266,189,828,489,991
179,331,640,179,558,1021,577,445,666,97,332,369,242,242,489,266,189,828,489,991
179,331,640,179,1005,1021,610,960,806,857,332,372,242,242,489,266,189,718,489,991
202,331,640,202,1005,1021,610,960,806,857,332,372,242,242,489,266,189,718,489,991
202,331,640,202,805,360,790,576,983,919,716,800,718,294,879,266,718,718,489,0
202,331,640,202,805,360,790,576,983,919,716,800,718,294,879,266,718,718,489,0
241,331,640,241,120,360,689,576,1019,929,716,943,718,294,0,883,718,718,489,0
241,331,640,241,120,360,689,576,1019,929,716,943,718,294,0,883,718,718,489,0
241,331,640,241,762,360,911,576,805,962,716,956,718,294,0,899,718,718,489,716
255,430,702,255,762,360,911,576,805,962,716,956,718,294,0,899,718,718,489,716
255,430,702,255,956,360,768,576,896,984,716,1013,718,294,0,942,718,718,489,716
255,430,702,255,956,360,768,576,896,984,716,1013,718,294,0,942,718,718,489,716
260,430,702,260,822,360,917,576,918,189,716,0,718,294,0,0,718,718,489,716
260,430,702,260,822,360,917,576,918,189,716,0,718,294,0,0,718,718,489,716
260,430,702,260,372,360,625,576,548,189,716,830,718,294,0,0,718,718,0,716
295,430,702,295,372,360,625,576,548,189,716,830,718,294,0,0,718,718,0,716
295,430,702,295,786,360,644,576,678,189,716,0,718,294,0,0,718,718,501,716
295,430,702,295,786,360,644,576,678,189,716,0,718,294,0,0,718,718,501,716
297,430,702,297,823,360,922,576,937,189,716,762,718,294,0,0,718,797,0,716
297,430,702,297,823,360,922,576,937,189,716,762,718,294,0,0,718,797,0,716
297,430,702,297,445,294,205,993,899,189,489,763,0,0,317,0,888,832,911,716
299,430,702,299,445,294,205,993,899,189,489,763,0,0,317,0,888,832,911,716
299,430,702,299,498,294,938,934,944,189,489,763,0,0,317,672,888,800,0,716
299,430,702,299,498,294,938,934,944,189,489,763,0,0,317,672,888,800,0,716
307,430,702,307,1003,294,0,202,620,189,489,763,445,0,317,672,888,666,840,0
307,430,702,307,1003,294,0,202,620,189,489,763,445,0,317,672,888,666,840,0
307,430,702,307,548,294,980,202,893,189,489,763,0,266,317,672,888,641,0,0
311,430,702,311,548,294,980,202,893,189,489,763,0,266,317,672,888,641,0,0
311,430,702,311,466,294,983,255,922,179,489,763,0,266,317,672,888,1015,670,0
311,430,702,311,466,294,983,255,922,179,489,763,0,266,317,672,888,1015,670,0
346,491,708,346,953,294,987,255,955,179,489,763,575,266,317,672,888,418,672,0
346,491,708,346,953,294,987,255,955,179,489,763,575,266,317,672,888,418,672,0
346,491,708,346,664,294,992,995,575,602,489,763,575,266,317,672,888,445,672,155
368,491,708,368,664,294,992,995,575,602,489,763,575,266,317,672,888,445,672,155
368,491,708,368,144,294,996,798,575,799,489,763,575,266,317,672,888,664,672,0
368,491,708,368,144,294,996,798,575,799,489,763,575,266,317,672,888,664,672,0
386,491,708,386,890,580,1002,260,575,241,454,614,575,266,880,672,0,843,672,0
386,491,708,386,890,580,1002,260,575,241,454,614,575,266,880,672,0,843,672,0
386,491,708,386,148,921,0,260,575,241,454,0,575,266,880,576,0,576,672,592
388,491,708,388,148,921,0,260,575,241,454,0,575,266,880,576,0,576,672,592
388,491,708,388,990,921,614,295,575,565,454,618,575,266,880,576,0,576,672,592
388,491,708,388,990,921,614,295,575,565,454,618,575,266,880,576,0,576,672,592
393,491,708,393,155,921,0,295,575,1021,454,620,575,144,880,576,0,576,672,592
393,491,708,393,155,921,0,295,575,1021,454,620,575,144,880,576,0,576,672,592
393,491,708,393,777,921,618,998,575,740,454,928,575,300,880,576,592,576,672,592
399,491,708,399,777,921,618,998,575,740,454,928,575,300,880,576,592,576,672,592
399,491,708,399,893,885,620,498,575,1022,454,0,0,300,880,576,592,576,0,592
399,491,708,399,893,885,620,498,575,1022,454,0,0,300,880,576,592,576,0,592
429,491,708,429,367,903,932,522,846,951,454,625,0,300,880,576,592,576,270,592
429,491,708,429,367,903,932,522,846,951,454,625,0,300,880,576,592,576,270,592
429,491,708,429,1008,905,933,881,967,951,454,633,0,300,880,576,592,576,294,592
439,663,714,439,1008,905,933,881,967,951,454,633,0,300,880,576,592,576,294,592
439,663,714,439,501,905,1003,883,849,951,0,0,0,300,796,576,592,576,294,592
439,663,714,439,501,905,1003,883,849,951,0,0,0,300,796,576,592,576,294,592
450,663,714,450,168,905,0,1014,981,951,0,205,440,300,796,352,592,205,294,888
450,663,714,450,168,905,0,1014,981,951,0,205,440,300,796,352,592,205,294,888
450,663,714,450,824,905,762,297,854,951,294,0,907,300,796,352,592,805,294,888
451,663,714,451,824,905,762,297,854,951,294,0,907,300,796,352,592,805,294,888
451,663,714,451,515,905,763,297,856,951,294,644,936,300,796,352,592,236,294,888
451,663,714,451,515,905,763,297,856,951,294,644,936,300,796,352,592,236,294,888
461,663,714,461,894,905,763,346,861,951,294,832,0,489,796,352,390,1016,294,888
461,663,714,461,894,905,763,346,861,951,294,832,0,489,796,352,390,1016,294,888
461,663,714,461,943,905,763,346,997,951,294,0,0,489,796,352,390,846,294,888
465,663,714,465,943,905,763,346,997,951,294,0,0,489,796,352,390,846,294,888
465,663,714,465,205,905,763,1000,873,0,294,641,0,489,796,352,390,942,294,888
465,663,714,465,205,905,763,1000,873,0,294,641,0,489,796,352,390,942,294,888
504,663,714,504,512,1022,763,270,925,971,294,869,0,489,796,352,390,957,843,888
504,663,714,504,512,1022,763,270,925,971,294,869,0,489,796,352,390,957,843,888
504,663,714,504,270,1022,763,466,999,977,294,919,0,489,592,352,390,856,0,888
544,663,714,544,270,1022,763,466,999,977,294,919,0,489,592,352,390,856,0,888
544,663,714,544,753,200,763,879,120,980,294,0,265,489,592,881,390,943,614,0
544,663,714,544,753,200,763,879,120,980,294,0,265,489,592,881,390,943,614,0
545,682,810,545,666,200,763,882,1006,982,360,724,265,489,592,885,390,1018,0,0
545,682,810,545,666,200,763,882,1006,982,360,724,265,489,592,885,390,1018,0,0
545,682,810,545,768,200,1008,885,512,987,360,992,265,489,592,926,390,861,618,0
547,682,810,547,768,200,1008,885,512,987,360,992,265,489,592,926,390,861,618,0
547,682,810,547,861,200,0,1017,515,430,360,0,265,0,592,964,716,1020,620,0
547,682,810,547,861,200,0,1017,515,430,360,0,265,0,592,964,716,1020,620,0
553,682,810,553,519,200,236,368,928,430,360,790,265,0,592,0,716,873,932,0
553,682,810,553,519,200,236,368,928,430,360,790,265,0,592,0,716,873,932,0
553,682,810,553,986,200,664,368,1009,439,360,799,265,0,592,0,716,522,0,0
557,682,810,557,986,200,664,368,1009,439,360,799,265,0,592,0,716,522,0,0
557,682,810,557,236,200,0,386,519,439,360,996,265,0,592,0,716,933,625,0
557,682,810,557,236,200,0,386,519,439,360,996,265,0,592,0,716,933,625,0
561,682,810,561,926,200,300,386,907,435,360,0,265,0,721,0,716,1003,804,294
561,682,810,561,926,200,300,386,907,435,360,0,265,0,721,0,716,1003,804,294
561,682,810,561,979,899,300,1001,938,440,360,466,0,265,721,0,716,0,0,294
566,682,810,566,979,899,300,1001,938,440,360,466,0,265,721,0,716,0,0,294
566,682,810,566,869,934,300,359,990,450,0,580,236,265,721,317,716,971,790,294
566,682,810,566,869,934,300,359,990,450,0,580,236,265,721,317,716,971,790,294
569,682,810,569,737,961,300,469,1010,450,0,804,880,265,721,317,716,975,0,294
569,682,810,569,737,961,300,469,1010,450,0,804,880,265,721,317,716,975,0,294
569,682,810,569,602,1017,300,471,577,454,0,890,880,265,721,317,0,977,359,294
583,692,821,583,602,1017,300,471,577,454,0,890,880,265,721,317,0,977,359,294
583,692,821,583,418,924,300,903,580,454,0,896,880,265,721,317,0,979,805,294
583,692,821,583,418,924,300,903,580,454,0,896,880,265,721,317,0,979,805,294
585,692,821,585,305,924,300,906,1013,454,0,900,880,265,721,317,0,983,0,294
585,692,821,585,305,924,300,906,1013,454,0,900,880,265,721,317,0,983,0,294
585,692,821,585,644,924,300,906,1011,454,0,0,880,265,721,317,0,986,512,294
594,692,821,594,644,924,300,906,1011,454,0,0,880,265,721,317,0,986,512,294
594,692,821,594,359,924,0,906,738,454,0,658,880,265,636,317,0,0,740,0
594,692,821,594,359,924,0,906,738,454,0,658,880,265,636,317,0,0,740,0
600,692,821,600,738,163,670,906,943,454,200,861,880,672,636,317,0,612,793,0
600,692,821,600,738,163,670,906,943,454,200,861,880,672,636,317,0,612,793,0
600,692,821,600,363,163,0,906,956,454,200,866,880,672,636,0,0,961,0,0
613,692,821,613,363,163,0,906,956,454,200,866,880,672,636,0,0,961,0,0
613,692,821,613,369,163,856,906,958,454,200,0,636,672,636,0,0,144,120,120
613,692,821,613,369,163,856,906,958,454,200,0,636,672,636,0,0,144,120,120
626,692,821,626,928,163,0,906,986,718,200,806,636,672,636,148,951,989,0,951
626,692,821,626,928,163,0,906,986,718,200,806,636,672,636,148,951,989,0,951
626,692,821,626,800,163,873,906,1012,718,200,0,636,672,636,882,951,0,420,951
628,692,821,628,800,163,873,906,1012,718,200,0,636,672,636,882,951,0,420,951
628,692,821,628,740,163,953,388,606,718,200,798,636,672,636,886,951,466,0,951
628,692,821,628,740,163,953,388,606,718,200,798,636,672,636,886,951,466,0,951
631,736,833,631,562,163,957,388,975,718,200,873,636,672,636,886,951,469,558,951
631,736,833,631,562,163,957,388,975,718,200,873,636,672,636,886,951,469,558,951
631,736,833,631,896,163,0,799,989,718,200,1002,636,672,888,886,951,471,846,951
635,736,833,635,896,163,0,799,989,718,200,1002,636,672,888,886,951,471,846,951
635,736,833,635,402,332,352,461,169,718,886,0,636,951,888,886,951,0,0,951
635,736,833,635,402,332,352,461,169,718,886,0,636,951,888,886,951,0,0,951
638,736,833,638,564,332,352,461,612,718,886,849,636,951,888,886,951,737,562,951
638,736,833,638,564,332,352,461,612,718,886,849,636,951,888,886,951,737,562,951
638,736,833,638,420,332,352,1007,625,718,886,0,652,951,888,886,951,738,564,951
645,736,833,645,420,332,352,1007,625,718,886,0,652,951,888,886,951,738,564,951
645,736,833,645,432,332,352,367,0,932,886,854,652,951,888,886,0,753,0,0
645,736,833,645,432,332,352,367,0,932,886,854,652,951,888,886,0,753,0,0
650,736,833,650,678,332,352,369,822,451,886,856,652,951,888,886,0,0,795,0
650,736,833,650,678,332,352,369,822,451,886,856,652,951,888,886,0,0,795,0
650,736,833,650,775,332,352,372,0,451,886,857,652,951,888,903,0,0,823,0
659,736,833,659,775,332,352,372,0,451,886,857,652,951,888,903,0,0,823,0
659,736,833,659,670,332,352,465,832,432,886,0,652,951,888,905,0,435,849,0
659,736,833,659,670,332,352,465,832,432,886,0,652,951,888,905,0,435,849,0
668,736,833,668,1013,332,352,465,992,489,886,925,652,951,951,905,155,512,933,0
668,736,833,668,1013,332,352,465,992,489,886,925,652,951,951,905,155,512,933,0
668,736,833,668,982,672,363,386,169,489,652,0,652,880,951,905,0,515,0,0
673,755,835,673,982,672,363,0,169,489,652,0,652,880,951,905,0,515,0,0
673,755,835,673,606,672,390,420,775,489,652,548,652,880,951,905,265,775,737,0
673,755,835,673,606,672,390,420,775,489,652,548,652,880,951,905,265,775,737,0
680,755,835,680,469,672,390,613,979,489,652,0,911,880,951,905,265,0,797,0
680,755,835,680,469,672,390,613,979,489,652,0,911,880,951,905,265,0,797,0
680,755,835,680,471,672,390,613,994,489,652,498,958,880,951,905,265,689,0,0
688,755,835,688,471,672,390,613,994,489,652,498,958,880,951,905,265,689,0,0
688,755,835,688,610,672,390,641,169,489,652,529,0,880,951,905,265,953,148,0
688,755,835,688,610,672,390,641,169,489,652,529,0,880,951,905,265,953,148,0
704,755,835,704,790,672,390,658,501,489,652,0,0,880,951,905,265,956,0,0
704,755,835,704,790,672,390,658,501,489,652,0,0,880,951,905,265,956,0,0
704,755,835,704,929,672,390,0,724,489,652,975,0,880,951,0,265,0,798,0
710,755,835,710,929,672,390,0,724,489,652,975,0,880,951,0,265,0,798,0
710,755,835,710,994,672,390,786,777,529,652,979,0,880,652,0,265,907,1004,352
710,755,835,710,994,672,390,786,777,529,652,979,0,880,652,0,265,907,1004,352
717,755,835,717,522,971,390,800,1004,652,905,982,0,888,652,0,265,917,0,352
717,755,835,717,522,971,390,800,1004,652,905,982,0,888,652,0,265,917,0,352
717,755,835,717,724,975,793,824,169,652,905,0,332,888,652,0,670,0,522,352
722,755,835,722,724,975,793,824,169,652,905,0,332,888,652,0,670,0,522,352
722,755,835,722,828,977,795,828,242,652,905,987,332,888,652,0,813,168,880,352
722,755,835,722,828,977,795,828,242,652,905,987,332,888,652,0,813,168,880,352
727,784,842,727,957,1015,0,961,242,652,905,1003,332,888,652,454,813,768,880,352
727,784,842,727,957,1015,0,961,242,652,905,1003,332,888,652,454,813,768,880,352
727,784,842,727,529,1019,804,962,242,652,905,0,332,888,652,454,813,0,880,352
730,784,842,730,529,1019,804,962,242,652,905,0,332,888,652,454,813,0,880,352
730,784,842,730,830,972,806,963,242,652,905,934,332,888,652,454,813,498,880,352
730,784,842,730,830,972,806,963,242,652,905,934,332,888,652,454,813,498,880,352
731,784,842,731,795,972,0,964,242,652,905,0,332,888,652,454,813,0,880,352
731,784,842,731,795,972,0,964,242,652,905,0,332,888,652,454,813,0,880,352
731,784,842,731,689,972,823,1005,242,652,905,612,332,888,200,454,813,529,880,200
739,784,842,739,689,972,823,1005,242,652,905,612,332,888,200,454,813,529,880,200
739,784,842,739,917,972,830,1020,242,793,0,664,332,796,200,454,813,652,880,200
739,784,842,739,917,972,830,1020,242,793,0,664,332,796,200,454,813,652,880,200
741,784,842,741,797,716,942,626,242,798,0,666,903,796,200,454,813,652,880,200
741,784,842,741,797,716,942,626,242,798,0,666,903,796,200,454,813,652,880,200
741,784,842,741,1014,716,1016,626,880,879,0,823,922,796,200,454,991,652,602,200
746,784,842,746,1014,716,1016,626,880,879,0,823,922,796,200,454,991,652,602,200
746,784,842,746,612,716,0,628,880,881,0,1004,963,796,200,300,991,652,806,200
746,784,842,746,612,716,0,628,880,881,0,1004,963,796,200,300,991,652,806,200
770,784,842,770,989,716,418,628,880,882,0,0,0,796,200,300,991,652,0,200
770,784,842,770,989,716,418,628,880,882,0,0,0,796,200,300,991,652,0,200
770,803,853,770,614,716,0,628,880,883,0,678,0,796,200,300,991,652,738,200
779,803,853,779,614,716,0,628,880,883,0,678,0,796,200,300,991,652,738,200
779,803,853,779,618,716,558,857,880,890,571,0,0,796,200,300,991,652,799,200
779,803,853,779,618,716,558,857,880,890,571,0,0,796,200,300,991,652,799,200
780,803,853,780,843,716,840,631,880,894,571,305,0,796,0,300,991,652,0,300
780,803,853,780,843,716,840,631,880,894,571,305,0,796,0,300,991,652,0,300
780,803,853,780,633,716,0,631,880,0,571,822,0,0,0,300,991,0,300,300
782,803,853,782,633,716,0,631,880,0,571,822,0,0,0,300,991,0,300,300
782,803,853,782,933,972,562,626,880,900,571,824,885,0,0,300,991,571,300,300
782,803,853,782,933,972,562,807,880,900,571,824,885,0,0,300,991,571,300,300
787,803,853,787,854,972,0,265,636,936,571,957,932,0,0,300,575,571,300,300
787,803,853,787,854,972,0,265,636,936,571,957,932,0,0,300,575,571,300,300
787,803,853,787,866,571,564,265,636,557,571,0,0,571,0,0,575,571,300,300
788,803,853,788,866,571,564,265,636,557,571,0,0,571,0,0,575,571,300,300
788,803,853,788,900,571,565,265,636,557,571,606,0,571,0,571,575,571,300,300
788,803,853,788,900,571,565,265,636,557,571,606,0,571,0,571,575,571,300,300
791,803,853,791,919,571,907,265,636,721,571,0,0,571,0,571,575,571,300,300
791,803,853,791,919,571,907,265,636,721,571,0,0,571,0,571,575,571,300,300
791,803,853,791,925,571,0,265,636,721,575,994,0,571,0,571,575,571,300,300
792,803,853,792,925,571,0,265,636,721,575,994,0,571,0,571,575,571,300,300
792,819,862,792,936,571,633,265,636,721,575,1014,0,571,716,571,575,571,300,317
792,819,862,792,936,571,633,265,636,721,575,1014,0,571,716,571,575,571,300,317
802,819,862,802,958,571,1018,265,636,721,575,0,0,571,716,571,575,571,0,317
802,819,862,802,958,571,1018,265,636,721,575,0,0,571,716,571,575,571,0,317
802,819,862,802,963,571,0,265,636,721,575,435,576,571,716,571,575,440,469,317
807,819,862,807,963,571,0,265,636,721,575,435,576,571,716,571,575,440,469,317
807,819,862,807,996,571,266,317,169,721,575,768,576,571,716,571,581,0,471,317
807,819,862,807,996,571,266,317,169,721,575,768,576,571,716,571,581,0,471,317
809,819,862,809,1002,581,266,317,169,721,575,962,576,576,716,571,581,992,762,317
809,819,862,809,1002,581,266,317,169,721,575,962,576,576,716,571,581,992,762,317
809,819,862,809,1004,581,266,317,175,721,575,0,576,576,716,0,581,0,763,317
816,819,862,816,1004,581,266,317,175,721,575,0,576,576,716,0,581,0,763,317
816,819,862,816,1016,581,266,317,175,991,575,168,576,576,716,575,581,602,763,317
816,819,862,816,1016,581,266,317,175,991,575,168,576,576,716,575,581,602,763,317
818,819,862,818,331,581,266,317,299,991,0,929,576,576,716,575,581,899,763,317
818,819,862,818,331,581,266,317,299,991,0,929,576,576,716,575,581,899,763,317
818,819,862,818,331,581,266,317,299,991,0,1015,576,576,332,575,581,990,763,163
825,819,862,825,331,581,266,317,299,991,0,1015,576,576,332,575,581,990,763,163
825,819,862,825,331,581,266,317,307,991,0,0,576,576,332,575,581,1002,763,163
825,819,862,825,331,581,266,317,307,991,0,0,576,576,332,575,581,1002,763,163
829,871,864,829,331,581,266,317,307,991,163,359,974,576,332,575,581,0,763,163
829,871,864,829,331,581,266,317,311,991,163,359,974,576,332,575,581,0,763,163
829,871,864,829,331,581,813,886,311,991,163,418,974,576,332,575,0,270,763,163
836,871,864,836,430,581,813,886,311,991,163,418,974,576,332,575,0,270,763,163
836,871,864,836,430,592,813,886,331,991,163,515,974,881,332,575,0,0,763,163
836,871,864,836,430,592,813,886,331,991,163,515,974,881,332,575,0,0,763,163
839,871,864,839,430,592,813,886,331,991,163,1016,974,882,332,575,0,606,926,163
839,871,864,839,430,592,813,886,393,991,163,1016,974,882,332,575,0,606,926,163
839,871,864,839,430,592,813,886,393,585,163,0,974,886,332,0,0,0,0,163
841,871,864,841,430,592,813,886,393,585,163,0,974,886,332,0,0,0,0,163
841,871,864,841,430,592,813,886,399,585,163,189,974,886,332,0,0,432,828,163
841,871,864,841,430,592,813,886,399,585,163,189,974,886,332,0,0,432,828,163
844,871,864,844,491,592,813,886,399,638,163,189,974,886,163,0,163,0,854,390
844,871,864,844,491,592,813,886,429,638,163,189,974,886,163,0,163,0,854,390
844,871,864,844,491,592,813,886,429,638,163,189,974,886,163,0,163,678,0,390
845,871,864,845,491,592,813,886,429,638,163,189,974,886,163,0,163,678,0,390
845,871,864,845,491,592,813,886,491,640,592,189,763,886,163,189,163,0,367,390
845,871,864,845,491,592,813,886,491,640,592,189,763,886,163,189,163,0,367,390
848,871,864,848,491,592,796,888,491,640,592,189,763,886,163,189,163,610,369,390
848,871,864,848,491,592,796,888,504,640,592,189,763,886,163,189,163,610,369,390
848,910,895,848,491,640,796,888,504,645,592,189,763,886,163,189,163,1008,372,390
851,910,895,851,663,640,796,888,504,645,592,189,763,886,163,189,163,1008,372,390
851,910,895,851,663,640,796,888,544,645,592,189,763,886,163,189,163,0,830,390
851,910,895,851,663,640,796,888,544,645,592,189,763,886,163,189,163,0,830,390
859,910,895,859,663,640,796,888,544,650,592,189,763,0,163,189,163,501,857,390
859,910,895,859,663,640,796,888,545,650,592,189,763,0,163,189,163,501,857,390
859,910,895,859,663,640,796,888,545,650,592,1005,763,0,163,189,163,1005,996,390
868,910,895,868,663,640,796,888,545,650,592,1005,763,0,163,189,163,1005,996,390
868,910,895,868,663,640,796,888,547,702,592,1008,763,0,813,189,266,1013,0,360
868,910,895,868,663,702,796,888,547,702,592,1008,763,0,813,189,266,1013,0,360
874,910,895,874,682,702,796,888,547,702,592,1017,763,721,813,189,266,0,432,360
874,910,895,874,682,702,796,888,553,702,592,1017,763,721,813,189,266,0,432,360
874,910,895,874,682,702,796,888,553,708,352,0,390,721,813,577,266,189,0,360
875,910,895,875,682,702,796,888,553,708,352,0,390,721,813,577,266,189,0,360
875,910,895,875,682,702,974,965,561,708,352,363,390,721,813,718,266,189,565,360
875,910,895,875,682,702,974,965,561,708,352,363,390,721,813,718,266,189,565,360
876,910,895,876,682,702,974,965,561,714,352,793,390,721,813,718,266,189,866,360
876,910,895,876,682,702,974,965,566,714,352,793,390,721,813,718,266,189,866,360
876,910,895,876,682,708,974,965,566,714,352,795,390,721,813,718,266,189,0,360
877,910,895,877,692,708,974,965,566,714,352,795,390,721,813,718,266,189,0,360
877,916,904,877,692,708,974,965,569,717,352,796,390,721,813,718,266,189,200,360
877,916,904,877,692,708,974,965,569,717,352,796,390,721,813,718,266,189,200,360
884,916,904,884,692,708,974,965,569,717,352,796,390,721,813,718,266,189,200,360
884,916,904,884,692,708,974,965,583,717,352,796,390,721,813,718,266,189,200,360
884,916,904,884,692,708,974,965,583,741,352,796,390,721,906,718,721,189,200,796
891,916,904,891,692,708,974,965,583,741,352,796,390,721,906,718,721,189,200,796
891,916,904,891,692,708,974,965,594,741,352,796,390,581,906,718,721,189,200,796
891,916,904,891,692,714,974,965,594,741,352,796,390,581,906,718,721,189,200,796
898,916,904,898,736,714,974,965,594,784,906,796,454,581,906,718,721,0,200,796
898,916,904,898,736,714,974,965,600,784,906,796,454,581,906,718,721,0,200,796
898,916,904,898,736,714,0,680,600,784,906,796,454,581,906,938,721,577,200,796
901,916,904,901,736,714,0,680,600,784,906,796,454,581,906,938,721,577,200,796
901,916,904,901,736,714,0,680,635,787,906,796,454,581,906,0,721,580,200,796
901,916,904,901,736,714,0,680,635,787,906,796,454,581,906,0,721,580,200,796
908,916,904,908,736,714,0,704,635,787,906,796,454,581,906,0,721,822,200,796
908,916,904,908,736,714,0,704,659,787,906,796,454,581,906,0,721,822,200,796
908,916,904,908,736,810,0,704,659,809,906,610,454,581,906,0,721,893,869,796
918,916,904,918,755,810,0,704,659,809,906,610,454,581,906,0,721,893,869,796
918,916,904,918,755,810,0,710,663,809,906,894,454,581,906,0,721,896,0,796
918,916,904,918,755,810,0,710,663,809,906,894,454,581,906,0,721,896,0,796
920,955,921,920,755,810,0,710,663,810,906,917,454,581,965,0,763,922,724,672
920,955,921,920,755,810,0,710,668,810,906,917,454,581,965,0,763,922,724,672
920,955,921,920,755,810,0,722,668,810,906,1018,454,360,965,0,763,0,919,672
930,955,921,930,755,810,0,722,668,810,906,1018,454,360,965,0,763,0,919,672
930,955,921,930,755,810,0,722,673,819,974,0,813,360,965,360,763,777,958,672
930,955,921,930,755,821,0,722,673,819,974,0,813,360,965,360,763,777,958,672
937,955,921,937,784,821,0,727,673,819,974,390,813,360,965,360,763,928,1017,672
937,955,921,937,784,821,0,727,682,819,974,390,813,360,965,360,763,928,1017,672
937,955,921,937,784,821,0,727,682,821,974,390,813,360,965,360,763,934,0,672
939,955,921,939,784,821,0,727,682,821,974,390,813,360,965,360,763,934,0,672
939,955,921,939,784,821,0,730,688,821,974,390,813,360,965,360,763,0,925,672
939,955,921,939,784,821,0,730,688,821,974,390,813,360,965,360,763,0,925,672
944,955,921,944,784,821,0,730,688,829,974,390,813,360,965,360,763,633,0,672
944,955,921,944,784,821,0,730,692,829,974,390,813,360,965,360,763,633,0,672
944,955,921,944,784,833,0,731,692,829,974,390,813,360,965,360,763,0,363,672
946,955,921,946,803,833,0,731,692,829,974,390,813,360,965,360,763,0,363,672
946,955,921,946,803,833,0,731,736,833,974,390,813,360,974,360,905,420,786,332
946,955,921,946,803,833,0,731,736,833,974,390,813,360,974,360,905,420,786,332
947,955,921,947,803,833,0,746,736,833,974,390,813,906,974,360,905,0,936,332
947,955,921,947,803,833,0,746,739,833,974,390,813,906,974,360,905,0,936,332
947,968,924,947,803,833,0,746,739,835,0,390,886,906,974,581,905,558,0,332
949,968,924,949,803,833,0,746,739,835,0,390,886,906,974,581,905,558,0,332
949,968,924,949,803,833,0,770,755,835,0,519,886,906,974,581,905,938,402,332
949,968,924,949,803,835,0,770,755,835,0,519,886,906,974,581,905,938,402,332
952,968,924,952,819,835,0,770,755,842,0,953,886,906,974,581,905,0,879,332
952,968,924,952,819,835,0,770,780,842,0,953,886,906,974,581,905,0,879,332
952,968,924,952,819,835,0,779,780,842,0,1019,886,906,974,581,905,562,883,332
959,968,924,959,819,835,0,779,780,842,0,1019,886,906,974,581,905,562,883,332
959,968,924,959,819,835,0,779,788,853,0,0,886,906,974,581,905,0,890,332
959,968,924,959,819,835,0,779,788,853,0,0,886,906,974,581,905,0,890,332
960,968,924,960,819,835,0,782,788,853,0,813,886,906,974,581,905,564,893,332
960,968,924,960,819,835,0,782,802,853,0,813,886,906,974,581,905,564,893,332
960,968,924,960,871,842,0,782,802,862,0,813,886,906,991,581,965,565,894,965
967,968,924,967,871,842,0,782,802,862,0,813,886,906,991,581,965,565,894,965
967,968,924,967,871,842,0,791,803,862,0,813,886,965,991,581,965,644,0,965
967,968,924,967,871,842,0,791,803,862,0,813,886,965,991,581,965,644,0,965
969,968,924,969,871,842,0,791,803,864,636,813,352,965,991,906,965,0,900,965
969,968,924,969,871,842,0,791,816,864,636,813,352,965,991,906,965,0,900,965
969,968,924,969,871,842,0,792,816,864,636,813,352,965,991,906,965,740,0,965
981,968,924,981,871,842,0,792,816,864,636,813,352,965,991,906,965,740,0,965
981,1011,972,981,910,853,0,792,836,877,636,813,352,965,991,906,965,786,961,965
981,1011,972,981,910,853,0,792,836,877,636,813,352,965,991,906,965,786,961,965
984,1011,972,984,910,853,0,807,836,877,636,813,352,965,991,906,965,0,962,965
984,1011,972,984,910,853,0,807,841,877,636,813,352,965,991,906,965,0,962,965
984,1011,972,984,910,853,0,807,841,895,636,813,352,965,991,906,965,402,963,965
993,1011,972,993,910,853,0,807,841,895,636,813,352,965,991,906,965,402,963,965
993,1011,972,993,910,853,0,818,844,895,636,971,352,965,991,906,965,0,964,965
993,1011,972,993,910,853,0,818,844,904,636,971,352,965,991,906,965,0,964,965
995,1011,972,995,916,862,0,818,844,904,636,977,352,965,242,906,454,658,980,242
995,1011,972,995,916,862,0,818,848,904,636,977,352,965,242,906,454,658,980,242
995,1011,972,995,916,862,0,825,848,916,636,980,352,991,242,906,454,0,982,242
997,1011,972,997,916,862,0,825,848,916,636,980,352,991,242,906,454,0,982,242
997,1011,972,997,916,862,0,825,851,916,266,983,905,991,242,636,454,974,987,242
997,1011,972,997,916,862,0,825,851,920,266,983,905,991,242,636,454,974,987,242
998,1011,972,998,916,862,0,839,851,920,266,986,905,991,242,636,454,974,994,242
998,1011,972,998,916,862,0,839,859,920,266,986,905,991,242,636,454,974,994,242
998,1011,972,998,955,864,0,839,859,921,266,989,905,991,242,636,454,974,1019,242
999,1011,972,999,955,864,0,839,859,921,266,989,905,991,242,636,454,974,1019,242
999,1011,972,999,955,864,0,845,871,921,266,1020,905,991,242,636,454,974,0,242
999,1011,972,999,955,864,0,845,871,924,266,1020,905,991,242,636,454,974,0,242
1000,1021,1022,1000,955,864,0,845,871,924,266,0,905,991,242,636,454,974,581,242
1000,1021,1022,1000,955,864,0,845,876,924,266,0,905,991,242,636,454,974,581,242
1000,1021,1022,1000,955,864,0,868,876,930,266,265,905,991,242,636,454,974,581,242
1001,1021,1022,1001,955,864,0,868,876,930,266,265,905,991,242,636,454,974,581,242
1001,1021,1022,1001,968,895,0,868,891,930,266,265,905,991,0,636,317,974,581,721
1001,1021,1022,1001,968,895,0,874,891,946,266,265,905,991,0,636,317,974,581,721
1006,1021,1022,1006,968,895,0,874,891,946,266,265,905,0,0,636,317,974,581,721
1006,1021,1022,1006,968,895,0,874,898,946,266,265,905,0,0,636,317,974,581,721
1006,1021,1022,1006,968,895,0,875,898,947,0,265,0,0,0,0,317,0,581,721
1007,1021,1022,1007,968,895,0,875,898,947,0,265,0,0,0,0,317,0,581,721
1007,1021,1022,1007,968,895,0,875,901,947,0,265,0,0,0,0,317,0,581,721
1007,1021,1022,1007,968,895,0,884,901,949,0,265,0,0,0,0,317,0,581,721
1009,1021,1022,1009,1011,904,0,884,901,949,0,265,0,0,0,0,317,0,581,721
1009,1021,1022,1009,1011,904,0,884,908,949,0,265,0,0,0,0,317,0,581,721
1009,1021,1022,1009,1011,904,0,939,908,968,0,265,0,0,0,0,317,0,581,721
1010,1021,1022,1010,1011,904,0,939,908,968,0,265,0,0,0,0,317,0,581,721
1010,1021,1022,1010,1011,904,0,939,910,968,0,265,0,0,0,0,317,0,0,721
1010,1021,1022,1010,1011,904,0,952,910,969,0,265,0,0,0,0,317,0,0,721
1012,1021,1022,1012,1011,904,0,952,910,969,0,0,0,0,0,0,317,0,0,721
1012,1021,1022,1012,1011,904,0,952,0,969,0,0,0,0,0,0,317,0,0,721