123,163,130,123,163,130,187,64,133,130,187,64,209,129,140,64,209,129,123,163
123,163,130,123,163,130,187,64,133,130,187,64,209,129,140,64,209,129,123,163
123,163,130,123,163,130,187,64,133,130,187,64,209,129,140,64,209,129,123,163
123,163,130,123,163,130,187,64,133,130,187,64,209,129,140,64,209,129,123,163
123,163,130,123,163,130,187,64,133,130,187,64,209,129,140,64,209,129,123,163
123,163,130,123,163,130,187,64,133,130,187,64,209,129,140,64,209,129,123,163
129,233,164,261,226,133,223,175,209,147,223,175,220,147,187,175,220,147,133,227
129,233,164,261,226,133,223,175,209,147,223,175,220,147,187,175,220,147,133,227
129,233,164,261,226,133,223,175,209,147,223,175,220,147,187,175,220,147,133,227
129,233,164,261,226,133,223,175,209,147,223,175,220,147,187,175,220,147,133,227
129,233,164,261,226,133,223,175,209,147,223,175,220,147,187,175,220,147,133,227
129,233,164,261,226,133,223,175,209,147,223,175,220,147,187,175,220,147,133,227
140,365,278,273,233,164,252,226,220,164,261,227,228,152,217,228,233,152,140,228
140,365,278,273,233,164,252,226,220,164,261,227,228,152,217,228,233,152,140,228
140,365,278,273,233,164,252,226,220,164,261,227,228,152,217,228,233,152,140,228
140,365,278,273,233,164,252,226,220,164,261,227,228,152,217,228,233,152,140,228
140,365,278,273,233,164,252,226,220,164,261,227,228,152,217,228,233,152,140,228
140,365,278,273,233,164,252,226,220,164,261,227,228,152,217,228,233,152,140,228
152,371,289,322,365,278,261,303,227,269,273,252,241,217,223,252,241,217,237,278
152,371,289,322,365,278,261,303,227,269,273,252,241,217,223,252,241,217,237,278
152,371,289,322,365,278,261,303,227,269,273,252,241,217,223,252,241,217,237,278
152,371,289,322,365,278,261,303,227,269,273,252,241,217,223,252,241,217,237,278
152,371,289,322,365,278,261,303,227,269,273,252,241,217,223,252,241,217,237,278
237,431,312,322,433,289,261,328,241,312,273,303,241,217,223,252,241,217,237,278
237,431,312,327,433,289,273,328,241,312,327,303,260,269,237,303,260,226,321,322
237,431,312,327,433,289,273,328,241,312,327,303,260,269,237,303,260,226,321,322
237,431,312,327,433,289,273,328,241,312,327,303,260,269,237,303,260,226,321,322
237,431,312,327,433,289,273,328,241,312,327,303,260,269,237,303,260,226,321,322
321,450,359,327,450,312,273,353,260,371,327,328,260,269,237,303,260,226,321,322
321,450,359,327,450,312,273,353,260,371,327,328,260,269,237,303,260,226,321,322
321,450,359,348,450,312,327,353,260,371,352,328,349,319,319,328,289,269,348,349
321,450,359,348,450,312,327,353,260,371,352,328,349,319,319,328,289,269,348,349
321,450,359,348,450,312,327,353,260,371,352,328,349,319,319,328,289,269,348,349
322,469,366,348,469,359,327,366,355,395,352,353,349,319,319,328,289,269,348,349
322,469,366,348,469,359,327,366,355,395,352,353,349,319,319,328,289,269,348,349
322,469,366,348,469,359,327,366,355,395,352,353,349,319,319,328,289,269,348,349
322,469,366,354,469,359,352,366,355,395,360,353,355,330,321,349,355,319,363,359
322,469,366,354,469,359,352,366,355,395,360,353,355,330,321,349,355,319,363,359
348,470,392,354,470,409,352,400,365,411,360,400,355,330,321,349,355,319,363,359
348,470,392,354,470,409,352,400,365,411,360,400,355,330,321,349,355,319,363,359
348,470,392,354,470,409,352,400,365,411,360,400,355,330,321,349,355,319,363,359
348,470,392,354,470,409,352,400,365,411,360,400,355,330,321,349,355,319,363,359
348,470,392,360,470,409,360,400,365,411,431,400,366,340,330,353,369,330,450,369
354,472,411,360,472,451,360,406,381,428,431,406,366,340,330,353,369,330,450,369
354,472,411,360,472,451,360,406,381,428,431,406,366,340,330,353,369,330,450,369
354,472,411,360,472,451,360,406,381,428,431,406,366,340,330,353,369,330,450,369
354,472,411,360,472,451,360,406,381,428,431,406,366,340,330,353,369,330,450,369
354,472,411,360,472,451,360,406,381,428,431,406,366,340,330,353,369,330,450,369
363,496,451,395,483,455,418,417,392,452,439,417,381,369,340,396,381,340,455,396
363,496,451,395,483,455,418,417,392,452,439,417,381,369,340,396,381,340,455,396
363,496,451,395,483,455,418,417,392,452,439,417,381,369,340,396,381,340,455,396
363,496,451,395,483,455,418,417,392,452,439,417,381,369,340,396,381,340,455,396
363,496,451,395,483,455,418,417,392,452,439,417,381,369,340,396,381,340,455,396
396,508,455,413,492,464,432,460,401,478,459,460,392,408,352,400,401,354,464,432
396,508,455,413,492,464,432,460,401,478,459,460,392,408,352,400,401,354,464,432
396,508,455,413,492,464,432,460,401,478,459,460,392,408,352,400,401,354,464,432
396,508,455,413,492,464,432,460,401,478,459,460,392,408,352,400,401,354,464,432
396,508,455,413,492,464,432,460,401,478,459,460,392,408,352,400,401,354,464,432
409,522,464,432,496,478,439,483,407,479,489,483,401,411,363,406,407,371,470,451
409,522,464,432,496,478,439,483,407,479,489,483,401,411,363,406,407,371,470,451
409,522,464,432,496,478,439,483,407,479,489,483,401,411,363,406,407,371,470,451
409,522,464,432,496,478,439,483,407,479,489,483,401,411,363,406,407,371,470,451
409,522,464,432,496,478,439,483,407,479,489,483,401,411,363,406,407,371,470,451
413,535,478,439,508,491,443,492,433,485,501,492,407,429,395,417,418,408,486,469
413,535,478,439,508,491,443,492,433,485,501,492,407,429,395,417,418,408,486,469
413,535,478,439,508,491,443,492,433,485,501,492,407,429,395,417,418,408,486,469
413,535,478,439,508,491,443,492,433,485,501,492,407,429,395,417,418,408,486,469
413,535,478,439,508,491,443,492,433,485,501,492,407,429,395,417,418,408,486,469
429,544,491,443,529,500,452,502,472,491,528,502,418,433,408,443,428,409,490,508
429,544,491,443,529,500,452,502,472,491,528,502,418,433,408,443,428,409,490,508
429,544,491,443,529,500,452,502,472,491,528,502,418,433,408,443,428,409,490,508
429,544,491,443,529,500,452,502,472,491,528,502,418,433,408,443,428,409,490,508
429,544,491,443,529,500,452,502,472,491,528,502,418,433,408,443,428,409,490,508
461,548,500,461,535,509,459,511,484,500,561,513,428,452,459,460,475,413,496,521
461,548,500,461,535,509,459,511,484,500,561,513,428,452,459,460,475,413,496,521
461,548,500,461,535,509,459,511,484,500,561,513,428,452,459,460,475,413,496,521
461,548,500,461,535,509,459,511,484,500,561,513,428,452,459,460,475,413,496,521
461,548,500,461,535,509,459,511,484,500,561,513,428,452,459,460,475,413,496,521
475,557,509,489,544,527,489,513,516,509,564,529,475,479,486,502,484,429,511,535
475,557,509,489,544,527,489,513,516,509,564,529,475,479,486,502,484,429,511,535
475,557,509,489,544,527,489,513,516,509,564,529,475,479,486,502,484,429,511,535
475,557,509,489,544,527,489,513,516,509,564,529,475,479,486,502,484,429,511,535
475,557,509,489,544,527,489,513,516,509,564,529,475,479,486,502,484,429,511,535
486,559,527,501,548,549,501,529,517,527,579,536,484,485,490,513,516,431,549,544
486,559,527,501,548,549,501,529,517,527,579,536,484,485,490,513,516,431,549,544
486,559,527,501,548,549,501,529,517,527,579,536,484,485,490,513,516,431,549,544
486,559,527,501,548,549,501,529,517,527,579,536,484,485,490,513,516,431,549,544
486,559,527,501,548,549,501,529,517,527,579,536,484,485,490,513,516,431,549,544
490,567,549,528,557,563,521,536,522,534,591,573,511,497,497,573,517,461,567,553
490,567,549,528,557,563,521,536,522,534,591,573,511,497,497,573,517,461,567,553
490,567,549,528,557,563,521,536,522,534,591,573,511,497,497,573,517,461,567,553
490,567,549,528,557,563,521,536,522,534,591,573,511,497,497,573,517,461,567,553
490,567,549,528,557,563,521,536,522,534,591,573,511,497,497,573,517,461,567,553
519,593,563,553,559,577,528,580,525,542,606,576,516,506,506,576,525,479,596,557
519,593,563,553,559,577,528,580,525,542,606,576,516,506,506,576,525,479,596,557
519,593,563,553,559,577,528,580,525,542,606,576,516,506,506,576,525,479,596,557
519,593,563,553,559,577,528,580,525,542,606,576,516,506,506,576,525,479,596,557
519,593,563,553,559,577,528,580,525,542,606,576,516,506,506,576,525,479,596,557
553,596,577,564,561,602,542,598,530,601,619,580,517,519,531,578,530,485,628,563
553,596,577,564,561,602,542,598,530,601,619,580,517,519,531,578,530,485,628,563
553,596,577,564,561,602,542,598,530,601,619,580,517,519,531,578,530,485,628,563
553,596,577,564,561,602,542,598,530,601,619,580,517,519,531,578,530,485,628,563
553,596,577,564,561,602,542,598,530,601,619,580,517,519,531,578,530,485,628,563
560,600,602,579,567,610,564,607,550,602,631,607,521,531,561,580,558,497,645,577
560,600,602,579,567,610,564,607,550,602,631,607,521,531,561,580,558,497,645,577
560,600,602,579,567,610,564,607,550,602,631,607,521,531,561,580,558,497,645,577
560,600,602,579,567,610,564,607,550,602,631,607,521,531,561,580,558,497,645,577
560,600,602,579,567,610,564,607,550,602,631,607,521,531,561,580,558,497,645,577
605,601,610,606,596,618,579,611,558,610,633,621,522,534,591,605,566,506,648,599
605,601,610,606,596,618,579,611,558,610,633,621,522,534,591,605,566,506,648,599
605,601,610,606,596,618,579,611,558,610,633,621,522,534,591,605,566,506,648,599
605,601,610,606,596,618,579,611,558,610,633,621,522,534,591,605,566,506,648,599
605,601,610,606,596,618,579,611,558,610,633,621,522,534,591,605,566,506,648,599
621,611,646,617,598,638,591,619,559,638,634,635,525,542,611,607,568,519,653,601
621,611,646,617,598,638,591,619,559,638,634,635,525,542,611,607,568,519,653,601
621,611,646,617,598,638,591,619,559,638,634,635,525,542,611,607,568,519,653,601
621,611,646,617,598,638,591,619,559,638,634,635,525,542,611,607,568,519,653,601
621,611,646,617,598,638,591,619,559,638,634,635,525,542,611,607,568,519,653,601
641,628,653,631,600,645,606,631,566,659,640,639,530,550,619,617,593,531,671,605
641,628,653,631,600,645,606,631,566,659,640,639,530,550,619,617,593,531,671,605
641,628,653,631,600,645,606,631,566,659,640,639,530,550,619,617,593,531,671,605
641,628,653,631,600,645,606,631,566,659,640,639,530,550,619,617,593,531,671,605
641,628,653,631,600,645,606,631,566,659,640,639,530,550,619,617,593,531,671,605
665,642,655,647,628,653,617,633,568,673,646,641,558,560,633,635,599,534,683,642
665,642,655,647,628,653,617,633,568,673,646,641,558,560,633,635,599,534,683,642
665,642,655,647,628,653,617,633,568,673,646,641,558,560,633,635,599,534,683,642
665,642,655,647,628,653,617,633,568,673,646,641,558,560,633,635,599,534,683,642
665,642,655,647,628,653,617,633,568,673,646,641,558,560,633,635,599,534,683,642
687,645,659,649,642,659,646,634,573,694,649,644,566,578,634,639,621,536,686,644
687,645,659,649,642,659,646,634,573,694,649,644,566,578,634,639,621,536,686,644
687,645,659,649,642,659,646,634,573,694,649,644,566,578,634,639,621,536,686,644
687,645,659,649,642,659,646,634,573,694,649,644,566,578,634,639,621,536,686,644
687,645,659,649,642,659,646,634,573,694,649,644,566,578,634,639,621,536,686,644
696,658,666,676,658,665,647,635,576,714,655,650,568,599,638,640,651,548,691,658
696,658,666,676,658,665,647,635,576,714,655,650,568,599,638,640,651,548,691,658
696,658,666,676,658,665,647,635,576,714,655,650,568,599,638,640,651,548,691,658
696,658,666,676,658,665,647,635,576,714,655,650,568,599,638,640,651,548,691,658
696,658,666,676,658,665,647,635,576,714,655,650,568,599,638,640,651,548,691,658
701,661,668,691,661,690,649,639,600,718,670,663,578,614,648,644,660,550,699,660
701,661,668,691,661,690,649,639,600,718,670,663,578,614,648,644,660,550,699,660
701,661,668,691,661,690,649,639,600,718,670,663,578,614,648,644,660,550,699,660
701,661,668,691,661,690,649,639,600,718,670,663,578,614,648,644,660,550,699,660
701,661,668,691,661,690,649,639,600,718,670,663,578,614,648,644,660,550,699,660
709,664,672,696,664,699,655,640,614,722,676,675,593,648,670,650,675,560,703,664
709,664,672,696,664,699,655,640,614,722,676,675,593,648,670,650,675,560,703,664
709,664,672,696,664,699,655,640,614,722,676,675,593,648,670,650,675,560,703,664
709,664,672,696,664,699,655,640,614,722,676,675,593,648,670,650,675,560,703,664
709,664,672,696,664,699,655,640,614,722,676,675,593,648,670,650,675,560,703,664
715,671,690,706,673,705,675,650,618,724,692,689,598,660,671,663,682,614,709,665
715,671,690,706,673,705,675,650,618,724,692,689,598,660,671,663,682,614,709,665
715,671,690,706,673,705,675,650,618,724,692,689,598,660,671,663,682,614,709,665
715,671,690,706,673,705,675,650,618,724,692,689,598,660,671,663,682,614,709,665
715,671,690,706,673,705,675,650,618,724,692,689,598,660,671,663,682,614,709,665
739,681,699,708,681,718,676,663,651,729,706,707,618,686,673,668,695,641,710,670
739,681,699,708,681,718,676,663,651,729,706,707,618,686,673,668,695,641,710,670
739,681,699,708,681,718,676,663,651,729,706,707,618,686,673,668,695,641,710,670
739,681,699,708,681,718,676,663,651,729,706,707,618,686,673,668,695,641,710,670
739,681,699,708,681,718,676,663,651,729,706,707,618,686,673,668,695,641,710,670
743,695,705,728,695,726,682,668,666,737,708,712,647,694,683,672,696,661,715,672
743,695,705,728,695,726,682,668,666,737,708,712,647,694,683,672,696,661,715,672
743,695,705,728,695,726,682,668,666,737,708,712,647,694,683,672,696,661,715,672
743,695,705,728,695,726,682,668,666,737,708,712,647,694,683,672,696,661,715,672
743,695,705,728,695,726,682,668,666,737,708,712,647,694,683,672,696,661,715,672
755,703,718,731,703,741,691,689,683,741,719,723,651,701,686,687,707,690,738,681
755,703,718,731,703,741,691,689,683,741,719,723,651,701,686,687,707,690,738,681
755,703,718,731,703,741,691,689,683,741,719,723,651,701,686,687,707,690,738,681
755,703,718,731,703,741,691,689,683,741,719,723,651,701,686,687,707,690,738,681
755,703,718,731,703,741,691,689,683,741,719,723,651,701,686,687,707,690,738,681
760,710,719,734,710,749,694,692,713,758,738,726,666,714,692,689,713,701,743,687
760,710,719,734,710,749,694,692,713,758,738,726,666,714,692,689,713,701,743,687
760,710,719,734,710,749,694,692,713,758,738,726,666,714,692,689,713,701,743,687
760,710,719,734,710,749,694,692,713,758,738,726,666,714,692,689,713,701,743,687
760,710,719,734,710,749,694,692,713,758,738,726,666,714,692,689,713,701,743,687
763,716,726,742,732,751,706,712,719,767,742,732,682,722,709,712,727,714,744,705
763,716,726,742,732,751,706,712,719,767,742,732,682,722,709,712,727,714,744,705
763,716,726,742,732,751,706,712,719,767,742,732,682,722,709,712,727,714,744,705
763,716,726,742,732,751,706,712,719,767,742,732,682,722,709,712,727,714,744,705
763,716,726,742,732,751,706,712,719,767,742,732,682,722,709,712,727,714,744,705
772,724,733,743,740,754,708,732,735,775,757,734,707,727,715,716,735,722,750,716
772,724,733,743,740,754,708,732,735,775,757,734,707,727,715,716,735,722,750,716
772,724,733,743,740,754,708,732,735,775,757,734,707,727,715,716,735,722,750,716
772,724,733,743,740,754,708,732,735,775,757,734,707,727,715,716,735,722,750,716
772,724,733,743,740,754,708,732,735,775,757,734,707,727,715,716,735,722,750,716
773,729,741,760,744,767,728,733,740,781,771,745,713,736,728,723,746,724,763,723
773,729,741,760,744,767,728,733,740,781,771,745,713,736,728,723,746,724,763,723
773,729,741,760,744,767,728,733,740,781,771,745,713,736,728,723,746,724,763,723
773,729,741,760,744,767,728,733,740,781,771,745,713,736,728,723,746,724,763,723
773,729,741,760,744,767,728,733,740,781,771,745,713,736,728,723,746,724,763,723
778,740,749,764,750,775,731,734,754,792,776,765,735,737,736,739,749,729,764,727
778,740,749,764,750,775,731,734,754,792,776,765,735,737,736,739,749,729,764,727
778,740,749,764,750,775,731,734,754,792,776,765,735,737,736,739,749,729,764,727
778,740,749,764,750,775,731,734,754,792,776,765,735,737,736,739,749,729,764,727
778,740,749,764,750,775,731,734,754,792,776,765,735,737,736,739,749,729,764,727
787,744,751,776,765,779,742,745,770,795,777,783,746,746,738,745,760,736,771,731
787,744,751,776,765,779,742,745,770,795,777,783,746,746,738,745,760,736,771,731
787,744,751,776,765,779,742,745,770,795,777,783,746,746,738,745,760,736,771,731
787,744,751,776,765,779,742,745,770,795,777,783,746,746,738,745,760,736,771,731
787,744,751,776,765,779,742,745,770,795,777,783,746,746,738,745,760,736,771,731
796,750,767,778,769,781,764,757,774,798,782,802,754,755,757,772,770,737,787,733
796,750,767,778,769,781,764,757,774,798,782,802,754,755,757,772,770,737,787,733
796,750,767,778,769,781,764,757,774,798,782,802,754,755,757,772,770,737,787,733
796,750,767,778,769,781,764,757,774,798,782,802,754,755,757,772,770,737,787,733
796,750,767,778,769,781,764,757,774,798,782,802,754,755,757,772,770,737,787,733
798,769,775,782,774,789,782,765,783,800,793,816,770,758,763,783,773,755,804,739
798,769,775,782,774,789,782,765,783,800,793,816,770,758,763,783,773,755,804,739
798,769,775,782,774,789,782,765,783,800,793,816,770,758,763,783,773,755,804,739
798,769,775,782,774,789,782,765,783,800,793,816,770,758,763,783,773,755,804,739
798,769,775,782,774,789,782,765,783,800,793,816,770,758,763,783,773,755,804,739
804,774,779,796,784,791,785,778,791,811,801,819,773,777,771,802,776,758,807,751
804,774,779,796,784,791,785,778,791,811,801,819,773,777,771,802,776,758,807,751
804,774,779,796,784,791,785,778,791,811,801,819,773,777,771,802,776,758,807,751
804,774,779,796,784,791,785,778,791,811,801,819,773,777,771,802,776,758,807,751
804,774,779,796,784,791,785,778,791,811,801,819,773,777,771,802,776,758,807,751
808,784,781,801,788,800,792,793,797,814,805,823,779,792,787,807,796,777,817,769
808,784,781,801,788,800,792,793,797,814,805,823,779,792,787,807,796,777,817,769
808,784,781,801,788,800,792,793,797,814,805,823,779,792,787,807,796,777,817,769
808,784,781,801,788,800,792,793,797,814,805,823,779,792,787,807,796,777,817,769
808,784,781,801,788,800,792,793,797,814,805,823,779,792,787,807,796,777,817,769
817,785,789,805,797,806,795,802,803,817,806,830,791,795,793,816,803,784,834,772
817,785,789,805,797,806,795,802,803,817,806,830,791,795,793,816,803,784,834,772
817,785,789,805,797,806,795,802,803,817,806,830,791,795,793,816,803,784,834,772
817,785,789,805,797,806,795,802,803,817,806,830,791,795,793,816,803,784,834,772
817,785,789,805,797,806,795,802,803,817,806,830,791,795,793,816,803,784,834,772
821,788,800,808,810,809,801,812,809,833,812,847,803,807,804,819,813,788,841,785
821,788,800,808,810,809,801,812,809,833,812,847,803,807,804,819,813,788,841,785
821,788,800,808,810,809,801,812,809,833,812,847,803,807,804,819,813,788,841,785
821,788,800,808,810,809,801,812,809,833,812,847,803,807,804,819,813,788,841,785
821,788,800,808,810,809,801,812,809,833,812,847,803,807,804,819,813,788,841,785
834,797,814,837,835,811,805,816,813,836,815,857,809,811,806,828,820,798,851,789
834,797,814,837,835,811,805,816,813,836,815,857,809,811,806,828,820,798,851,789
834,797,814,837,835,811,805,816,813,836,815,857,809,811,806,828,820,798,851,789
834,797,814,837,835,811,805,816,813,836,815,857,809,811,806,828,820,798,851,789
834,797,814,837,835,811,805,816,813,836,815,857,809,811,806,828,820,798,851,789
841,810,823,841,842,814,815,819,820,850,832,860,813,821,812,830,825,808,858,810
841,810,823,841,842,814,815,819,820,850,832,860,813,821,812,830,825,808,858,810
841,810,823,841,842,814,815,819,820,850,832,860,813,821,812,830,825,808,858,810
841,810,823,841,842,814,815,819,820,850,832,860,813,821,812,830,825,808,858,810
841,810,823,841,842,814,815,819,820,850,832,860,813,821,812,830,825,808,858,810
849,835,828,845,852,828,823,830,825,858,837,863,820,833,815,847,831,821,862,835
849,835,828,845,852,828,823,830,825,858,837,863,820,833,815,847,831,821,862,835
849,835,828,845,852,828,823,830,825,858,837,863,820,833,815,847,831,821,862,835
849,835,828,845,852,828,823,830,825,858,837,863,820,833,815,847,831,821,862,835
849,835,828,845,852,828,823,830,825,858,837,863,820,833,815,847,831,821,862,835
853,842,836,849,854,836,837,832,831,870,844,872,825,840,832,853,839,833,869,842
853,842,836,849,854,836,837,832,831,870,844,872,825,840,832,853,839,833,869,842
853,842,836,849,854,836,837,832,831,870,844,872,825,840,832,853,839,833,869,842
853,842,836,849,854,836,837,832,831,870,844,872,825,840,832,853,839,833,869,842
853,842,836,849,854,836,837,832,831,870,844,872,825,840,832,853,839,833,869,842
865,852,844,856,860,846,844,847,839,876,845,877,831,848,834,857,848,840,883,848
865,852,844,856,860,846,844,847,839,876,845,877,831,848,834,857,848,840,883,848
865,852,844,856,860,846,844,847,839,876,845,877,831,848,834,857,848,840,883,848
865,852,844,856,860,846,844,847,839,876,845,877,831,848,834,857,848,840,883,848
865,852,844,856,860,846,844,847,839,876,845,877,831,848,834,857,848,840,883,848
868,854,870,866,862,870,845,857,846,880,851,879,839,850,840,863,854,849,888,853
868,854,870,866,862,870,845,857,846,880,851,879,839,850,840,863,854,849,888,853
868,854,870,866,862,870,845,857,846,880,851,879,839,850,840,863,854,849,888,853
868,854,870,866,862,870,845,857,846,880,851,879,839,850,840,863,854,849,888,853
868,854,870,866,862,870,845,857,846,880,851,879,839,850,840,863,854,849,888,853
878,858,884,871,869,884,850,860,852,884,856,882,846,864,851,865,861,864,891,865
878,858,884,871,869,884,850,860,852,884,856,882,846,864,851,865,861,864,891,865
878,858,884,871,869,884,850,860,852,884,856,882,846,864,851,865,861,864,891,865
878,858,884,871,869,884,850,860,852,884,856,882,846,864,851,865,861,864,891,865
878,858,884,871,869,884,850,860,852,884,856,882,846,864,851,865,861,864,891,865
893,862,895,878,875,895,856,863,861,890,868,886,861,880,864,872,873,866,897,875
893,862,895,878,875,895,856,863,861,890,868,886,861,880,864,872,873,866,897,875
893,862,895,878,875,895,856,863,861,890,868,886,861,880,864,872,873,866,897,875
893,862,895,878,875,895,856,863,861,890,868,886,861,880,864,872,873,866,897,875
893,862,895,878,875,895,856,863,861,890,868,886,861,880,864,872,873,866,897,875
897,869,903,888,883,903,866,872,873,895,871,891,873,892,881,877,878,868,898,876
897,869,903,888,883,903,866,872,873,895,871,891,873,892,881,877,878,868,898,876
897,869,903,888,883,903,866,872,873,895,871,891,873,892,881,877,878,868,898,876
897,869,903,888,883,903,866,872,873,895,871,891,873,892,881,877,878,868,898,876
897,869,903,888,883,903,866,872,873,895,871,891,873,892,881,877,878,868,898,876
901,875,908,893,889,911,871,879,889,903,881,906,876,901,885,879,890,880,912,877
901,875,908,893,889,911,871,879,889,903,881,906,876,901,885,879,890,880,912,877
901,875,908,893,889,911,871,879,889,903,881,906,876,901,885,879,890,880,912,877
901,875,908,893,889,911,871,879,889,903,881,906,876,901,885,879,890,880,912,877
901,875,908,893,889,911,871,879,889,903,881,906,876,901,885,879,890,880,912,877
917,883,919,904,894,919,881,882,894,908,885,915,890,908,891,882,902,893,924,889
917,883,919,904,894,919,881,882,894,908,885,915,890,908,891,882,902,893,924,889
917,883,919,904,894,919,881,882,894,908,885,915,890,908,891,882,902,893,924,889
917,883,919,904,894,919,881,882,894,908,885,915,890,908,891,882,902,893,924,889
917,883,919,904,894,919,881,882,894,908,885,915,890,908,891,882,902,893,924,889
923,894,925,913,897,925,885,886,907,910,896,937,900,910,896,886,907,901,925,892
923,894,925,913,897,925,885,886,907,910,896,937,900,910,896,886,907,901,925,892
923,894,925,913,897,925,885,886,907,910,896,937,900,910,896,886,907,901,925,892
923,894,925,913,897,925,885,886,907,910,896,937,900,910,896,886,907,901,925,892
923,894,925,913,897,925,885,886,907,910,896,937,900,910,896,886,907,901,925,892
924,898,926,917,902,926,896,888,911,912,904,940,907,911,912,892,913,905,934,900
924,898,926,917,902,926,896,888,911,912,904,940,907,911,912,892,913,905,934,900
924,898,926,917,902,926,896,888,911,912,904,940,907,911,912,892,913,905,934,900
924,898,926,917,902,926,896,888,911,912,904,940,907,911,912,892,913,905,934,900
924,898,926,917,902,926,896,888,911,912,904,940,907,911,912,892,913,905,934,900
929,902,931,922,905,931,904,898,915,919,916,945,916,922,920,900,916,910,942,918
929,902,931,922,905,931,904,898,915,919,916,945,916,922,920,900,916,910,942,918
929,902,931,922,905,931,904,898,915,919,916,945,916,922,920,900,916,910,942,918
929,902,931,922,905,931,904,898,915,919,916,945,916,922,920,900,916,910,942,918
929,902,931,922,905,931,904,898,915,919,916,945,916,922,920,900,916,910,942,918
934,905,943,923,918,943,913,906,928,935,920,947,928,929,927,906,928,917,944,931
934,905,943,923,918,943,913,906,928,935,920,947,928,929,927,906,928,917,944,931
934,905,943,923,918,943,913,906,928,935,920,947,928,929,927,906,928,917,944,931
934,905,943,923,918,943,913,906,928,935,920,947,928,929,927,906,928,917,944,931
934,905,943,923,918,943,913,906,928,935,920,947,928,929,927,906,928,917,944,931
939,918,949,924,942,949,920,933,937,946,927,954,938,938,933,915,938,922,948,943
939,918,949,924,942,949,920,933,937,946,927,954,938,938,933,915,938,922,948,943
939,918,949,924,942,949,920,933,937,946,927,954,938,938,933,915,938,922,948,943
939,918,949,924,942,949,920,933,937,946,927,954,938,938,933,915,938,922,948,943
939,918,949,924,942,949,920,933,937,946,927,954,938,938,933,915,938,922,948,943
945,942,952,932,944,952,927,936,947,949,932,955,941,941,934,937,941,923,958,959
945,942,952,932,944,952,927,936,947,949,932,955,941,941,934,937,941,923,958,959
945,942,952,932,944,952,927,936,947,949,932,955,941,941,934,937,941,923,958,959
945,942,952,932,944,952,927,936,947,949,932,955,941,941,934,937,941,923,958,959
945,942,952,932,944,952,927,936,947,949,932,955,941,941,934,937,941,923,958,959
950,944,963,939,955,963,932,940,956,952,933,962,946,950,935,940,946,926,961,962
950,944,963,939,955,963,932,940,956,952,933,962,946,950,935,940,946,926,961,962
950,944,963,939,955,963,932,940,956,952,933,962,946,950,935,940,946,926,961,962
950,944,963,939,955,963,932,940,956,952,933,962,946,950,935,940,946,926,961,962
950,944,963,939,955,963,932,940,956,952,933,962,946,950,935,940,946,926,961,962
958,959,970,953,959,970,935,945,966,963,936,965,948,957,936,947,956,929,969,975
958,959,970,953,959,970,935,945,966,963,936,965,948,957,936,947,956,929,969,975
958,959,970,953,959,970,935,945,966,963,936,965,948,957,936,947,956,929,969,975
958,959,970,953,959,970,935,945,966,963,936,965,948,957,936,947,956,929,969,975
958,959,970,953,959,970,935,945,966,963,936,965,948,957,936,947,956,929,969,975
961,969,974,958,969,974,953,954,978,970,953,972,956,968,948,954,966,939,972,981
961,969,974,958,969,974,953,954,978,970,953,972,956,968,948,954,966,939,972,981
961,969,974,958,969,974,953,954,978,970,953,972,956,968,948,954,966,939,972,981
961,969,974,958,969,974,953,954,978,970,953,972,956,968,948,954,966,939,972,981
961,969,974,958,969,974,953,954,978,970,953,972,956,968,948,954,966,939,972,981
968,973,975,961,973,975,992,955,985,979,992,977,966,971,957,962,971,950,973,986
968,973,975,961,973,975,992,955,985,979,992,977,966,971,957,962,971,950,973,986
968,973,975,961,973,975,992,955,985,979,992,977,966,971,957,962,971,950,973,986
968,973,975,961,973,975,992,955,985,979,992,977,966,971,957,962,971,950,973,986
968,973,975,961,973,975,992,955,985,979,992,977,966,971,957,962,971,950,973,986
980,981,982,988,981,982,995,965,994,982,995,984,971,979,972,965,978,957,974,989
980,981,982,988,981,982,995,965,994,982,995,984,971,979,972,965,978,957,974,989
980,981,982,988,981,982,995,965,994,982,995,984,971,979,972,965,978,957,974,989
980,981,982,988,981,982,995,965,994,982,995,984,971,979,972,965,978,957,974,989
980,981,982,988,981,982,995,965,994,982,995,984,971,979,972,965,978,957,974,989
988,990,991,995,990,991,998,977,999,989,1000,986,978,987,980,977,985,968,980,990
988,990,991,995,990,991,998,977,999,989,1000,986,978,987,980,977,985,968,980,990
988,990,991,995,990,991,998,977,999,989,1000,986,978,987,980,977,985,968,980,990
988,990,991,995,990,991,998,977,999,989,1000,986,978,987,980,977,985,968,980,990
988,990,991,995,990,991,998,977,999,989,1000,986,978,987,980,977,985,968,980,990
996,997,1003,998,997,1003,1004,984,1006,991,1003,993,985,989,987,984,994,979,988,998
996,997,1003,998,997,1003,1004,984,1006,991,1003,993,985,989,987,984,994,979,988,998
996,997,1003,998,997,1003,1004,984,1006,991,1003,993,985,989,987,984,994,979,988,998
996,997,1003,998,997,1003,1004,984,1006,991,1003,993,985,989,987,984,994,979,988,998
996,997,1003,998,997,1003,1004,984,1006,991,1003,993,985,989,987,984,994,979,988,998
1001,1010,1008,1001,1012,1007,1008,986,1010,1011,1004,1005,994,996,992,993,999,987,997,1001
1001,1010,1008,1001,1012,1007,1008,986,1010,1011,1004,1005,994,996,992,993,999,987,997,1001
1001,1010,1008,1001,1012,1007,1008,986,1010,1011,1004,1005,994,996,992,993,999,987,997,1001
1001,1010,1008,1001,1012,1007,1008,986,1010,1011,1004,1005,994,996,992,993,999,987,997,1001
1001,1010,1008,1001,1012,1007,1008,986,1010,1011,1004,1005,994,996,992,993,999,987,997,1001
1007,1016,1011,1018,1016,1011,1018,993,1012,1013,1008,1009,999,1007,1000,1005,1006,996,1000,1005
1007,1016,1011,1018,1016,1011,1018,993,1012,1013,1008,1009,999,1007,1000,1005,1006,996,1000,1005
1007,1016,1011,1018,1016,1011,1018,993,1012,1013,1008,1009,999,1007,1000,1005,1006,996,1000,1005
1007,1016,1011,1018,1016,1011,1018,993,1012,1013,1008,1009,999,1007,1000,1005,1006,996,1000,1005
1007,1016,1011,1018,1016,1011,1018,993,1012,1013,1008,1009,999,1007,1000,1005,1006,996,1000,1005
1015,1020,1017,1019,1020,1017,1019,1009,1022,1017,1018,1014,1006,1013,1004,1009,1016,1013,1010,1015
1015,1020,1017,1019,1020,1017,1019,1009,1022,1017,1018,1014,1006,1013,1004,1009,1016,1013,1010,1015
1015,1020,1017,1019,1020,1017,1019,1009,1022,1017,1018,1014,1006,1013,1004,1009,1016,1013,1010,1015
1015,1020,1017,1019,1020,1017,1019,1009,1022,1017,1018,1014,1006,1013,1004,1009,1016,1013,1010,1015
1015,1020,1017,1019,1020,1017,1019,1009,1022,1017,1018,1014,1006,1013,1004,1009,1016,1013,1010,1015
1023,1024,1025,1021,1023,1025,1021,1024,1023,1025,1021,1024,1012,1022,1014,1015,1019,1022,1014,1020
1023,1024,1025,1021,1023,1025,1021,1024,1023,1025,1021,1024,1012,1022,1014,1015,1019,1022,1014,1020
1023,1024,1025,1021,1023,1025,1021,1024,1023,1025,1021,1024,1012,1022,1014,1015,1019,1022,1014,1020
1023,1024,1025,1021,1023,1025,1021,1024,1023,1025,1021,1024,1012,1022,1014,1015,1019,1022,1014,1020
1023,1024,1025,1021,1023,1025,1021,1024,1023,1025,1021,1024,1012,1022,1014,1015,1019,1022,1014,1020