12,64,19,12,64,19,82,12,83,19,82,67,91,83,82,67,91,83,96,64
12,64,19,12,64,19,82,12,83,19,82,67,91,83,82,67,91,83,96,64
12,64,19,12,64,19,82,12,83,19,82,67,91,83,82,67,91,83,96,64
12,64,19,12,64,19,82,12,83,19,82,67,91,83,82,67,91,83,96,64
12,64,19,12,64,19,82,12,83,19,82,67,91,83,82,67,91,83,96,64
12,64,19,12,64,19,82,12,83,19,82,67,91,83,82,67,91,83,96,64
12,64,19,12,64,19,82,12,83,19,82,67,91,83,82,67,91,83,96,64
84,117,48,96,84,48,109,67,84,48,109,115,110,103,121,115,110,103,118,123
84,117,48,96,84,48,109,67,84,48,109,115,110,103,121,115,110,103,118,123
84,117,48,96,84,48,109,67,84,48,109,115,110,103,121,115,110,103,118,123
84,117,48,96,84,48,109,67,84,48,109,115,110,103,121,115,110,103,118,123
84,117,48,96,84,48,109,67,84,48,109,115,110,103,121,115,110,103,118,123
84,117,48,96,84,48,109,67,84,48,109,115,110,103,121,115,110,103,118,123
84,117,48,96,84,48,109,67,84,48,109,115,110,103,121,115,110,103,118,123
96,137,80,109,118,80,132,115,91,80,132,123,145,117,132,123,145,117,137,171
96,137,80,109,118,80,132,115,91,80,132,123,145,117,132,123,145,117,137,171
96,137,80,109,118,80,132,115,91,80,132,123,145,117,132,123,145,117,137,171
96,137,80,109,118,80,132,115,91,80,132,123,145,117,132,123,145,117,137,171
96,137,80,109,118,80,132,115,91,80,132,123,145,117,132,123,145,117,137,171
96,137,80,109,118,80,132,115,91,80,132,123,145,117,132,123,145,117,137,171
96,137,80,109,118,80,132,115,91,80,132,123,145,117,132,123,145,117,137,171
146,180,162,139,137,162,139,118,110,103,139,133,185,121,146,133,160,121,146,180
146,180,162,139,137,162,139,118,110,103,139,133,185,121,146,133,160,121,146,180
146,180,162,139,137,162,139,118,110,103,139,133,185,121,146,133,160,121,146,180
146,180,162,139,137,162,139,118,110,103,139,133,185,121,146,133,160,121,146,180
146,180,162,139,137,162,139,118,110,103,139,133,185,121,146,133,160,121,146,180
146,180,162,139,137,162,139,118,110,103,139,133,185,121,146,133,160,121,146,180
146,180,162,139,137,162,139,118,110,103,139,133,185,121,146,133,160,121,146,180
160,190,171,182,180,171,182,133,145,144,155,142,188,144,155,142,185,144,162,184
160,190,171,182,180,171,182,133,145,144,155,142,188,144,155,142,185,144,162,184
160,190,171,182,180,171,182,133,145,144,155,142,188,144,155,142,185,144,162,184
160,190,171,182,180,171,182,133,145,144,155,142,188,144,155,142,185,144,162,184
160,190,171,182,180,171,182,133,145,144,155,142,188,144,155,142,185,144,162,184
160,190,171,182,180,171,182,133,145,144,155,142,188,144,155,142,185,144,162,184
160,190,171,182,180,171,182,133,145,144,155,142,188,144,155,142,185,144,162,184
208,206,184,230,190,184,192,142,185,160,182,183,263,178,192,183,188,178,208,190
208,206,184,230,190,184,192,142,185,160,182,183,263,178,192,183,188,178,208,190
208,206,184,230,190,184,192,142,185,160,182,183,263,178,192,183,188,178,208,190
208,206,184,230,190,184,192,142,185,160,182,183,263,178,192,183,188,178,208,190
208,206,184,230,190,184,192,142,185,160,182,183,263,178,192,183,188,178,208,190
208,206,184,230,190,184,192,142,185,160,182,183,263,178,192,183,188,178,208,190
208,206,184,230,190,184,192,142,185,160,182,183,263,178,192,183,188,178,208,190
235,210,201,244,206,201,194,155,188,178,192,195,281,216,194,195,264,216,242,201
235,210,201,244,206,201,194,155,188,178,192,195,281,216,194,195,264,216,242,201
235,210,201,244,206,201,194,155,188,178,192,195,281,216,194,195,264,216,242,201
235,210,201,244,206,201,194,155,188,178,192,195,281,216,194,195,264,216,242,201
235,210,201,244,206,201,194,155,188,178,192,195,281,216,194,195,264,216,242,201
235,210,201,244,206,201,194,155,188,178,192,195,281,216,194,195,264,216,242,201
235,210,201,244,206,201,194,155,188,178,192,195,281,216,194,195,264,216,242,201
242,220,237,252,210,237,230,183,233,241,194,233,289,235,208,233,281,235,309,206
242,220,237,252,210,237,230,183,233,241,194,233,289,235,208,233,281,235,309,206
242,220,237,252,210,237,230,183,233,241,194,233,289,235,208,233,281,235,309,206
242,220,237,252,210,237,230,183,233,241,194,233,289,235,208,233,281,235,309,206
242,220,237,252,210,237,230,183,233,241,194,233,289,235,208,233,281,235,309,206
242,220,237,252,210,237,230,183,233,241,194,233,289,235,208,233,281,235,309,206
242,220,237,252,210,237,230,183,233,241,194,233,289,235,208,233,281,235,309,206
265,286,270,263,220,270,244,195,281,267,244,246,296,241,216,246,289,241,319,210
265,286,270,263,220,270,244,195,281,267,244,246,296,241,216,246,289,241,319,210
265,286,270,263,220,270,244,195,281,267,244,246,296,241,216,246,289,241,319,210
265,286,270,263,220,270,244,195,281,267,244,246,296,241,216,246,289,241,319,210
265,286,270,263,220,270,244,195,281,267,244,246,296,241,216,246,289,241,319,210
265,286,270,263,220,270,244,195,281,267,244,246,296,241,216,246,289,241,319,210
265,286,270,263,220,270,244,195,281,267,244,246,296,241,216,246,289,241,319,210
309,310,276,265,286,276,252,246,286,270,260,248,297,252,242,248,296,263,320,220
309,310,276,265,286,276,252,246,286,270,260,248,297,252,242,248,296,263,320,220
309,310,276,265,286,276,252,246,286,270,260,248,297,252,242,248,296,263,320,220
309,310,276,265,286,276,252,246,286,270,260,248,297,252,242,248,296,263,320,220
309,310,276,265,286,276,252,246,286,270,260,248,297,252,242,248,296,263,320,220
309,310,276,265,286,276,252,246,286,270,260,248,297,252,242,248,296,263,320,220
309,310,276,265,286,276,252,246,286,270,260,248,297,252,242,248,296,263,320,220
330,318,292,319,294,292,319,248,296,280,318,294,308,264,260,306,297,265,330,230
330,318,292,319,294,292,319,248,296,280,318,294,308,264,260,306,297,265,330,230
330,318,292,319,294,292,319,248,296,280,318,294,308,264,260,306,297,265,330,230
330,318,292,319,294,292,319,248,296,280,318,294,308,264,260,306,297,265,330,230
330,318,292,319,294,292,319,248,296,280,318,294,308,264,260,306,297,265,330,230
330,318,292,319,294,292,319,248,296,280,318,294,308,264,260,306,297,265,330,230
330,318,292,319,294,292,319,248,296,280,318,294,308,264,260,306,297,265,330,230
345,320,304,330,310,304,350,260,297,299,350,306,333,267,309,326,308,267,364,237
345,320,304,330,310,304,350,260,297,299,350,306,333,267,309,326,308,267,364,237
345,320,304,330,310,304,350,260,297,299,350,306,333,267,309,326,308,267,364,237
345,320,304,330,310,304,350,260,297,299,350,306,333,267,309,326,308,267,364,237
345,320,304,330,310,304,350,260,297,299,350,306,333,267,309,326,308,267,364,237
345,320,304,330,310,304,350,260,297,299,350,306,333,267,309,326,308,267,364,237
345,320,304,330,310,304,350,260,297,299,350,306,333,267,309,326,308,267,364,237
357,321,322,350,318,322,365,294,333,304,353,326,343,280,320,339,333,280,381,264
357,321,322,350,318,322,365,294,333,304,353,326,343,280,320,339,333,280,381,264
357,321,322,350,318,322,365,294,333,304,353,326,343,280,320,339,333,280,381,264
357,321,322,350,318,322,365,294,333,304,353,326,343,280,320,339,333,280,381,264
357,321,322,350,318,322,365,294,333,304,353,326,343,280,320,339,333,280,381,264
357,321,322,350,318,322,365,294,333,304,353,326,343,280,320,339,333,280,381,264
357,321,322,350,318,322,365,294,333,304,353,326,343,280,320,339,333,280,381,264
377,331,342,357,321,342,400,306,343,322,366,339,349,289,329,362,343,292,389,276
377,331,342,357,321,342,400,306,343,322,366,339,349,289,329,362,343,292,389,276
377,331,342,357,321,342,400,306,343,322,366,339,349,289,329,362,343,292,389,276
377,331,342,357,321,342,400,306,343,322,366,339,349,289,329,362,343,292,389,276
377,331,342,357,321,342,400,306,343,322,366,339,349,289,329,362,343,292,389,276
377,331,342,357,321,342,400,306,343,322,366,339,349,289,329,362,343,292,389,276
377,331,342,357,321,342,400,306,343,322,366,339,349,289,329,362,343,292,389,276
382,340,344,382,331,344,415,326,349,342,393,362,355,299,353,369,349,299,427,321
382,340,344,382,331,344,415,326,349,342,393,362,355,299,353,369,349,299,427,321
382,340,344,382,331,344,415,326,349,342,393,362,355,299,353,369,349,299,427,321
382,340,344,382,331,344,415,326,349,342,393,362,355,299,353,369,349,299,427,321
382,340,344,382,331,344,415,326,349,342,393,362,355,299,353,369,349,299,427,321
382,340,344,382,331,344,415,326,349,342,393,362,355,299,353,369,349,299,427,321
388,389,347,382,340,347,415,339,376,342,395,369,355,299,353,374,349,299,427,321
388,389,347,388,340,347,416,339,376,365,395,369,376,308,366,374,355,310,432,331
388,389,347,388,340,347,416,339,376,365,395,369,376,308,366,374,355,310,432,331
388,389,347,388,340,347,416,339,376,365,395,369,376,308,366,374,355,310,432,331
388,389,347,388,340,347,416,339,376,365,395,369,376,308,366,374,355,310,432,331
388,389,347,388,340,347,416,339,376,365,395,369,376,308,366,374,355,310,432,331
396,427,360,388,389,360,416,353,402,365,414,374,376,308,366,380,355,310,432,331
396,427,360,388,389,360,416,353,402,365,414,374,376,308,366,380,355,310,432,331
396,427,360,395,389,360,419,353,402,381,414,374,387,329,393,380,376,329,436,344
396,427,360,395,389,360,419,353,402,381,414,374,387,329,393,380,376,329,436,344
396,427,360,395,389,360,419,353,402,381,414,374,387,329,393,380,376,329,436,344
396,427,360,395,389,360,419,353,402,381,414,374,387,329,393,380,376,329,436,344
408,441,364,395,427,364,419,362,404,381,426,380,387,329,393,391,376,329,436,344
408,441,364,395,427,364,419,362,404,381,426,380,387,329,393,391,376,329,436,344
408,441,364,395,427,364,419,362,404,381,426,380,387,329,393,391,376,329,436,344
408,441,364,400,427,364,422,362,404,383,426,380,396,345,395,391,387,340,475,347
408,441,364,400,427,364,422,362,404,383,426,380,396,345,395,391,387,340,475,347
408,441,364,400,427,364,422,362,404,383,426,380,396,345,395,391,387,340,475,347
417,449,379,400,441,379,422,366,407,383,435,391,396,345,395,402,387,340,475,347
417,449,379,400,441,379,422,366,407,383,435,391,396,345,395,402,387,340,475,347
417,449,379,400,441,379,422,366,407,383,435,391,396,345,395,402,387,340,475,347
417,449,379,400,441,379,422,366,407,383,435,391,396,345,395,402,387,340,475,347
417,449,379,415,441,379,426,366,407,406,435,391,398,355,416,402,396,345,476,360
417,449,379,415,441,379,426,366,407,406,435,391,398,355,416,402,396,345,476,360
425,468,383,415,449,383,426,374,409,406,448,402,398,355,416,404,396,345,476,360
425,468,383,415,449,383,426,374,409,406,448,402,398,355,416,404,396,345,476,360
425,468,383,415,449,383,426,374,409,406,448,402,398,355,416,404,396,345,476,360
425,468,383,415,449,383,426,374,409,406,448,402,398,355,416,404,396,345,476,360
425,468,383,415,449,383,426,374,409,406,448,402,398,355,416,404,396,345,476,360
425,468,383,417,449,383,430,374,409,416,448,402,406,365,426,404,398,357,478,369
432,475,390,417,475,390,430,380,429,416,468,404,406,365,426,407,398,357,478,369
432,475,390,417,475,390,430,380,429,416,468,404,406,365,426,407,398,357,478,369
432,475,390,417,475,390,430,380,429,416,468,404,406,365,426,407,398,357,478,369
432,475,390,417,475,390,430,380,429,416,468,404,406,365,426,407,398,357,478,369
432,475,390,417,475,390,430,380,429,416,468,404,406,365,426,407,398,357,478,369
432,475,390,417,475,390,430,380,429,416,468,404,406,365,426,407,398,357,478,369
458,476,411,425,477,411,448,382,434,419,482,407,409,377,436,429,406,377,492,379
458,476,411,425,477,411,448,382,434,419,482,407,409,377,436,429,406,377,492,379
458,476,411,425,477,411,448,382,434,419,482,407,409,377,436,429,406,377,492,379
458,476,411,425,477,411,448,382,434,419,482,407,409,377,436,429,406,377,492,379
458,476,411,425,477,411,448,382,434,419,482,407,409,377,436,429,406,377,492,379
458,476,411,425,477,411,448,382,434,419,482,407,409,377,436,429,406,377,492,379
460,488,414,432,490,414,456,391,438,422,494,429,424,381,458,431,409,388,508,390
460,488,414,432,490,414,456,391,438,422,494,429,424,381,458,431,409,388,508,390
460,488,414,432,490,414,456,391,438,422,494,429,424,381,458,431,409,388,508,390
460,488,414,432,490,414,456,391,438,422,494,429,424,381,458,431,409,388,508,390
460,488,414,432,490,414,456,391,438,422,494,429,424,381,458,431,409,388,508,390
460,488,414,432,490,414,456,391,438,422,494,429,424,381,458,431,409,388,508,390
472,492,442,448,492,442,468,393,441,430,498,431,436,387,469,434,424,408,514,400
472,492,442,448,492,442,468,393,441,430,498,431,436,387,469,434,424,408,514,400
472,492,442,448,492,442,468,393,441,430,498,431,436,387,469,434,424,408,514,400
472,492,442,448,492,442,468,393,441,430,498,431,436,387,469,434,424,408,514,400
472,492,442,448,492,442,468,393,441,430,498,431,436,387,469,434,424,408,514,400
472,492,442,448,492,442,468,393,441,430,498,431,436,387,469,434,424,408,514,400
478,507,463,456,507,463,482,431,447,442,500,434,438,398,478,447,437,417,521,411
478,507,463,456,507,463,482,431,447,442,500,434,438,398,478,447,437,417,521,411
478,507,463,456,507,463,482,431,447,442,500,434,438,398,478,447,437,417,521,411
478,507,463,456,507,463,482,431,447,442,500,434,438,398,478,447,437,417,521,411
478,507,463,456,507,463,482,431,447,442,500,434,438,398,478,447,437,417,521,411
478,507,463,456,507,463,482,431,447,442,500,434,438,398,478,447,437,417,521,411
487,515,481,487,515,481,493,452,457,455,502,447,457,408,482,452,438,425,531,419
487,515,481,487,515,481,493,452,457,455,502,447,457,408,482,452,438,425,531,419
487,515,481,487,515,481,493,452,457,455,502,447,457,408,482,452,438,425,531,419
487,515,481,487,515,481,493,452,457,455,502,447,457,408,482,452,438,425,531,419
487,515,481,487,515,481,493,452,457,455,502,447,457,408,482,452,438,425,531,419
487,515,481,487,515,481,493,452,457,455,502,447,457,408,482,452,438,425,531,419
503,520,489,493,520,489,494,454,458,463,510,452,466,415,500,454,457,435,532,437
503,520,489,493,520,489,494,454,458,463,510,452,466,415,500,454,457,435,532,437
503,520,489,493,520,489,494,454,458,463,510,452,466,415,500,454,457,435,532,437
503,520,489,493,520,489,494,454,458,463,510,452,466,415,500,454,457,435,532,437
503,520,489,493,520,489,494,454,458,463,510,452,466,415,500,454,457,435,532,437
503,520,489,493,520,489,494,454,458,463,510,452,466,415,500,454,457,435,532,437
508,521,498,494,521,523,498,465,466,481,516,454,477,422,502,465,466,449,559,456
508,521,498,494,521,523,498,465,466,481,516,454,477,422,502,465,466,449,559,456
508,521,498,494,521,523,498,465,466,481,516,454,477,422,502,465,466,449,559,456
508,521,498,494,521,523,498,465,466,481,516,454,477,422,502,465,466,449,559,456
508,521,498,494,521,523,498,465,466,481,516,454,477,422,502,465,466,449,559,456
508,521,498,494,521,523,498,465,466,481,516,454,477,422,502,465,466,449,559,456
513,525,523,499,525,530,500,487,476,485,517,460,485,424,508,488,485,455,567,493
513,525,523,499,525,530,500,487,476,485,517,460,485,424,508,488,485,455,567,493
513,525,523,499,525,530,500,487,476,485,517,460,485,424,508,488,485,455,567,493
513,525,523,499,525,530,500,487,476,485,517,460,485,424,508,488,485,455,567,493
513,525,523,499,525,530,500,487,476,485,517,460,485,424,508,488,485,455,567,493
513,525,523,499,525,530,500,487,476,485,517,460,485,424,508,488,485,455,567,493
514,533,530,510,533,531,502,495,477,489,524,465,512,430,514,490,503,460,569,520
514,533,530,510,533,531,502,495,477,489,524,465,512,430,514,490,503,460,569,520
514,533,530,510,533,531,502,495,477,489,524,465,512,430,514,490,503,460,569,520
514,533,530,510,533,531,502,495,477,489,524,465,512,430,514,490,503,460,569,520
514,533,530,510,533,531,502,495,477,489,524,465,512,430,514,490,503,460,569,520
514,533,530,510,533,531,502,495,477,489,524,465,512,430,514,490,503,460,569,520
532,559,531,513,553,534,510,496,499,509,544,488,518,435,516,495,512,469,574,522
532,559,531,513,553,534,510,496,499,509,544,488,518,435,516,495,512,469,574,522
532,559,531,513,553,534,510,496,499,509,544,488,518,435,516,495,512,469,574,522
532,559,531,513,553,534,510,496,499,509,544,488,518,435,516,495,512,469,574,522
532,559,531,513,553,534,510,496,499,509,544,488,518,435,516,495,512,469,574,522
532,559,531,513,553,534,510,496,499,509,544,488,518,435,516,495,512,469,574,522
553,570,534,524,559,549,517,497,503,512,558,490,541,437,517,496,518,472,579,523
553,570,534,524,559,549,517,497,503,512,558,490,541,437,517,496,518,472,579,523
553,570,534,524,559,549,517,497,503,512,558,490,541,437,517,496,518,472,579,523
553,570,534,524,559,549,517,497,503,512,558,490,541,437,517,496,518,472,579,523
553,570,534,524,559,549,517,497,503,512,558,490,541,437,517,496,518,472,579,523
553,570,534,524,559,549,517,497,503,512,558,490,541,437,517,496,518,472,579,523
557,574,541,544,570,560,524,501,507,528,561,495,545,455,532,497,537,513,586,525
557,574,541,544,570,560,524,501,507,528,561,495,545,455,532,497,537,513,586,525
557,574,541,544,570,560,524,501,507,528,561,495,545,455,532,497,537,513,586,525
557,574,541,544,570,560,524,501,507,528,561,495,545,455,532,497,537,513,586,525
557,574,541,544,570,560,524,501,507,528,561,495,545,455,532,497,537,513,586,525
557,574,541,544,570,560,524,501,507,528,561,495,545,455,532,497,537,513,586,525
565,580,549,558,574,565,544,511,518,530,572,496,556,469,542,501,543,515,592,533
565,580,549,558,574,565,544,511,518,530,572,496,556,469,542,501,543,515,592,533
565,580,549,558,574,565,544,511,518,530,572,496,556,469,542,501,543,515,592,533
565,580,549,558,574,565,544,511,518,530,572,496,556,469,542,501,543,515,592,533
565,580,549,558,574,565,544,511,518,530,572,496,556,469,542,501,543,515,592,533
565,580,549,558,574,565,544,511,518,530,572,496,556,469,542,501,543,515,592,533
567,586,560,561,580,571,558,516,541,534,582,497,563,472,546,509,553,528,598,537
567,586,560,561,580,571,558,516,541,534,582,497,563,472,546,509,553,528,598,537
567,586,560,561,580,571,558,516,541,534,582,497,563,472,546,509,553,528,598,537
567,586,560,561,580,571,558,516,541,534,582,497,563,472,546,509,553,528,598,537
567,586,560,561,580,571,558,516,541,534,582,497,563,472,546,509,553,528,598,537
567,586,560,561,580,571,558,516,541,534,582,497,563,472,546,509,553,528,598,537
568,595,566,568,586,581,561,526,556,549,600,499,575,528,567,511,556,542,606,545
568,595,566,568,586,581,561,526,556,549,600,499,575,528,567,511,556,542,606,545
568,595,566,568,586,581,561,526,556,549,600,499,575,528,567,511,556,542,606,545
568,595,566,568,586,581,561,526,556,549,600,499,575,528,567,511,556,542,606,545
568,595,566,568,586,581,561,526,556,549,600,499,575,528,567,511,556,542,606,545
568,595,566,568,586,581,561,526,556,549,600,499,575,528,567,511,556,542,606,545
569,596,571,572,595,587,572,543,563,564,608,501,576,537,569,522,563,546,612,552
569,596,571,572,595,587,572,543,563,564,608,501,576,537,569,522,563,546,612,552
569,596,571,572,595,587,572,543,563,564,608,501,576,537,569,522,563,546,612,552
569,596,571,572,595,587,572,543,563,564,608,501,576,537,569,522,563,546,612,552
569,596,571,572,595,587,572,543,563,564,608,501,576,537,569,522,563,546,612,552
569,596,571,572,595,587,572,543,563,564,608,501,576,537,569,522,563,546,612,552
579,597,581,579,596,599,582,555,575,571,610,509,577,542,582,526,575,557,617,560
579,597,581,579,596,599,582,555,575,571,610,509,577,542,582,526,575,557,617,560
579,597,581,579,596,599,582,555,575,571,610,509,577,542,582,526,575,557,617,560
579,597,581,579,596,599,582,555,575,571,610,509,577,542,582,526,575,557,617,560
579,597,581,579,596,599,582,555,575,571,610,509,577,542,582,526,575,557,617,560
579,597,581,579,596,599,582,555,575,571,610,509,577,542,582,526,575,557,617,560
585,598,587,593,597,604,600,568,576,581,615,511,584,546,592,545,576,564,623,565
585,598,587,593,597,604,600,568,576,581,615,511,584,546,592,545,576,564,623,565
585,598,587,593,597,604,600,568,576,581,615,511,584,546,592,545,576,564,623,565
585,598,587,593,597,604,600,568,576,581,615,511,584,546,592,545,576,564,623,565
585,598,587,593,597,604,600,568,576,581,615,511,584,546,592,545,576,564,623,565
585,598,587,593,597,604,600,568,576,581,615,511,584,546,592,545,576,564,623,565
592,617,599,600,598,609,608,573,577,591,616,522,590,552,594,552,577,566,635,570
592,617,599,600,598,609,608,573,577,591,616,522,590,552,594,552,577,566,635,570
592,617,599,600,598,609,608,573,577,591,616,522,590,552,594,552,577,566,635,570
592,617,599,600,598,609,608,573,577,591,616,522,590,552,594,552,577,566,635,570
592,617,599,600,598,609,608,573,577,591,616,522,590,552,594,552,577,566,635,570
592,617,599,600,598,609,608,573,577,591,616,522,590,552,594,552,577,566,635,570
606,624,604,606,617,618,610,583,584,599,627,526,593,557,603,555,584,585,642,580
606,624,604,606,617,618,610,583,584,599,627,526,593,557,603,555,584,585,642,580
606,624,604,606,617,618,610,583,584,599,627,526,593,557,603,555,584,585,642,580
606,624,604,606,617,618,610,583,584,599,627,526,593,557,603,555,584,585,642,580
606,624,604,606,617,618,610,583,584,599,627,526,593,557,603,555,584,585,642,580
606,624,604,606,617,618,610,583,584,599,627,526,593,557,603,555,584,585,642,580
612,628,609,615,624,626,615,589,590,604,631,543,602,564,608,573,590,591,653,587
612,628,609,615,624,626,615,589,590,604,631,543,602,564,608,573,590,591,653,587
612,628,609,615,624,626,615,589,590,604,631,543,602,564,608,573,590,591,653,587
612,628,609,615,624,626,615,589,590,604,631,543,602,564,608,573,590,591,653,587
612,628,609,615,624,626,615,589,590,604,631,543,602,564,608,573,590,591,653,587
612,628,609,615,624,626,615,589,590,604,631,543,602,564,608,573,590,591,653,587
614,637,618,616,628,640,616,601,602,609,632,555,605,566,610,583,593,594,656,595
614,637,618,616,628,640,616,601,602,609,632,555,605,566,610,583,593,594,656,595
614,637,618,616,628,640,616,601,602,609,632,555,605,566,610,583,593,594,656,595
614,637,618,616,628,640,616,601,602,609,632,555,605,566,610,583,593,594,656,595
614,637,618,616,628,640,616,601,602,609,632,555,605,566,610,583,593,594,656,595
614,637,618,616,628,640,616,601,602,609,632,555,605,566,610,583,593,594,656,595
623,638,626,625,637,648,627,611,605,622,641,573,613,585,623,589,602,596,658,618
623,638,626,625,637,648,627,611,605,622,641,573,613,585,623,589,602,596,658,618
623,638,626,625,637,648,627,611,605,622,641,573,613,585,623,589,602,596,658,618
623,638,626,625,637,648,627,611,605,622,641,573,613,585,623,589,602,596,658,618
623,638,626,625,637,648,627,611,605,622,641,573,613,585,623,589,602,596,658,618
623,638,626,625,637,648,627,611,605,622,641,573,613,585,623,589,602,596,658,618
625,642,640,627,638,654,632,629,612,626,651,583,621,591,631,601,605,597,660,624
625,642,640,627,638,654,632,629,612,626,651,583,621,591,631,601,605,597,660,624
625,642,640,627,638,654,632,629,612,626,651,583,621,591,631,601,605,597,660,624
625,642,640,627,638,654,632,629,612,626,651,583,621,591,631,601,605,597,660,624
625,642,640,627,638,654,632,629,612,626,651,583,621,591,631,601,605,597,660,624
625,642,640,627,638,654,632,629,612,626,651,583,621,591,631,601,605,597,660,624
636,653,648,632,642,659,641,633,613,635,662,589,630,594,635,611,613,603,664,628
636,653,648,632,642,659,641,633,613,635,662,589,630,594,635,611,613,603,664,628
636,653,648,632,642,659,641,633,613,635,662,589,630,594,635,611,613,603,664,628
636,653,648,632,642,659,641,633,613,635,662,589,630,594,635,611,613,603,664,628
636,653,648,632,642,659,641,633,613,635,662,589,630,594,635,611,613,603,664,628
636,653,648,632,642,659,641,633,613,635,662,589,630,594,635,611,613,603,664,628
647,656,654,641,653,660,651,643,621,640,668,601,644,603,662,629,621,614,674,631
647,656,654,641,653,660,651,643,621,640,668,601,644,603,662,629,621,614,674,631
647,656,654,641,653,660,651,643,621,640,668,601,644,603,662,629,621,614,674,631
647,656,654,641,653,660,651,643,621,640,668,601,644,603,662,629,621,614,674,631
647,656,654,641,653,660,651,643,621,640,668,601,644,603,662,629,621,614,674,631
647,656,654,641,653,660,651,643,621,640,668,601,644,603,662,629,621,614,674,631
661,658,655,651,656,664,662,647,630,648,678,611,650,614,674,636,630,622,677,636
661,658,655,651,656,664,662,647,630,648,678,611,650,614,674,636,630,622,677,636
661,658,655,651,656,664,662,647,630,648,678,611,650,614,674,636,630,622,677,636
661,658,655,651,656,664,662,647,630,648,678,611,650,614,674,636,630,622,677,636
661,658,655,651,656,664,662,647,630,648,678,611,650,614,674,636,630,622,677,636
661,658,655,651,656,664,662,647,630,648,678,611,650,614,674,636,630,622,677,636
674,663,659,668,658,676,668,649,637,654,683,629,655,622,684,643,644,625,682,638
674,663,659,668,658,676,668,649,637,654,683,629,655,622,684,643,644,625,682,638
674,663,659,668,658,676,668,649,637,654,683,629,655,622,684,643,644,625,682,638
674,663,659,668,658,676,668,649,637,654,683,629,655,622,684,643,644,625,682,638
674,663,659,668,658,676,668,649,637,654,683,629,655,622,684,643,644,625,682,638
674,663,659,668,658,676,668,649,637,654,683,629,655,622,684,643,644,625,682,638
682,667,664,678,663,680,678,666,655,673,686,643,661,633,686,649,650,633,686,659
682,667,664,678,663,680,678,666,655,673,686,643,661,633,686,649,650,633,686,659
682,667,664,678,663,680,678,666,655,673,686,643,661,633,686,649,650,633,686,659
682,667,664,678,663,680,678,666,655,673,686,643,661,633,686,649,650,633,686,659
682,667,664,678,663,680,678,666,655,673,686,643,661,633,686,649,650,633,686,659
682,667,664,678,663,680,678,666,655,673,686,643,661,633,686,649,650,633,686,659
688,675,676,682,667,690,685,669,660,676,691,649,672,644,691,666,661,647,697,675
688,675,676,682,667,690,685,669,660,676,691,649,672,644,691,666,661,647,697,675
688,675,676,682,667,690,685,669,660,676,691,649,672,644,691,666,661,647,697,675
688,675,676,682,667,690,685,669,660,676,691,649,672,644,691,666,661,647,697,675
688,675,676,682,667,690,685,669,660,676,691,649,672,644,691,666,661,647,697,675
688,675,676,682,667,690,685,669,660,676,691,649,672,644,691,666,661,647,697,675
696,677,680,684,675,694,691,671,672,685,693,666,695,650,693,669,672,663,713,680
696,677,680,684,675,694,691,671,672,685,693,666,695,650,693,669,672,663,713,680
696,677,680,684,675,694,691,671,672,685,693,666,695,650,693,669,672,663,713,680
696,677,680,684,675,694,691,671,672,685,693,666,695,650,693,669,672,663,713,680
696,677,680,684,675,694,691,671,672,685,693,666,695,650,693,669,672,663,713,680
696,677,680,684,675,694,691,671,672,685,693,666,695,650,693,669,672,663,713,680
713,683,690,688,683,698,699,677,695,690,699,669,701,673,710,671,695,667,714,687
713,683,690,688,683,698,699,677,695,690,699,669,701,673,710,671,695,667,714,687
713,683,690,688,683,698,699,677,695,690,699,669,701,673,710,671,695,667,714,687
713,683,690,688,683,698,699,677,695,690,699,669,701,673,710,671,695,667,714,687
713,683,690,688,683,698,699,677,695,690,699,669,701,673,710,671,695,667,714,687
713,683,690,688,683,698,699,677,695,690,699,669,701,673,710,671,695,667,714,687
715,687,694,699,687,706,707,679,701,702,707,671,703,684,714,679,701,673,717,689
715,687,694,699,687,706,707,679,701,702,707,671,703,684,714,679,701,673,717,689
715,687,694,699,687,706,707,679,701,702,707,671,703,684,714,679,701,673,717,689
715,687,694,699,687,706,707,679,701,702,707,671,703,684,714,679,701,673,717,689
715,687,694,699,687,706,707,679,701,702,707,671,703,684,714,679,701,673,717,689
715,687,694,699,687,706,707,679,701,702,707,671,703,684,714,679,701,673,717,689
718,689,698,707,689,715,717,692,703,706,722,679,709,685,717,692,703,688,720,694
718,689,698,707,689,715,717,692,703,706,722,679,709,685,717,692,703,688,720,694
718,689,698,707,689,715,717,692,703,706,722,679,709,685,717,692,703,688,720,694
718,689,698,707,689,715,717,692,703,706,722,679,709,685,717,692,703,688,720,694
718,689,698,707,689,715,717,692,703,706,722,679,709,685,717,692,703,688,720,694
718,689,698,707,689,715,717,692,703,706,722,679,709,685,717,692,703,688,720,694
728,697,706,713,697,716,722,693,709,714,723,692,712,696,723,700,709,696,728,698
728,697,706,713,697,716,722,693,709,714,723,692,712,696,723,700,709,696,728,698
728,697,706,713,697,716,722,693,709,714,723,692,712,696,723,700,709,696,728,698
728,697,706,713,697,716,722,693,709,714,723,692,712,696,723,700,709,696,728,698
728,697,706,713,697,716,722,693,709,714,723,692,712,696,723,700,709,696,728,698
728,697,706,713,697,716,722,693,709,714,723,692,712,696,723,700,709,696,728,698
729,705,716,722,705,721,723,700,712,715,726,700,716,702,728,708,712,702,729,705
729,705,716,722,705,721,723,700,712,715,726,700,716,702,728,708,712,702,729,705
729,705,716,722,705,721,723,700,712,715,726,700,716,702,728,708,712,702,729,705
729,705,716,722,705,721,723,700,712,715,726,700,716,702,728,708,712,702,729,705
729,705,716,722,705,721,723,700,712,715,726,700,716,702,728,708,712,702,729,705
729,705,716,722,705,721,723,700,712,715,726,700,716,702,728,708,712,702,729,705
730,719,721,726,719,731,726,708,718,721,731,708,720,710,729,720,725,710,732,718
730,719,721,726,719,731,726,708,718,721,731,708,720,710,729,720,725,710,732,718
730,719,721,726,719,731,726,708,718,721,731,708,720,710,729,720,725,710,732,718
730,719,721,726,719,731,726,708,718,721,731,708,720,710,729,720,725,710,732,718
730,719,721,726,719,731,726,708,718,721,731,708,720,710,729,720,725,710,732,718
730,719,721,726,719,731,726,708,718,721,731,708,720,710,729,720,725,710,732,718
733,727,734,730,727,734,732,724,719,733,732,724,725,725,731,724,733,730,734,727
733,727,734,730,727,734,732,724,719,733,732,724,725,725,731,724,733,730,734,727
733,727,734,730,727,734,732,724,719,733,732,724,725,725,731,724,733,730,734,727
733,727,734,730,727,734,732,724,719,733,732,724,725,725,731,724,733,730,734,727
733,727,734,730,727,734,732,724,719,733,732,724,725,725,731,724,733,730,734,727
733,727,734,730,727,734,732,724,719,733,732,724,725,725,731,724,733,730,734,727