74,329,494,74,173,766,544,906,929,86,693,0,0,544,0,561,0,0,0,544
74,329,494,74,173,766,544,906,929,86,693,0,0,544,0,561,0,0,0,544
74,329,494,74,881,767,544,725,510,957,0,0,0,544,544,0,0,0,86,544
76,329,494,76,881,767,544,725,510,957,0,0,0,544,544,0,0,0,86,544
76,329,494,76,793,775,544,739,865,767,331,0,113,544,544,0,159,448,146,544
76,329,494,76,793,775,544,739,865,767,331,0,113,544,544,0,159,448,146,544
97,329,494,97,340,803,544,822,296,765,0,0,0,544,544,0,0,450,0,544
97,329,494,97,340,803,544,822,296,765,0,0,0,544,544,0,0,450,0,544
97,329,494,97,910,803,544,74,872,883,0,175,300,544,544,0,184,0,272,544
107,329,494,107,910,803,544,74,872,883,0,175,300,544,544,0,184,0,272,544
107,329,494,107,657,803,544,74,184,514,388,0,300,544,544,715,0,467,0,544
107,329,494,107,657,803,544,74,184,514,388,0,300,544,544,715,0,467,0,544
130,329,494,130,113,803,544,842,518,592,421,0,300,544,544,0,146,730,300,544
130,329,494,130,113,803,544,842,518,592,421,0,300,544,544,0,146,730,300,544
130,329,494,130,727,803,544,919,890,381,0,300,300,544,544,0,626,736,300,544
172,329,494,172,727,803,544,919,890,381,0,300,300,544,544,0,626,736,300,544
172,333,575,172,815,803,561,349,921,601,0,300,300,601,544,0,0,945,300,0
172,333,575,172,815,803,561,349,921,601,0,300,300,601,544,0,0,945,300,0
206,333,575,206,272,803,0,898,113,695,86,300,300,666,947,0,300,946,300,0
206,333,575,206,272,803,0,898,113,695,86,300,300,666,947,0,300,946,300,0
206,333,575,206,467,803,246,907,950,479,706,300,300,0,947,311,300,947,300,233
217,333,575,217,467,803,246,907,950,479,706,300,300,0,947,311,300,947,300,233
217,333,575,217,689,804,0,920,747,602,955,300,300,0,947,311,300,947,300,689
217,333,575,217,689,804,0,920,747,602,955,300,300,0,947,311,300,947,300,689
220,333,575,220,929,806,366,591,955,62,0,300,675,0,947,311,300,947,300,691
220,333,575,220,929,806,366,591,955,62,0,300,675,0,947,311,300,947,300,691
220,333,575,220,886,806,886,689,159,62,0,300,675,311,947,311,300,947,300,692
245,333,575,245,886,806,886,689,159,62,0,300,675,311,947,311,300,947,300,692
245,333,575,245,388,806,914,691,273,62,0,300,675,311,947,311,300,947,734,692
245,333,575,245,388,806,914,691,273,62,0,300,675,311,947,311,300,947,734,692
256,333,575,256,620,806,950,693,913,62,715,675,675,311,947,311,300,947,0,692
256,333,575,256,620,806,950,693,913,62,715,675,675,311,947,311,300,947,0,692
256,444,597,256,86,806,0,922,697,62,0,675,675,311,947,311,300,947,421,692
262,444,597,262,86,806,0,922,697,62,0,675,675,311,947,311,300,947,421,692
262,444,597,262,666,806,175,695,924,62,0,675,675,311,0,311,0,947,743,692
262,444,597,262,666,806,175,695,924,62,0,675,675,311,0,311,0,947,743,692
267,444,597,267,175,806,953,934,707,62,434,675,675,311,92,92,62,0,0,692
267,444,597,267,175,806,953,934,707,62,434,675,675,311,92,92,62,0,0,692
267,444,597,267,99,806,0,705,726,62,565,675,675,311,92,92,62,0,0,692
270,444,597,270,99,806,0,705,726,62,565,675,675,311,92,92,62,0,0,692
270,444,597,270,713,68,592,859,730,907,0,675,0,311,92,92,62,149,725,692
270,444,597,270,713,68,592,859,730,907,0,675,0,311,92,92,62,149,725,692
281,444,597,281,331,68,954,876,736,887,272,675,0,0,92,92,62,0,888,820
281,444,597,281,331,68,954,876,736,887,272,675,0,0,92,92,62,0,888,820
281,444,597,281,684,68,0,911,928,603,273,675,62,479,92,92,62,246,0,823
286,444,597,286,684,68,0,911,928,603,273,675,62,479,92,92,62,246,0,823
286,444,597,286,625,68,434,941,897,542,276,929,62,0,92,92,62,0,0,0
286,444,597,286,625,68,434,941,897,542,276,929,62,0,92,92,62,0,0,0
288,473,605,288,725,68,545,498,930,693,479,0,62,587,92,92,62,0,388,0
288,473,605,288,725,68,545,498,930,693,479,0,62,587,92,92,62,0,388,0
288,473,605,288,674,68,631,522,276,700,717,0,62,587,92,92,62,0,514,0
302,473,605,302,674,68,631,522,276,700,717,0,62,587,92,92,62,0,514,0
302,473,605,302,159,68,810,562,841,524,918,0,62,587,62,0,915,697,0,62
302,473,605,302,159,68,810,562,841,524,918,0,62,587,62,0,915,697,0,62
318,473,605,318,146,68,820,625,933,891,0,0,62,587,62,601,0,698,587,62
318,473,605,318,146,68,820,625,933,891,0,0,62,587,62,601,0,698,587,62
318,473,605,318,522,856,826,764,565,99,0,0,62,587,62,612,0,698,587,62
399,473,605,399,522,856,826,764,565,99,0,0,62,587,62,612,0,698,587,62
399,473,605,399,149,865,855,768,937,743,99,214,62,587,62,727,349,698,587,62
399,473,605,399,149,865,855,768,937,743,99,214,62,587,62,727,349,698,587,62
412,473,605,412,448,871,896,915,421,893,950,0,697,587,62,0,0,698,587,62
412,473,605,412,448,871,896,915,421,893,950,0,697,587,62,0,0,698,587,62
412,473,605,412,273,921,918,943,942,448,0,721,767,587,62,0,0,698,587,62
420,473,605,420,273,921,918,943,942,448,0,721,767,587,62,0,0,698,587,62
420,539,608,420,776,494,955,506,92,450,0,770,0,0,62,0,562,698,587,62
420,539,608,420,776,494,955,506,92,450,0,770,0,0,62,0,562,698,587,62
424,539,608,424,214,494,0,524,92,547,587,770,0,0,62,0,812,698,587,62
424,539,608,424,214,494,0,524,92,547,587,770,0,0,62,0,812,698,587,62
424,539,608,424,184,494,101,626,92,734,587,770,0,498,0,68,812,698,587,736
435,539,608,435,184,494,101,626,92,734,587,770,0,498,0,68,812,698,587,736
435,539,608,435,830,494,101,927,92,751,587,770,0,0,0,68,812,897,0,0
435,539,608,435,830,951,101,927,92,751,587,770,0,0,0,68,812,897,0,0
437,539,608,437,855,951,101,944,92,953,587,770,0,591,735,68,812,925,68,0
437,539,608,437,855,951,101,944,92,953,587,770,0,591,735,68,812,925,68,0
437,539,608,437,820,739,101,340,92,895,587,770,0,0,865,68,812,955,68,0
462,539,608,462,820,739,101,340,92,895,587,770,0,0,865,68,812,955,68,0
462,539,608,462,346,911,101,341,92,775,587,770,68,627,0,68,812,0,68,159
462,539,608,462,346,911,101,341,92,775,587,770,68,627,0,68,812,0,68,159
466,539,608,466,715,931,101,341,92,776,587,770,68,0,0,68,812,0,68,0
466,539,608,466,715,931,101,341,92,776,587,770,68,0,0,68,812,0,68,0
466,572,610,466,730,572,101,341,826,902,587,812,68,730,0,68,812,0,68,0
470,572,610,470,730,572,101,341,826,902,587,812,68,730,0,68,812,0,68,0
470,572,610,470,789,572,101,341,827,793,0,812,68,790,0,68,0,0,68,0
470,572,610,470,789,572,101,341,827,793,0,812,68,790,0,68,0,0,68,0
472,572,610,472,233,572,124,341,949,823,68,812,68,827,0,669,735,689,68,366
472,572,610,472,233,572,124,341,949,823,68,812,68,827,0,669,735,689,68,366
472,572,610,472,616,572,124,341,829,842,68,812,68,914,0,669,0,691,68,917
475,572,610,475,616,956,124,341,829,842,68,812,68,914,0,669,0,691,68,917
475,572,610,475,833,956,124,341,833,909,68,812,68,0,743,669,496,692,0,0
475,572,610,475,833,956,124,341,833,909,68,812,68,0,743,669,496,692,0,0
481,572,610,481,706,765,124,341,838,912,68,812,68,0,0,669,498,692,0,0
481,572,610,481,706,765,124,341,838,912,68,812,68,0,0,669,498,692,0,0
481,572,610,481,349,790,124,173,908,663,68,812,571,0,0,669,506,692,607,0
503,572,610,503,349,790,124,173,908,663,68,812,571,0,0,669,506,692,607,0
503,572,610,503,246,575,124,0,877,916,68,812,571,542,0,669,868,692,0,0
503,572,610,503,246,575,124,0,877,916,68,812,571,542,0,669,868,692,0,0
511,585,681,511,859,575,124,346,133,143,68,838,571,812,0,669,931,692,0,810
511,585,681,511,859,575,124,346,133,143,68,838,571,812,0,669,931,692,0,810
511,585,681,511,888,575,124,0,133,143,68,839,571,812,0,669,0,692,634,812
532,585,681,532,888,575,124,0,133,143,68,839,571,812,0,669,0,692,634,812
532,585,681,532,836,575,0,871,133,143,246,840,571,812,0,0,0,692,0,812
532,585,681,532,836,575,0,871,133,143,246,840,571,812,0,0,0,692,0,812
535,585,681,535,626,575,829,881,133,143,547,841,571,812,341,0,296,692,0,812
535,585,681,535,626,572,829,881,133,143,547,841,571,812,341,0,296,692,0,812
535,585,681,535,890,311,830,931,133,143,718,910,571,812,341,101,331,0,99,812
550,585,681,550,890,311,830,931,133,143,718,910,571,812,341,101,331,0,99,812
550,585,681,550,691,311,831,843,133,143,0,835,571,812,341,101,0,770,898,812
550,585,681,550,691,311,831,843,133,143,0,835,571,812,341,101,0,770,898,812
559,585,681,559,276,311,841,146,133,143,0,835,0,812,341,101,0,770,0,812
559,585,681,559,276,311,841,146,133,143,0,835,0,812,341,101,0,770,0,812
559,585,681,559,822,311,0,149,133,143,663,835,768,812,341,101,514,770,0,812
563,585,681,563,822,311,0,149,133,143,663,835,768,812,341,101,514,770,0,812
563,639,687,563,434,311,868,706,766,804,726,835,0,0,341,101,0,770,113,812
563,639,687,563,434,311,868,706,766,804,726,835,0,0,341,101,0,770,113,812
566,639,687,566,479,311,904,717,910,810,0,835,0,0,341,101,0,770,0,0
566,639,687,566,479,311,904,717,910,810,0,835,0,0,341,101,0,770,0,0
566,639,687,566,601,311,925,751,0,815,101,92,0,101,341,101,101,770,491,92
567,639,687,567,601,311,925,751,0,815,101,92,0,101,341,101,101,770,491,92
567,639,687,567,840,311,957,76,467,831,101,92,0,101,854,101,101,770,506,92
567,639,687,567,840,311,957,76,467,831,101,92,0,101,854,101,101,770,506,92
568,639,687,568,296,764,0,76,653,839,101,92,0,101,915,806,101,770,0,92
568,639,687,568,296,764,0,76,653,839,101,92,0,101,915,806,101,770,0,92
568,639,687,568,791,768,697,272,905,874,101,92,0,101,0,806,101,806,631,92
577,639,687,577,791,768,697,272,905,874,101,92,0,101,0,806,101,806,631,92
577,639,687,577,732,946,700,97,917,914,101,92,669,101,0,806,101,806,695,92
577,639,687,577,732,946,700,97,917,914,101,92,669,101,0,806,101,806,695,92
580,639,687,580,510,585,0,97,936,926,101,92,669,101,0,806,101,806,806,92
580,639,687,580,510,585,0,97,936,926,101,92,669,101,0,806,101,806,806,92
580,654,760,580,663,585,0,571,938,713,101,92,669,101,0,806,101,806,806,92
584,654,760,584,663,585,0,571,938,713,101,92,669,101,0,806,101,806,806,92
584,654,760,584,896,585,707,571,938,918,101,92,669,101,0,806,101,806,806,92
584,654,760,584,896,585,707,571,938,918,101,92,669,101,0,806,101,806,806,92
598,654,760,598,644,585,0,571,938,935,739,0,669,0,0,806,0,806,806,770
598,654,760,598,644,895,0,571,938,935,739,0,669,0,0,806,0,806,806,770
598,654,760,598,717,895,715,571,938,666,0,847,669,491,825,806,0,806,806,770
621,654,760,621,717,895,715,571,938,666,0,847,669,491,825,806,0,806,806,770
621,654,760,621,381,675,718,571,938,876,448,914,669,0,825,825,616,806,806,770
621,654,760,621,381,675,718,571,938,876,448,914,669,0,825,825,616,806,806,770
624,654,760,624,591,675,732,571,938,927,450,835,669,496,825,825,0,0,806,770
624,654,760,624,591,675,732,571,938,927,450,835,669,496,825,825,0,0,806,770
624,654,760,624,823,675,736,571,938,939,0,835,124,510,825,825,0,124,806,770
628,654,760,628,823,675,736,571,938,939,0,835,124,510,825,825,0,124,806,770
628,654,760,628,897,675,745,571,938,627,674,835,124,547,825,825,625,124,0,770
628,762,781,628,897,675,745,571,938,627,674,835,124,547,825,825,625,124,0,770
630,762,781,630,631,675,789,0,900,940,751,835,124,803,825,825,825,124,0,770
630,762,781,630,631,675,789,0,900,940,751,835,124,803,825,825,825,124,0,770
630,762,781,630,745,675,0,665,607,214,825,835,124,803,825,825,825,124,791,770
633,762,781,633,745,675,0,665,607,214,825,835,124,803,825,825,825,124,791,770
633,762,781,633,366,675,0,665,609,674,825,527,124,803,825,825,825,124,793,766
633,762,781,633,366,675,0,665,609,674,825,527,124,803,825,825,825,124,793,766
636,762,781,636,607,675,791,665,612,948,825,527,124,803,770,825,825,124,854,767
636,762,781,636,607,675,791,665,612,948,825,527,124,803,770,825,825,124,854,767
636,762,781,636,847,0,0,665,616,496,825,527,124,803,770,0,825,124,855,768
640,762,781,640,847,0,0,665,616,496,825,527,124,803,770,0,825,124,855,768
640,762,781,640,854,705,0,665,0,498,825,527,124,803,770,0,825,124,881,775
640,762,781,640,854,705,0,665,0,498,825,527,124,803,770,0,825,124,881,775
643,762,781,643,868,597,388,665,657,506,825,527,803,803,770,603,825,341,909,0
643,762,781,643,868,597,388,665,657,506,825,527,803,803,770,603,825,341,909,0
643,780,805,643,734,597,0,665,658,951,825,527,803,803,770,0,825,341,0,0
648,780,805,648,734,597,0,665,658,951,825,527,803,803,770,0,825,341,0,0
648,780,805,648,827,597,653,665,658,562,825,527,803,0,770,732,0,341,0,0
648,780,805,648,827,597,653,665,658,562,825,527,803,0,770,732,0,341,0,0
650,780,805,650,872,597,684,0,658,854,0,527,803,0,770,0,0,341,340,0
650,780,805,650,872,902,684,0,658,854,0,527,803,0,770,0,0,341,340,0
650,780,805,650,561,902,0,727,658,856,789,124,803,776,770,0,522,341,0,124
664,780,805,664,561,902,0,727,658,856,789,124,803,776,770,0,522,341,0,124
664,780,805,664,421,902,726,735,658,898,791,124,803,0,0,0,871,341,829,124
664,780,805,664,421,902,726,735,658,898,791,124,803,0,0,0,871,341,829,124
667,780,805,667,547,300,0,790,658,932,874,124,803,789,133,0,0,341,830,124
667,780,805,667,547,300,0,790,658,932,874,124,803,789,133,0,0,341,830,124
667,780,805,667,905,300,743,888,658,952,876,124,803,793,133,133,0,341,831,124
670,780,805,670,905,300,743,888,658,952,876,124,803,793,133,133,0,341,831,124
670,780,805,670,747,300,749,107,658,233,898,124,765,921,133,133,0,764,833,124
670,796,835,670,747,300,749,107,658,233,898,124,765,921,133,133,0,764,833,124
671,796,835,671,450,300,836,107,206,620,0,124,932,0,133,133,727,0,842,124
671,796,835,671,450,300,836,107,206,620,0,124,932,0,133,133,727,0,842,124
671,796,835,671,721,300,837,644,669,634,0,124,0,0,133,133,0,790,856,124
708,796,835,708,721,300,837,644,669,634,0,124,0,0,133,133,0,790,856,124
708,796,835,708,542,300,837,945,669,718,0,124,0,0,133,133,0,908,876,124
708,796,835,708,542,300,837,945,669,718,0,124,0,0,133,133,0,908,876,124
716,796,835,716,909,300,837,946,669,956,769,823,0,340,133,133,133,929,918,803
716,796,835,716,909,300,837,946,669,956,769,823,0,340,133,133,133,929,918,803
716,796,835,716,545,300,837,947,669,331,769,856,0,0,133,133,133,957,0,803
719,796,835,719,545,300,837,947,669,331,769,856,0,0,133,133,133,957,0,803
719,796,835,719,917,935,837,947,669,0,769,927,0,346,832,133,133,0,0,803
719,796,835,719,917,935,837,947,669,0,769,927,0,346,832,133,133,0,0,803
722,796,835,722,491,935,837,947,669,0,769,835,0,0,832,173,133,0,434,803
722,796,835,722,491,935,837,947,669,0,769,835,0,0,832,173,133,0,434,803
722,798,850,722,518,565,837,947,669,0,769,835,173,829,832,175,133,0,545,803
728,798,850,728,518,565,837,947,669,0,769,835,173,829,832,175,133,0,545,803
728,798,850,728,627,602,837,947,669,286,769,835,527,830,832,921,133,0,0,803
728,798,850,728,627,602,837,947,669,286,769,835,527,830,832,921,133,0,0,803
731,798,850,731,925,603,0,947,698,286,769,835,527,831,832,954,133,669,0,803
731,798,850,731,925,603,0,947,698,288,769,835,527,831,832,954,133,669,0,803
731,798,850,731,735,0,0,947,698,288,769,835,527,874,832,0,133,669,143,803
737,798,850,737,735,0,0,947,698,288,769,835,527,874,832,0,133,669,143,803
737,798,850,737,936,609,825,947,698,318,143,133,527,886,832,0,571,669,143,764
737,798,850,737,936,609,825,947,698,318,143,133,527,886,832,0,571,669,143,764
746,798,850,746,634,0,825,906,698,318,143,133,527,890,832,0,571,669,143,765
746,798,850,746,634,0,825,906,698,329,143,133,527,890,832,0,571,669,143,765
746,798,850,746,904,612,825,491,698,329,143,133,527,904,143,0,571,669,143,0
752,798,850,752,904,612,825,491,698,329,143,133,527,904,143,0,571,669,143,0
752,798,850,752,945,915,825,496,698,333,143,133,527,905,143,0,571,669,143,776
752,809,857,752,945,915,825,496,698,333,143,133,527,905,143,0,571,669,143,776
754,809,857,754,749,605,825,514,698,333,143,133,527,0,143,0,571,669,143,836
754,809,857,754,749,605,825,514,698,412,143,133,527,0,143,0,571,669,143,836
754,809,857,754,954,605,825,721,698,412,143,133,692,0,143,0,571,669,143,838
756,809,857,756,954,605,825,721,698,412,143,133,692,0,143,0,571,669,143,838
756,809,857,756,329,605,825,840,130,444,143,133,692,0,143,0,571,0,143,839
756,809,857,756,329,605,825,840,130,444,143,133,692,0,143,0,571,0,143,839
758,809,857,758,329,605,825,172,130,444,143,133,692,0,143,0,571,0,0,841
758,809,857,758,329,916,825,172,130,470,143,133,692,0,143,0,571,0,0,841
758,809,857,758,329,916,838,172,206,470,0,833,692,143,143,0,0,747,0,842
761,809,857,761,329,916,838,172,206,470,0,833,692,143,143,0,0,747,0,842
761,809,857,761,329,916,839,527,206,472,0,904,692,143,143,0,0,0,273,855
761,809,857,761,329,916,839,527,206,472,0,904,692,143,143,0,0,0,273,855
779,809,857,779,333,587,847,527,220,472,653,945,692,143,675,0,346,0,276,0
779,809,857,779,333,587,847,527,220,475,653,945,692,143,675,0,346,0,276,0
779,816,887,779,333,587,874,527,220,475,0,835,692,143,675,149,810,0,732,865
782,816,887,782,333,587,874,527,220,475,0,835,692,143,675,149,810,0,732,865
782,816,887,782,333,587,908,527,256,481,0,835,692,143,675,698,815,0,896,872
782,816,887,782,333,587,908,527,256,481,0,835,692,143,675,698,815,0,896,872
787,816,887,787,333,587,932,527,256,481,666,835,698,143,675,698,0,700,931,905
787,816,887,787,333,587,932,527,256,494,666,835,698,143,675,698,0,700,931,905
787,816,887,787,444,587,0,527,262,494,698,835,698,143,675,698,820,0,0,932
788,816,887,788,444,587,0,527,262,494,698,835,698,143,675,698,820,0,0,932
788,816,887,788,444,587,0,527,262,535,698,835,698,143,675,698,822,0,0,0
788,816,887,788,444,587,0,527,262,535,698,835,698,143,675,698,822,0,0,0
792,816,887,792,444,587,692,527,267,535,698,544,698,713,675,698,896,706,592,0
792,816,887,792,444,587,692,527,267,539,698,544,698,713,675,698,896,706,592,0
792,816,887,792,444,587,692,217,267,539,698,544,698,721,675,698,907,936,826,0
795,816,887,795,444,587,692,217,267,539,698,544,698,721,675,698,907,936,826,0
795,816,887,795,473,613,692,217,270,559,698,544,698,734,859,698,0,950,840,0
795,817,891,795,473,613,692,217,270,559,698,544,698,734,859,698,0,950,840,0
800,817,891,800,473,613,692,245,270,559,698,544,698,804,925,698,0,953,847,467
800,817,891,800,473,613,692,245,270,567,698,544,698,804,925,698,0,953,847,467
800,817,891,800,473,613,692,245,281,567,698,544,698,806,0,769,0,0,859,518
807,817,891,807,473,613,692,245,281,567,698,544,698,806,0,769,0,0,859,518
807,817,891,807,473,613,692,302,281,568,698,544,766,806,0,769,644,0,871,804
807,817,891,807,473,613,692,302,281,568,698,544,766,806,0,769,644,0,871,804
808,817,891,808,539,613,692,302,399,568,0,544,775,806,0,769,938,0,953,815
808,817,891,808,539,613,692,302,399,572,0,544,775,806,0,769,938,0,953,815
808,817,891,808,539,613,692,420,399,572,0,544,0,806,0,769,938,0,0,886
814,817,891,814,539,613,692,420,399,572,0,544,0,806,0,769,938,0,0,886
814,817,891,814,539,613,812,420,462,575,0,938,0,806,0,769,938,0,0,910
814,817,891,814,539,613,812,420,462,575,0,938,0,806,0,769,938,0,0,910
818,817,891,818,539,613,812,424,462,575,713,938,0,806,0,769,938,749,718,0
818,817,891,818,539,613,812,424,462,577,713,938,0,806,0,769,938,749,718,0
818,879,893,818,639,769,812,424,466,577,0,938,0,806,562,769,938,803,0,0
824,879,893,824,639,769,812,424,466,577,0,938,0,806,562,769,938,803,0,0
824,879,893,824,639,769,812,435,466,580,0,938,0,806,707,769,938,803,0,0
824,879,893,824,639,769,812,435,466,580,0,938,0,806,707,769,938,803,0,0
834,879,893,834,639,769,812,435,473,580,616,938,0,936,927,587,938,803,0,0
834,879,893,834,639,769,812,435,473,585,616,938,0,936,927,587,938,803,0,0
834,879,893,834,639,769,812,437,473,585,0,938,613,938,0,587,938,803,510,0
843,879,893,843,639,769,812,437,473,585,0,938,613,938,0,587,938,803,510,0
843,879,893,843,654,769,812,437,511,597,620,938,613,938,0,587,0,803,565,602
843,879,893,843,654,769,812,437,511,597,620,938,613,938,0,587,0,803,565,602
844,879,893,844,654,769,812,503,511,597,881,938,613,938,0,587,0,803,665,603
844,879,893,844,654,769,812,503,511,605,881,938,613,938,0,587,0,803,665,603
844,879,893,844,654,769,832,503,532,605,888,835,613,938,0,587,0,803,665,0
846,879,893,846,654,769,832,503,532,605,888,835,613,938,0,587,0,803,665,0
846,879,893,846,654,769,832,563,532,608,907,836,613,938,0,587,717,803,665,612
846,880,895,846,762,769,832,563,532,608,907,836,613,938,0,587,717,803,665,612
848,880,895,848,762,770,832,563,550,608,0,837,613,938,0,587,0,0,665,745
848,880,895,848,762,770,832,563,550,610,0,837,613,938,0,587,0,0,665,745
848,880,895,848,762,770,832,566,550,610,0,837,613,938,613,587,0,0,665,0
849,880,895,849,762,770,832,566,550,610,0,837,613,938,613,587,0,0,665,0
849,880,895,849,762,770,832,566,630,621,0,837,613,938,613,591,214,0,665,0
849,880,895,849,762,770,832,566,630,621,0,837,613,938,613,591,214,0,665,0
851,880,895,851,780,770,832,584,630,621,522,837,700,957,613,0,0,0,665,0
851,880,895,851,780,770,832,584,630,654,522,837,700,957,613,0,0,0,665,0
851,880,895,851,780,770,832,584,636,654,665,837,0,0,613,0,0,0,665,609
852,880,895,852,780,770,832,584,636,654,665,837,0,0,613,0,0,0,665,609
852,880,895,852,780,770,832,598,636,670,665,837,0,0,613,665,233,184,674,0
852,880,895,852,780,770,832,598,636,670,665,837,0,0,613,665,233,184,674,0
853,880,895,853,780,770,835,598,639,670,665,837,0,0,613,665,545,684,0,0
853,880,895,853,796,770,835,598,639,671,665,837,0,0,613,665,545,684,0,0
853,882,902,853,796,770,835,624,639,671,665,837,0,0,613,665,0,0,0,0
858,882,902,858,796,770,835,624,639,671,665,837,0,0,613,665,0,0,0,0
858,882,902,858,796,608,835,624,667,681,665,868,0,0,613,665,0,0,527,296
858,882,902,858,796,608,835,624,667,681,665,868,0,0,613,665,0,0,527,296
860,882,902,860,796,608,835,628,667,681,665,835,0,381,837,665,669,705,527,0
860,882,902,860,796,608,835,628,667,687,665,835,0,381,837,665,669,705,527,0
860,882,902,860,798,608,835,628,719,687,665,835,0,0,837,665,669,707,527,571
866,882,902,866,798,608,835,628,719,687,665,835,0,0,837,665,669,707,527,571
866,882,902,866,798,608,835,633,719,716,665,835,665,653,837,665,669,0,527,571
866,882,902,866,798,610,835,633,719,716,665,835,665,653,837,665,669,0,527,571
867,882,902,867,798,610,835,633,728,716,0,835,665,684,837,665,669,0,527,571
867,882,902,867,798,610,835,633,728,731,0,835,665,684,837,665,669,0,527,571
867,882,902,867,798,610,835,640,728,731,826,835,665,0,837,745,669,0,527,571
869,882,902,869,809,610,835,640,728,731,826,835,665,0,837,745,669,0,527,571
869,882,902,869,809,610,835,640,758,737,827,835,665,0,837,0,669,0,527,571
869,883,916,869,809,610,835,640,758,737,827,835,665,0,837,0,669,0,527,571
870,883,916,870,809,681,835,643,758,737,897,692,665,693,837,0,669,613,527,571
870,883,916,870,809,681,835,643,758,746,897,692,665,693,837,0,669,613,527,571
870,883,916,870,809,681,835,643,787,746,909,692,665,695,837,0,669,613,0,571
875,883,916,875,809,681,835,643,787,746,909,692,665,695,837,0,669,613,0,571
875,883,916,875,816,681,835,648,787,754,0,692,665,0,0,0,527,613,0,571
875,883,916,875,816,681,835,648,787,754,0,692,665,0,0,0,527,613,0,571
877,883,916,877,816,681,835,648,824,754,0,692,665,0,0,592,527,613,620,0
877,883,916,877,816,687,835,648,824,756,0,692,665,0,0,592,527,613,620,0
877,883,916,877,816,687,835,650,824,756,0,692,705,0,0,607,527,613,625,0
885,883,916,885,816,687,835,650,824,756,0,692,705,0,0,607,527,613,625,0
885,883,916,885,816,687,835,650,834,760,524,692,0,518,0,0,527,613,658,542
885,883,916,885,817,687,835,650,834,760,524,692,0,518,0,0,527,613,658,542
889,883,916,889,817,687,835,664,834,760,0,692,0,0,0,658,527,613,658,747
889,883,916,889,817,687,835,664,834,762,0,692,0,0,0,658,527,613,658,747
889,884,935,889,817,760,835,664,844,762,0,692,0,0,0,658,527,613,658,822
892,884,935,892,817,760,835,664,844,762,0,692,0,0,0,658,527,613,658,822
892,884,935,892,817,760,835,708,844,779,0,908,0,0,0,658,527,837,658,837
892,884,935,892,817,760,835,708,844,779,0,908,0,0,0,658,527,837,658,837
894,884,935,894,879,760,835,708,852,779,561,835,0,349,571,658,527,837,658,837
894,884,935,894,879,760,835,708,852,780,561,835,0,349,571,658,527,837,658,837
894,884,935,894,879,760,835,722,852,780,627,835,0,0,571,658,725,837,658,837
901,884,935,901,879,781,835,722,852,780,627,835,0,0,571,658,725,837,658,837
901,884,935,901,879,781,835,722,853,781,634,835,0,524,571,658,911,837,658,837
901,884,935,901,879,781,835,722,853,781,634,835,0,524,571,658,911,837,658,837
903,884,935,903,879,781,835,752,853,781,644,835,341,657,571,658,0,837,658,837
903,884,935,903,880,781,835,752,853,782,644,835,341,657,571,658,0,837,658,837
903,884,935,903,880,781,835,752,858,782,657,835,341,658,571,658,0,837,663,837
906,884,935,906,880,781,835,752,858,782,657,835,341,658,571,658,0,837,663,837
906,884,935,906,880,805,835,761,858,788,658,835,341,658,571,0,0,837,751,837
906,899,940,906,880,805,835,761,858,788,658,835,341,658,571,0,0,837,751,837
912,899,940,912,880,805,835,761,860,788,658,341,341,658,571,0,0,837,0,837
912,899,940,912,880,805,835,761,860,792,658,341,341,658,571,0,0,837,0,837
912,899,940,912,882,805,835,818,860,792,658,341,341,658,571,0,946,872,0,890
913,899,940,913,882,805,835,818,860,792,658,341,341,658,571,0,946,872,0,890
913,899,940,913,882,850,835,818,869,795,658,341,341,658,769,0,947,917,366,911
913,899,940,913,882,850,835,818,869,795,658,341,341,658,769,0,947,917,366,911
919,899,940,919,882,850,835,843,869,795,658,341,341,658,769,0,947,954,0,0
919,899,940,919,882,850,835,843,869,796,658,341,341,658,769,0,947,954,0,0
919,899,940,919,882,850,835,843,875,796,658,341,341,658,769,602,947,0,0,0
920,899,940,920,883,850,835,843,875,796,658,341,341,658,769,602,947,0,0,0
920,899,940,920,883,857,835,848,875,798,658,341,739,658,769,609,947,0,381,0
920,899,940,920,883,857,835,848,875,798,658,341,739,658,769,609,947,0,381,0
922,899,940,922,883,857,835,848,877,798,658,341,0,0,769,631,947,0,626,0
922,899,940,922,883,857,835,848,877,800,658,341,0,0,769,631,947,0,626,0
922,900,951,922,883,857,835,851,877,800,0,341,0,0,769,749,947,0,726,0
924,900,951,924,883,857,835,851,877,800,0,341,0,0,769,749,947,0,726,0
924,900,951,924,884,887,835,851,879,805,832,947,0,832,769,0,947,0,0,613
924,900,951,924,884,887,835,851,879,805,832,947,0,832,769,0,947,0,0,613
926,900,951,926,884,887,835,866,879,805,832,947,0,832,769,0,947,311,0,613
926,900,951,926,884,887,835,866,879,807,832,947,0,832,769,0,947,311,0,613
928,900,951,928,884,887,835,866,880,807,832,947,0,832,938,0,0,311,311,613
928,900,951,928,884,887,835,866,880,807,832,947,0,832,938,0,0,311,311,613
930,900,951,930,884,891,835,885,880,808,832,947,0,832,938,0,675,311,311,613
930,900,951,930,899,891,835,885,880,808,832,947,0,832,938,0,675,311,311,613
933,900,951,933,899,891,835,885,882,809,832,947,0,832,938,832,675,311,311,613
933,900,951,933,899,891,835,885,882,809,832,947,0,832,938,832,675,311,311,613
934,900,951,934,899,891,835,889,882,814,832,947,769,832,938,832,675,311,311,613
934,900,951,934,899,891,835,889,882,814,832,947,769,832,938,832,675,311,311,613
937,900,951,937,899,893,835,889,884,816,832,947,769,832,938,832,675,311,311,613
937,949,956,937,899,893,835,889,884,816,832,947,769,832,938,832,675,311,311,613
939,949,956,939,900,893,835,892,884,817,832,947,769,832,938,832,675,311,311,613
939,949,956,939,900,893,835,892,884,817,832,947,769,832,938,832,675,311,311,613
941,949,956,941,900,893,835,892,899,846,0,0,769,0,938,832,675,311,311,0
941,949,956,941,900,893,835,892,899,846,0,0,769,0,938,832,675,311,311,0
942,949,956,942,900,895,835,894,899,849,0,0,769,0,938,832,675,0,311,0
942,949,956,942,900,895,835,894,899,849,0,0,769,0,938,832,675,0,311,0
943,949,956,943,900,895,835,894,900,850,0,0,769,0,0,832,675,0,0,0
943,949,956,943,949,895,835,894,900,850,0,0,769,0,0,832,675,0,0,0
944,949,956,944,949,895,835,903,900,857,0,0,769,0,0,832,0,0,0,0
944,949,956,944,949,895,835,903,900,857,0,0,769,0,0,832,0,0,0,0
948,949,956,948,949,940,835,903,901,867,0,0,769,0,0,0,0,0,0,0
948,949,956,948,949,940,835,903,901,867,0,0,769,0,0,0,0,0,0,0
952,949,956,952,949,940,835,0,901,870,0,0,0,0,0,0,0,0,0,0
952,949,956,952,949,940,835,0,901,870,0,0,0,0,0,0,0,0,0,0