0,0,0,0,1001,936,0,0,0,0,914,971,951,1104,1126,1009,1126,820,977,1182
0,0,0,0,1001,936,0,0,0,0,914,971,951,1104,1126,1009,1126,820,977,1182
0,0,0,0,1091,1029,0,834,906,871,0,971,1027,1104,1126,1009,1126,1052,1000,1182
0,0,0,0,1091,1029,0,834,906,871,0,971,1027,1104,1126,1009,1126,1052,1000,1182
0,0,0,0,1116,1133,0,0,0,961,1001,971,1047,1104,1126,1009,1126,1060,0,1182
0,0,0,0,1116,1133,0,0,0,961,1001,971,1047,1104,1126,1009,1126,1060,0,1182
0,0,0,0,743,1141,0,928,1023,979,1006,971,0,1104,1126,1009,1126,1128,1016,1182
0,0,0,0,743,1141,0,928,1023,979,1006,971,0,1104,1126,1009,1126,1128,1016,1182
0,0,0,0,1177,1153,0,0,1055,1179,1062,971,1016,1104,1126,1009,1126,0,0,1182
0,0,0,0,1177,1153,0,0,1055,1179,1062,971,1016,1104,1126,1009,1126,0,0,1182
0,0,0,0,1016,1165,684,0,1128,0,1160,971,0,1104,1126,1009,1126,701,1023,1182
0,0,0,0,1016,1165,684,0,1128,0,1160,971,0,1104,1126,1009,1126,701,1023,1182
0,0,0,0,956,1167,0,890,0,0,0,971,0,1104,1126,1009,1126,786,1029,1182
0,0,0,0,956,1167,0,890,0,0,0,971,0,1104,1126,1009,1126,786,1029,1182
0,0,0,0,1042,0,840,0,0,885,920,971,752,1104,1126,1009,1126,1013,1123,1182
0,0,0,0,1042,0,840,0,0,885,920,971,752,1104,1126,1009,1126,1013,1123,1182
0,0,0,0,726,0,0,1031,0,0,1013,1146,0,1071,1142,1135,1106,0,0,1108
0,0,0,0,726,0,0,1031,0,0,1013,1146,0,1071,1142,1135,1106,0,0,1108
0,0,0,0,296,0,0,1066,1061,0,0,1146,939,1071,1142,1135,1106,1061,607,1108
0,0,0,0,296,0,0,1066,1061,0,0,1146,939,1071,1142,1135,1106,1061,607,1108
0,0,0,0,1002,0,596,0,0,410,1075,1146,1096,1071,1142,1135,1106,0,840,1108
0,0,0,0,1002,0,596,0,0,410,1075,1146,1096,1071,1142,1135,1106,0,840,1108
0,0,0,0,1119,0,0,0,1065,984,1094,1146,0,1071,1142,1135,1106,0,961,1108
0,0,0,0,1119,0,0,0,1065,984,1094,1146,0,1071,1142,1135,1106,0,961,1108
0,0,0,0,1111,0,0,861,0,1000,1131,1146,756,1071,1142,1135,1106,783,0,1108
0,0,0,0,1111,0,0,861,0,1000,1131,1146,756,1071,1142,1135,1106,783,0,1108
0,0,0,0,863,641,0,0,1068,0,0,1146,898,1071,1142,1135,1106,879,1055,1108
0,0,0,0,863,641,0,0,1068,0,0,1146,898,1071,1142,1135,1106,879,1055,1108
0,0,0,0,875,641,701,914,1074,0,1095,1146,898,1071,1142,1135,1106,923,1122,1108
0,0,0,0,875,641,701,914,1074,0,1095,1146,898,1071,1142,1135,1106,923,1122,1108
0,0,0,0,981,641,0,0,1088,0,1111,1146,898,1071,1142,1135,1106,1139,1125,1108
0,0,0,0,981,641,0,0,1088,0,1111,1146,898,1071,1142,1135,1106,1139,1125,1108
0,0,0,0,828,641,1033,930,1172,0,0,987,898,1114,821,0,987,0,1180,0
0,0,0,0,828,641,1033,930,1172,0,0,987,898,1114,821,0,987,0,1180,0
0,0,0,0,1117,641,1045,1042,0,1144,890,987,898,1114,821,0,987,981,1181,0
0,0,0,0,1117,641,1045,1042,0,1144,890,987,898,1114,821,0,987,981,1181,0
0,0,0,0,1026,641,1051,1069,0,1154,1177,987,898,1114,821,943,987,1055,0,0
0,0,0,0,1026,641,1051,1069,0,1154,1177,987,898,1114,821,943,987,1055,0,0
0,0,0,0,1052,641,0,0,1025,1166,0,987,898,1114,821,943,987,1120,1117,0
0,0,0,0,1052,641,0,0,1025,1166,0,987,898,1114,821,943,987,1120,1117,0
0,0,0,0,897,641,0,0,1165,0,0,987,898,1114,821,943,987,1178,0,0
0,0,0,0,897,641,0,0,1165,0,0,987,898,1114,821,943,987,1178,0,0
0,0,0,0,885,756,920,756,0,0,1097,987,981,1114,821,943,987,1180,684,0
0,0,0,0,885,756,920,756,0,0,1097,987,981,1114,821,943,987,1180,684,0
0,0,0,0,1023,0,1136,0,0,0,0,987,0,1114,821,943,987,0,1112,0
0,0,0,0,1023,0,1136,0,0,0,0,987,0,1114,821,943,987,0,1112,0
0,0,0,0,946,0,1137,1004,701,783,1025,987,984,1114,821,943,987,0,1150,0
0,0,0,0,946,0,1137,1004,701,783,1025,987,984,1114,821,943,987,0,1150,0
0,0,0,0,534,1083,0,0,1095,0,1112,0,985,0,1104,943,0,1153,0,934
0,0,0,0,534,1083,0,0,1095,0,1112,0,985,0,1104,943,0,1153,0,934
0,0,0,0,1105,0,0,0,0,0,0,0,0,0,1104,943,934,0,875,934
0,0,0,0,1105,0,0,0,0,0,0,0,0,0,1104,943,934,0,875,934
0,0,0,0,1000,0,0,1009,0,825,668,0,0,0,1104,0,934,756,1072,934
0,0,0,0,1000,0,0,1009,0,825,668,0,0,0,1104,0,934,756,1072,934
0,0,0,0,979,0,0,1009,1001,998,668,668,1124,855,1104,0,934,0,1154,934
0,0,0,0,979,0,0,1009,1001,998,668,668,1124,855,1104,0,934,0,1154,934
0,0,0,0,453,0,0,1009,1099,0,668,668,0,855,1104,0,934,952,0,934
0,0,0,0,453,0,0,1009,1099,0,668,668,0,855,1104,0,934,952,0,934
0,0,0,0,783,714,843,1009,1129,0,668,668,978,855,1104,934,934,0,331,934
0,0,0,0,783,714,843,1009,1129,0,668,668,978,855,1104,934,934,0,331,934
0,0,0,0,879,1128,1070,1009,0,296,668,668,1038,855,1104,934,934,958,0,934
0,0,0,0,879,1128,1070,1009,0,296,668,668,1038,855,1104,934,934,958,0,934
0,0,0,0,820,1129,1071,1009,0,1004,668,668,1039,855,1104,934,934,1124,1139,934
0,0,0,0,820,1129,1071,1009,0,1004,668,668,1039,855,1104,934,934,1124,1139,934
0,0,0,0,965,1131,1071,1009,1002,0,668,668,1105,855,1114,934,934,1160,0,945
0,0,0,0,965,1131,1071,1009,1002,0,668,668,1105,855,1114,934,934,1160,0,945
0,0,0,0,1065,1181,1071,1009,1178,1066,668,668,1127,855,1114,934,0,0,576,945
0,0,0,0,1065,1181,1071,1009,1178,1066,668,668,1127,855,1114,934,0,0,576,945
0,0,0,0,1156,0,1071,0,0,1125,1048,668,0,855,1114,934,0,1065,1143,945
0,0,0,0,1156,0,1071,0,0,1125,1048,668,0,855,1114,934,0,1065,1143,945
0,0,0,0,786,0,1071,0,0,0,1100,1104,1074,1121,1114,934,668,1080,0,945
0,0,0,0,786,0,1071,0,0,0,1100,1104,1074,1121,1114,934,668,1080,0,945
0,0,0,0,958,0,1071,936,650,0,1133,1104,1132,1121,1114,934,668,0,596,945
0,0,0,0,958,0,1071,936,650,0,1133,1104,1132,1121,1114,934,668,0,596,945
0,0,0,0,1099,0,1071,1117,786,0,0,1104,0,1121,1114,0,668,1083,0,945
0,0,0,0,1099,0,1071,1117,786,0,0,1104,0,1121,1114,0,668,1083,0,945
0,0,0,0,923,0,1071,1170,0,890,871,1104,1006,1121,1114,0,668,1088,885,945
0,0,0,0,923,0,1071,1170,0,890,871,1104,1006,1121,1114,0,668,1088,885,945
0,0,0,0,850,0,1111,0,828,0,873,1104,0,1121,1114,0,668,1161,966,945
0,0,0,0,850,0,1111,0,828,0,873,1104,0,1121,1114,0,668,1161,966,945
0,0,0,0,1145,1100,0,0,0,0,1043,1104,0,1121,1147,0,668,0,995,0
0,0,0,0,1145,1100,0,0,0,0,1043,1104,0,1121,1147,0,668,0,995,0
0,0,0,0,1020,1102,0,939,919,0,0,1104,772,1121,1147,772,668,838,1144,0
0,0,0,0,1020,1102,0,939,919,0,0,1104,772,1121,1147,772,668,838,1144,0
0,0,0,0,966,1172,0,1079,1038,1034,1051,1104,772,1121,1147,772,668,961,0,0
0,0,0,0,966,1172,0,1079,1038,1034,1051,1104,772,1121,1147,772,668,961,0,0
0,0,0,0,1043,1173,820,0,0,1050,1064,1142,772,1009,1147,772,0,0,998,296
0,0,0,0,1043,1173,820,0,0,1050,1064,1142,772,1009,1147,772,0,0,998,296
0,0,0,0,913,1173,0,0,0,1069,1119,1142,772,1009,1147,772,0,984,0,1030
0,0,0,0,913,1173,0,0,0,1069,1119,1142,772,1009,1147,772,0,984,0,1030
0,0,0,0,1034,1173,0,851,0,0,1123,1142,772,1009,1147,772,0,1164,1001,1030
0,0,0,0,1034,1173,0,851,0,0,1123,1142,772,1009,1147,772,0,1164,1001,1030
0,0,0,0,1050,1173,0,1080,652,0,1125,1142,772,1009,1147,772,0,0,1033,1030
0,0,0,0,1050,1173,0,1080,652,0,1125,1142,772,1009,1147,772,0,0,1033,1030
0,0,0,0,1139,1173,966,1151,1132,0,1137,1142,772,1009,1147,772,0,863,1163,1030
0,0,0,0,1139,1173,966,1151,1132,0,1137,1142,772,1009,1147,772,0,863,1163,1030
0,0,0,0,1169,1173,995,0,0,684,0,1142,772,1009,0,772,555,1167,0,1030
0,0,0,0,1169,1173,995,0,0,684,0,1142,772,1009,0,772,555,1167,0,1030
0,0,0,0,1120,1173,0,0,0,1082,1009,1142,933,1009,0,294,555,0,951,1030
0,0,0,0,1120,1173,0,0,0,1082,1009,1142,933,1009,0,294,555,0,951,1030
0,0,0,0,1036,1173,0,922,956,0,1009,1142,936,1009,0,294,555,294,1165,1030
0,0,0,0,1036,1173,0,922,956,0,1009,1142,936,1009,0,294,555,294,1165,1030
0,0,0,0,978,0,998,1083,0,0,1009,1162,1091,1041,0,294,555,294,0,1030
0,0,0,0,978,0,998,1083,0,0,1009,1162,1091,1041,0,294,555,294,0,1030
0,0,0,0,1171,0,0,0,958,0,1009,1162,0,1041,0,294,555,294,1009,1126
0,0,0,0,1171,0,0,0,958,0,1009,1162,0,1041,0,294,555,294,1009,1126
0,0,0,0,1180,0,0,0,1006,596,1009,1162,0,1041,1010,294,555,294,1009,1126
0,0,0,0,1180,0,0,0,1006,596,1009,1162,0,1041,1010,294,555,294,1009,1126
0,0,0,0,0,0,1006,534,1153,1062,1009,1162,850,1041,1010,294,555,294,1009,1126
0,0,0,0,0,0,1006,534,1153,1062,1009,1162,850,1041,1010,294,555,294,1009,1126
0,0,0,0,1072,0,1015,0,0,1084,1009,1162,919,1041,1010,294,555,294,1009,1126
0,0,0,0,1072,0,1015,0,0,1084,1009,1162,919,1041,1010,294,555,294,1009,1126
0,0,0,0,1174,928,0,1047,0,0,1009,1162,942,1041,1010,294,855,294,1009,1126
0,0,0,0,1174,928,0,1047,0,0,1009,1162,942,1041,1010,294,855,294,1009,1126
0,0,0,0,1079,0,0,1084,838,0,1154,1162,0,1041,1010,0,855,294,1009,1126
0,0,0,0,1079,0,0,1084,838,0,1154,1162,0,1041,1010,0,855,294,1009,1126
0,0,0,0,838,930,0,0,840,0,0,1162,0,1041,1010,0,855,1116,1009,1126
0,0,0,0,838,930,0,0,840,0,0,1162,0,1041,1010,0,855,1116,1009,1126
0,0,0,0,951,931,410,0,1149,843,851,1108,1069,641,1010,0,855,1122,1009,1126
0,0,0,0,951,931,410,0,1149,843,851,1108,1069,641,1010,0,855,1122,1009,1126
0,0,0,0,542,0,0,850,1155,1072,1143,1108,0,641,1010,296,855,1168,1015,1147
0,0,0,0,542,0,0,850,1155,1072,1143,1108,0,641,1010,296,855,1168,1015,1147
0,0,0,0,1175,945,1016,961,1168,1137,1144,1108,0,641,0,1126,855,0,1039,1147
0,0,0,0,1175,945,1016,961,1168,1137,1144,1108,0,641,0,1126,855,0,1039,1147
0,0,0,0,914,945,1140,0,0,0,1145,1108,650,641,0,1126,855,1045,1166,1147
0,0,0,0,914,945,1140,0,0,0,1145,1108,650,641,0,1126,855,1045,1166,1147
0,0,0,0,1161,945,0,981,0,0,0,1108,1070,641,0,1126,855,1048,0,1147
0,0,0,0,1161,945,0,981,0,0,0,1108,1070,641,0,1126,855,1048,0,1147
0,0,0,0,1170,945,0,0,1140,0,1149,1108,1071,641,934,1126,0,1051,825,1147
0,0,0,0,1170,945,0,0,1140,0,1149,1108,1071,641,934,1126,0,1051,825,1147
0,0,0,0,1176,945,0,984,1157,607,1150,1108,1071,641,934,1126,0,1068,1179,1147
0,0,0,0,1176,945,0,984,1157,607,1150,1108,1071,641,934,1126,0,1068,1179,1147
0,0,0,0,1074,945,0,985,0,1131,1155,1108,1071,641,934,1126,0,1156,0,1147
0,0,0,0,1074,945,0,985,0,1131,1155,1108,1071,641,934,1126,0,1156,0,1147
0,0,0,0,1124,945,0,1013,1160,0,0,1147,1071,971,934,1126,0,0,0,1147
0,0,0,0,1124,945,0,1013,1160,0,0,1147,1071,971,934,1126,0,0,0,1147
0,0,0,0,1178,945,1088,0,0,0,607,1147,1071,971,934,1126,410,0,890,0
0,0,0,0,1178,945,1088,0,0,0,607,1147,1071,971,934,1126,410,0,890,0
0,0,0,0,1122,729,1095,1052,0,0,952,1147,1071,971,934,0,1146,985,1177,1114
0,0,0,0,1122,729,1095,1052,0,0,952,1147,1071,971,934,0,1146,985,1177,1114
0,0,0,0,906,0,0,1154,0,714,958,1147,1071,971,934,1010,1146,1070,0,1114
0,0,0,0,906,0,0,1154,0,714,958,1147,1071,971,934,1010,1146,1070,0,1114
0,0,0,0,1039,0,0,0,729,965,1066,1147,1071,971,934,1010,1146,1071,0,1114
0,0,0,0,1039,0,0,0,729,965,1066,1147,1071,971,934,1010,1146,1071,0,1114
0,0,0,0,919,1132,0,0,0,0,0,1147,1076,971,1030,1010,1146,1071,920,1114
0,0,0,0,919,1132,0,0,0,0,0,1147,1076,971,1030,1010,1146,1071,920,1114
0,0,0,0,576,0,0,331,0,1150,1163,1147,1079,971,1030,1010,1146,1071,0,1114
0,0,0,0,576,0,0,331,0,1150,1163,1147,1079,971,1030,1010,1146,1071,0,1114
0,0,0,0,851,0,453,0,1119,1151,0,1147,1082,971,1030,1010,1146,1071,0,1114
0,0,0,0,851,0,453,0,1119,1151,0,1147,1082,971,1030,1010,1146,1071,0,1114
0,0,0,0,871,0,1061,0,0,1163,1102,1182,0,575,1030,1010,1146,1071,946,1114
0,0,0,0,871,0,1061,0,0,1163,1102,1182,0,575,1030,1010,1146,1071,946,1114
0,0,0,0,331,0,0,863,0,1169,1164,1182,1099,575,1030,1010,1146,1071,956,1114
0,0,0,0,331,0,0,863,0,1169,1164,1182,1099,575,1030,1010,1146,1071,956,1114
0,0,0,0,1025,0,1068,0,0,0,0,1182,1113,575,1030,1010,0,1071,0,1121
0,0,0,0,1025,0,1068,0,0,0,0,1182,1113,575,1030,1010,0,1071,0,1121
0,0,0,0,873,0,1155,873,995,0,966,1182,1116,575,1030,0,542,1071,965,1121
0,0,0,0,873,0,1155,873,995,0,966,1182,1116,575,1030,0,542,1071,965,1121
0,0,0,0,1149,1093,1156,923,1020,0,995,1182,1161,575,1030,0,1108,0,1045,1121
0,0,0,0,1149,1093,1156,923,1020,0,995,1182,1161,575,1030,0,1108,0,1045,1121
0,0,0,0,985,0,1157,1094,0,897,1166,1182,1165,575,1121,906,1108,0,0,1121
0,0,0,0,985,0,1157,1094,0,897,1166,1182,1165,575,1121,906,1108,0,0,1121
0,0,0,0,1150,0,1161,0,0,898,0,1182,1167,575,1121,0,1108,828,0,1121
0,0,0,0,1150,0,1161,0,0,898,0,1182,1167,575,1121,0,1108,828,0,1121
0,0,0,0,650,0,1162,0,0,898,998,1182,0,575,1121,0,1108,850,714,1121
0,0,0,0,650,0,1162,0,0,898,998,1182,0,575,1121,0,1108,850,714,1121
0,0,0,0,1080,0,1162,607,294,898,0,945,0,1142,1121,0,1108,0,1128,1121
0,0,0,0,1080,0,1162,607,294,898,0,945,0,1142,1121,0,1108,0,1128,1121
0,0,0,0,1013,575,1162,1096,294,898,1000,945,861,1142,1121,0,1108,913,1129,1121
0,0,0,0,1013,575,1162,1096,294,898,1000,945,861,1142,1121,0,1108,913,1129,1121
0,0,0,0,628,575,1162,1179,294,898,1068,945,875,1142,1121,0,1108,1099,0,1106
0,0,0,0,628,575,1162,1179,294,898,1068,945,875,1142,1121,0,1108,1099,0,1106
0,0,0,0,834,575,1162,0,294,898,1168,945,1050,1142,1121,855,1108,0,1131,1106
0,0,0,0,834,575,1162,0,294,898,1168,945,1050,1142,1121,855,1108,0,1131,1106
0,0,0,0,1015,575,1162,0,294,898,0,945,1157,1142,1121,855,0,1111,1132,1106
0,0,0,0,1015,575,1162,0,294,898,0,945,1157,1142,1121,855,0,1111,1132,1106
0,0,0,0,652,575,1162,1060,294,898,834,945,0,1142,1173,855,0,0,1133,1106
0,0,0,0,652,575,1162,1060,294,898,834,945,0,1142,1173,855,0,0,1133,1106
0,0,0,0,1055,575,1162,1163,294,1047,1175,945,0,1142,1173,855,0,0,0,1106
0,0,0,0,1055,575,1162,1163,294,1047,1175,945,0,1142,1173,855,0,0,0,1106
0,0,0,0,952,575,0,0,294,1093,0,945,922,1142,1173,855,0,596,1136,1106
0,0,0,0,952,575,0,0,294,1093,0,945,922,1142,1173,855,0,596,1136,1106
0,0,0,0,1027,575,772,0,1036,1175,534,1010,0,987,1173,855,0,0,0,1106
0,0,0,0,1027,575,772,0,1036,1175,534,1010,0,987,1173,855,0,0,0,1106
0,0,0,0,752,933,772,752,1171,0,0,1010,946,987,1173,855,772,0,0,1106
0,0,0,0,752,933,772,752,1171,0,0,1010,946,987,1173,855,772,0,0,1106
0,0,0,0,942,934,772,0,0,0,0,1010,1015,987,1173,855,772,936,1047,1173
0,0,0,0,942,934,772,0,0,0,0,1010,1015,987,1173,855,772,936,1047,1173
0,0,0,0,1031,934,772,1164,0,0,576,1010,0,987,1173,897,772,1091,1157,1173
0,0,0,0,1031,934,772,1164,0,0,576,1010,0,987,1173,897,772,1091,1157,1173
0,0,0,0,922,934,772,0,0,977,838,1010,0,987,1173,898,772,1171,0,1173
0,0,0,0,922,934,772,0,0,977,838,1010,0,987,1173,898,772,1171,0,1173
0,0,0,0,1048,934,772,0,1075,1174,0,1010,825,987,0,898,772,0,0,1173
0,0,0,0,1048,934,772,0,1075,1174,0,1010,825,987,0,898,772,0,0,1173
0,0,0,0,1127,934,772,542,1076,1176,0,1010,0,987,0,898,772,0,1002,1173
0,0,0,0,1127,934,772,542,1076,1176,0,1010,0,987,0,898,772,0,1002,1173
0,0,0,0,1070,934,772,825,0,0,1072,1010,0,987,0,898,772,1075,1140,1173
0,0,0,0,1070,934,772,825,0,0,1072,1010,0,987,0,898,772,1075,1140,1173
0,0,0,0,1082,934,1038,1062,1105,0,1151,1030,652,1146,0,898,772,1079,0,1173
0,0,0,0,1082,934,1038,1062,1105,0,1151,1030,652,1146,0,898,772,1079,0,1173
0,0,0,0,1136,934,1039,1167,0,0,0,1030,885,1146,945,898,1182,1181,0,1173
0,0,0,0,1136,934,1039,1167,0,0,0,1030,885,1146,945,898,1182,1181,0,1173
0,0,0,0,1160,0,1040,0,0,1096,0,1030,1169,1146,945,898,1182,0,410,0
0,0,0,0,1160,0,1040,0,0,1096,0,1030,1169,1146,945,898,1182,0,410,0
0,0,0,0,1097,0,1041,0,0,1133,913,1030,0,1146,945,898,1182,0,0,1110
0,0,0,0,1097,0,1041,0,0,1133,913,1030,0,1146,945,898,1182,0,0,1110
0,0,0,0,0,0,1041,576,879,0,923,1030,0,1146,945,1030,1182,684,1034,1110
0,0,0,0,0,0,1041,576,879,0,923,1030,0,1146,945,1030,1182,684,1034,1110
0,0,0,0,1164,0,1041,1122,0,0,1174,1030,0,1146,945,1030,1182,928,1064,1110
0,0,0,0,1164,0,1041,1122,0,0,1174,1030,0,1146,945,1030,1182,928,1064,1110
0,0,0,0,1166,668,1041,1123,0,0,0,1030,0,1146,945,1030,1182,0,0,1110
0,0,0,0,1166,668,1041,1123,0,0,0,1030,0,1146,945,1030,1182,0,0,1110
0,0,0,0,1168,668,1041,1124,0,875,0,1030,1025,1146,945,1030,1182,930,0,1110
0,0,0,0,1168,668,1041,1124,0,875,0,1030,1025,1146,945,1030,1182,930,0,1110
0,0,0,0,0,668,1041,1125,920,0,1002,1041,1119,1110,945,1030,1182,931,978,1110
0,0,0,0,0,668,1041,1125,920,0,1002,1041,1119,1110,945,1030,1182,931,978,1110
0,0,0,0,0,668,1041,1126,1139,0,1076,1041,1120,1110,1106,1030,0,0,1066,1110
0,0,0,0,0,668,1041,1126,1139,0,1076,1041,1120,1110,1106,1030,0,0,1066,1110
0,0,0,0,0,668,1041,1126,1143,913,0,1041,0,1110,1106,1030,453,933,0,1110
0,0,0,0,0,668,1041,1126,1143,913,0,1041,0,1110,1106,1030,453,933,0,1110
0,0,0,0,0,668,1075,1126,0,951,0,1041,0,1110,1106,1030,0,0,0,1041
0,0,0,0,0,668,1075,1126,0,951,0,1041,0,1110,1106,1030,0,0,0,1041
0,0,0,0,0,668,1076,1126,0,1060,928,1041,1020,1110,1106,0,0,939,834,1041
0,0,0,0,0,668,1076,1126,0,1060,928,1041,1020,1110,1106,0,0,939,834,1041
0,0,0,0,0,668,1091,1126,0,1064,0,1041,0,1110,1106,650,0,1036,1069,1041
0,0,0,0,0,668,1091,1126,0,1064,0,1041,0,1110,1106,650,0,1036,1069,1041
0,0,0,0,0,0,1097,1126,933,1102,930,1041,1026,1110,1106,0,821,1094,0,1041
0,0,0,0,0,0,1097,1126,933,1102,930,1041,1026,1110,1106,0,821,1094,0,1041
0,0,0,0,0,0,0,1126,1029,1123,931,1041,0,1110,1106,0,821,0,0,1041
0,0,0,0,0,0,0,1126,1029,1123,931,1041,0,1110,1106,0,821,0,0,1041
0,0,0,0,0,0,0,1126,1045,1177,0,1110,0,898,1106,0,821,0,979,1041
0,0,0,0,0,0,0,1126,1045,1177,0,1110,0,898,1106,0,821,0,979,1041
0,0,0,0,0,1094,0,555,1048,0,1034,1110,701,898,1110,0,821,914,1074,1041
0,0,0,0,0,1094,0,555,1048,0,1034,1110,701,898,1110,0,821,914,1074,1041
0,0,0,0,0,0,0,555,1051,0,0,1110,0,898,1110,0,821,0,0,1041
0,0,0,0,0,0,0,555,1051,0,0,1110,0,898,1110,0,821,0,0,1041
0,0,0,0,0,0,821,555,0,0,1040,1110,0,898,1110,0,821,0,0,1104
0,0,0,0,0,0,821,555,0,0,1040,1110,0,898,1110,0,821,0,0,1104
0,0,0,0,0,1110,821,555,0,861,1080,1110,828,898,1110,453,821,542,820,1104
0,0,0,0,0,1110,821,555,0,861,1080,1110,828,898,1110,453,821,542,820,1104
0,0,0,0,0,1110,821,555,0,0,0,1110,843,898,1110,1071,821,628,821,1104
0,0,0,0,0,1110,821,555,0,0,0,1110,843,898,1110,1071,821,628,821,1104
0,0,0,0,0,1110,821,555,628,0,0,1110,871,898,1110,1071,1162,1172,821,1104
0,0,0,0,0,1110,821,555,628,0,0,1110,871,898,1110,1071,1162,1172,821,1104
0,0,0,0,0,1110,821,555,1043,978,628,1110,1065,898,1110,1071,1162,0,821,1104
0,0,0,0,0,1110,821,555,1043,978,628,1110,1065,898,1110,1071,1162,0,821,1104
0,0,0,0,0,1110,821,555,0,1112,1178,821,0,1135,1110,1071,1162,0,821,1104
0,0,0,0,0,1110,821,555,0,1112,1178,821,0,1135,1110,1071,1162,0,821,1104
0,0,0,0,0,1110,821,0,0,1113,1179,821,1088,1135,1182,1071,1162,840,821,1104
0,0,0,0,0,1110,821,0,0,1113,1179,821,1088,1135,1182,1071,1162,840,821,1104
0,0,0,0,0,1110,821,0,0,1114,0,821,0,1135,1182,1071,1162,0,821,1104
0,0,0,0,0,1110,821,0,0,1114,0,821,0,1135,1182,1071,1162,0,821,1104
0,0,0,0,0,1110,1143,977,1026,1114,0,821,0,1135,1182,1071,1162,1095,821,971
0,0,0,0,0,1110,1143,977,1026,1114,0,821,0,1135,1182,1071,1162,1095,821,971
0,0,0,0,0,0,1144,0,1027,1114,726,821,294,1135,1182,1071,1162,0,821,971
0,0,0,0,0,0,1144,0,1027,1114,726,821,294,1135,1182,1071,1162,0,821,971
0,0,0,0,0,0,1145,1064,1033,1114,0,821,294,1135,1182,0,1162,0,1082,971
0,0,0,0,0,0,1145,1064,1033,1114,0,821,294,1135,1182,0,1162,0,1082,971
0,0,0,0,0,1030,0,0,0,1114,0,821,294,1135,1182,0,0,873,1170,971
0,0,0,0,0,1030,0,0,0,1114,0,821,294,1135,1182,0,0,873,1170,971
0,0,0,0,0,1030,0,0,0,1114,729,821,294,1135,1182,0,0,1038,0,971
0,0,0,0,0,1030,0,0,0,1114,729,821,294,1135,1182,0,0,1038,0,971
0,0,0,0,0,1030,0,0,0,1114,0,0,294,0,1182,0,0,1097,0,971
0,0,0,0,0,1030,0,0,0,1114,0,0,294,0,1182,0,0,1097,0,971
0,0,0,0,0,1030,0,943,931,1114,1083,641,294,1108,0,0,0,0,1050,971
0,0,0,0,0,1030,0,943,931,1114,1083,641,294,1108,0,0,0,0,1050,971
0,0,0,0,0,1030,0,943,952,0,1129,641,294,1108,0,0,1142,0,1084,971
0,0,0,0,0,1030,0,943,952,0,1129,641,294,1108,0,0,1142,0,1084,971
0,0,0,0,0,1030,1112,943,0,0,0,641,294,1108,0,726,1142,861,1169,555
0,0,0,0,0,1030,1112,943,0,0,0,641,294,1108,0,726,1142,861,1169,555
0,0,0,0,0,1030,1113,943,0,939,0,641,0,1108,0,729,1142,1020,1172,555
0,0,0,0,0,1030,1113,943,0,939,0,641,0,1108,0,729,1142,1020,1172,555
0,0,0,0,0,1030,1120,943,1040,942,1084,641,0,1108,1135,0,1142,0,0,555
0,0,0,0,0,1030,1120,943,1040,942,1084,641,0,1108,1135,0,1142,0,0,555
0,0,0,0,0,1104,1121,943,0,946,0,641,851,1108,1135,0,1142,0,0,555
0,0,0,0,0,1104,1121,943,0,946,0,641,851,1108,1135,0,1142,0,0,555
0,0,0,0,0,1104,1121,943,0,1180,0,641,1023,1108,1135,0,1142,1040,897,555
0,0,0,0,0,1104,1121,943,0,1180,0,641,1023,1108,1135,0,1142,1040,897,555
0,0,0,0,0,1104,1121,943,0,1181,786,641,1029,1108,1135,0,1142,1117,906,555
0,0,0,0,0,1104,1121,943,0,1181,786,641,1029,1108,1135,0,1142,1117,906,555
0,0,0,0,0,1104,1121,971,743,1182,0,855,0,1173,1135,0,1142,0,1060,555
0,0,0,0,0,1104,1121,971,743,1182,0,855,0,1173,1135,0,1142,0,1060,555
0,0,0,0,0,1104,1121,971,0,1182,977,855,0,1173,1135,652,971,0,1105,555
0,0,0,0,0,1104,1121,971,0,1182,977,855,0,1173,1135,652,971,0,1105,555
0,0,0,0,0,1104,1121,971,0,1182,0,855,863,1173,1135,1146,971,843,1174,641
0,0,0,0,0,1104,1121,971,0,1182,0,855,863,1173,1135,1146,971,843,1174,641
0,0,0,0,0,1104,1121,971,855,1182,1004,855,879,1173,1135,1146,971,0,0,641
0,0,0,0,0,1104,1121,971,855,1182,1004,855,879,1173,1135,1146,971,0,0,641
0,0,0,0,0,1104,1121,971,855,1182,1026,855,1141,1173,294,1146,971,0,0,641
0,0,0,0,0,1104,1121,971,855,1182,1026,855,1141,1173,294,1146,971,0,0,641
0,0,0,0,0,1135,0,971,855,1182,1027,855,1149,1173,294,1146,971,1031,1004,641
0,0,0,0,0,1135,0,971,855,1182,1027,855,1149,1173,294,1146,971,1031,1004,641
0,0,0,0,0,1135,0,971,855,1182,0,855,1151,1173,294,1146,971,0,1137,641
0,0,0,0,0,1135,0,971,855,1182,0,855,1151,1173,294,1146,971,0,1137,641
0,0,0,0,0,1135,0,971,855,1182,1031,855,1171,1173,294,1146,971,1127,1175,641
0,0,0,0,0,1135,0,971,855,1182,1031,855,1171,1173,294,1146,971,1127,1175,641
0,0,0,0,0,1135,0,987,855,0,1136,0,0,0,294,1146,971,0,0,641
0,0,0,0,0,1135,0,987,855,0,1136,0,0,0,294,1146,971,0,0,641
0,0,0,0,0,1135,0,987,855,1141,0,0,0,0,294,1146,0,0,0,641
0,0,0,0,0,1135,0,987,855,1141,0,0,0,0,294,1146,0,0,0,641
0,0,0,0,0,1135,1146,987,855,1142,0,0,0,0,294,0,0,743,1113,668
0,0,0,0,0,1135,1146,987,855,1142,0,0,0,0,294,0,0,743,1113,668
0,0,0,0,0,1135,1146,987,0,1142,743,575,979,0,294,0,0,1140,0,668
0,0,0,0,0,1135,1146,987,0,1142,743,575,979,0,294,0,0,1140,0,668
0,0,0,0,0,1135,1146,987,0,1142,0,575,1033,0,555,0,0,0,0,668
0,0,0,0,0,1135,1146,987,0,1142,0,575,1033,0,555,0,0,0,0,668
0,0,0,0,0,0,1146,987,0,1142,772,575,1170,0,555,0,943,0,1062,668
0,0,0,0,0,0,1146,987,0,1142,772,575,1170,0,555,0,943,0,1062,668
0,0,0,0,0,0,1146,987,726,1142,772,575,1176,0,555,1173,943,919,1093,668
0,0,0,0,0,0,1146,987,726,1142,772,575,1176,0,555,1173,943,919,1093,668
0,0,0,0,0,0,1146,987,1100,1142,772,575,0,555,555,1173,943,0,1176,668
0,0,0,0,0,0,1146,987,1100,1142,772,575,0,555,555,1173,943,0,1176,668
0,0,0,0,0,0,1146,0,1106,1142,772,575,0,555,555,1173,943,942,0,668
0,0,0,0,0,0,1146,0,1106,1142,772,575,0,555,555,1173,943,942,0,668
0,0,0,0,0,0,1146,0,1106,1142,772,575,0,555,555,1173,943,943,0,668
0,0,0,0,0,0,1146,0,1106,1142,772,575,0,555,555,1173,943,943,0,668
0,0,0,0,0,0,1147,0,1106,1010,772,575,1036,555,555,1173,943,943,1100,0
0,0,0,0,0,0,1147,0,1106,1010,772,575,1036,555,555,1173,943,943,1100,0
0,0,0,0,0,0,1147,0,1106,1010,772,943,1052,555,555,1173,943,943,1102,0
0,0,0,0,0,0,1147,0,1106,1010,772,943,1052,555,555,1173,943,943,1102,0
0,0,0,0,0,0,1147,0,1106,1010,772,943,1093,555,641,1173,943,943,1141,0
0,0,0,0,0,0,1147,0,1106,1010,772,943,1093,555,641,1173,943,943,1141,0
0,0,0,0,0,0,1147,0,1106,1010,783,943,1145,555,641,1173,1114,943,0,0
0,0,0,0,0,0,1147,0,1106,1010,783,943,1145,555,641,1173,1114,943,0,0
0,0,0,0,0,0,1147,0,1106,1010,0,943,1155,555,641,0,1114,943,0,0
0,0,0,0,0,0,1147,0,1106,1010,0,943,1155,555,641,0,1114,943,0,0
0,0,0,0,0,0,1147,0,1106,1010,0,943,1156,1147,641,0,1114,943,752,0
0,0,0,0,0,0,1147,0,1106,1010,0,943,1156,1147,641,0,1114,943,752,0
0,0,0,0,0,0,1147,0,0,1010,956,943,0,1147,641,0,1114,943,1042,0
0,0,0,0,0,0,1147,0,0,1010,956,943,0,1147,641,0,1114,943,1042,0
0,0,0,0,0,0,1147,0,1116,1010,0,943,0,1147,641,0,1114,534,1043,331
0,0,0,0,0,0,1147,0,1116,1010,0,943,0,1147,641,0,1114,534,1043,331
0,0,0,0,0,0,0,0,1127,0,965,943,0,1147,641,0,1114,714,0,1135
0,0,0,0,0,0,0,0,1127,0,965,943,0,1147,641,0,1114,714,0,1135
0,0,0,0,0,0,0,0,0,0,1153,0,1042,1147,641,0,1114,922,0,1135
0,0,0,0,0,0,0,0,0,0,1153,0,1042,1147,641,0,1114,922,0,1135
0,0,0,0,0,0,0,0,0,0,0,0,0,1147,1162,0,1114,0,1061,1135
0,0,0,0,0,0,0,0,0,0,0,0,0,1147,1162,0,1114,0,1061,1135
0,0,0,0,0,0,0,0,0,0,0,0,0,1147,1162,1106,0,0,1096,1135
0,0,0,0,0,0,0,0,0,0,0,0,0,1147,1162,1106,0,0,1096,1135
0,0,0,0,0,0,0,0,1108,0,575,0,1162,1147,1162,1106,0,987,0,1135
0,0,0,0,0,0,0,0,1108,0,575,0,1162,1147,1162,1106,0,987,0,1135
0,0,0,0,0,0,0,0,1108,0,575,0,1162,945,1162,1106,575,987,0,1135
0,0,0,0,0,0,0,0,1108,0,575,0,1162,945,1162,1106,575,987,0,1135
0,0,0,0,0,0,0,0,1108,0,575,1121,1162,945,1162,1106,575,987,898,1135
0,0,0,0,0,0,0,0,1108,0,575,1121,1162,945,1162,1106,575,987,898,1135
0,0,0,0,0,0,0,0,1108,0,575,1121,1162,945,1162,1106,575,987,898,1135
0,0,0,0,0,0,0,0,1108,0,575,1121,1162,945,1162,1106,575,987,898,1135
0,0,0,0,0,0,0,0,1108,0,575,1121,1162,945,1162,1106,575,987,898,1010
0,0,0,0,0,0,0,0,1108,0,575,1121,1162,945,1162,1106,575,987,898,1010
0,0,0,0,0,0,0,0,1108,0,575,1121,1162,945,1162,1106,575,987,898,1010
0,0,0,0,0,0,0,0,1108,0,575,1121,1162,945,1162,1106,575,987,898,1010
0,0,0,0,0,0,0,0,1108,0,575,1121,1162,945,1041,1106,575,987,898,1010
0,0,0,0,0,0,0,0,1108,0,575,1121,1162,945,1041,1106,575,987,898,1010
0,0,0,0,0,0,0,0,1108,0,575,1121,1162,945,1041,0,575,987,898,1010
0,0,0,0,0,0,0,0,1108,0,575,1121,1162,945,1041,0,575,987,898,1010
0,0,0,0,0,0,0,0,0,0,0,1121,0,945,1041,0,575,0,898,1010
0,0,0,0,0,0,0,0,0,0,0,1121,0,945,1041,0,575,0,898,1010
0,0,0,0,0,0,0,0,0,0,0,1121,0,0,1041,0,0,0,898,1010
0,0,0,0,0,0,0,0,0,0,0,1121,0,0,1041,0,0,0,898,1010
0,0,0,0,0,0,0,0,0,0,0,0,0,0,1041,0,0,0,0,1010
0,0,0,0,0,0,0,0,0,0,0,0,0,0,1041,0,0,0,0,1010
0,0,0,0,0,0,0,0,0,0,0,0,0,0,1041,0,0,0,0,1010
0,0,0,0,0,0,0,0,0,0,0,0,0,0,1041,0,0,0,0,1010
0,0,0,0,0,0,0,0,0,0,0,0,0,0,1041,0,0,0,0,0
0,0,0,0,0,0,0,0,0,0,0,0,0,0,1041,0,0,0,0,0
0,0,0,0,0,0,0,0,0,0,0,0,0,0,1041,0,0,0,0,0
0,0,0,0,0,0,0,0,0,0,0,0,0,0,1041,0,0,0,0,0