314,272,312,314,424,0,617,0,166,0,445,0,586,98,551,0,565,0,0,579
314,272,312,314,424,0,617,0,166,0,445,0,586,98,551,0,565,0,0,579
314,272,312,314,502,0,0,462,0,0,0,0,586,98,570,0,576,0,98,585
314,272,312,314,502,0,0,462,0,0,0,0,586,98,570,0,576,0,98,585
314,272,312,314,634,378,98,463,80,0,448,0,586,98,570,0,579,42,98,597
314,272,312,314,634,378,98,463,80,0,448,0,586,98,570,0,579,42,98,597
314,272,312,314,613,384,98,0,0,0,0,0,586,98,570,0,0,589,98,607
314,272,312,314,613,384,98,0,0,0,0,0,586,98,570,0,0,589,98,607
314,272,312,314,201,511,98,479,496,201,452,0,586,98,570,0,585,589,98,615
314,272,312,314,201,511,98,479,496,201,452,0,586,98,570,0,585,589,98,615
314,272,312,314,427,0,98,535,0,469,453,0,586,98,570,201,587,589,98,625
330,272,312,330,427,0,98,535,0,469,453,0,586,98,570,201,587,589,98,625
330,286,312,330,462,0,98,0,587,0,0,0,586,98,570,203,591,589,98,638
330,286,336,330,462,0,98,0,587,0,0,0,586,98,570,203,591,589,98,638
330,286,336,330,166,0,98,0,637,576,466,0,586,98,570,0,597,589,98,0
330,286,336,330,166,0,98,0,637,576,466,0,586,98,570,0,597,589,98,0
330,286,336,330,42,0,98,0,640,0,467,98,381,268,570,0,598,589,98,0
330,286,336,330,42,0,98,0,640,0,467,98,381,268,570,0,598,589,98,0
330,286,336,330,432,0,98,381,649,0,0,98,0,574,577,495,600,589,583,0
330,286,336,330,432,0,98,381,649,0,0,98,0,574,577,495,600,589,583,0
330,286,336,330,522,503,0,386,0,0,480,98,0,574,577,498,0,589,583,0
330,286,336,330,522,503,0,386,0,0,480,98,0,574,577,498,0,589,583,0
341,286,336,341,486,0,445,0,0,0,485,98,394,574,577,502,607,239,583,0
341,286,336,341,486,0,445,0,0,0,485,98,394,574,577,502,607,239,583,0
341,295,336,341,509,0,0,0,0,0,497,98,0,574,577,511,613,0,583,0
341,295,336,341,509,0,0,0,0,0,497,98,0,574,577,511,613,0,583,0
341,295,354,341,294,0,448,547,0,0,522,98,0,574,577,520,638,0,583,0
341,295,354,341,294,0,448,547,0,0,522,98,0,574,577,520,638,0,583,0
341,295,354,341,302,0,0,565,0,76,575,98,409,574,577,522,649,0,583,0
341,295,354,341,302,0,0,565,0,76,575,98,409,574,577,522,649,0,583,0
341,295,354,341,203,0,452,579,0,76,575,98,0,574,577,580,0,0,583,0
341,295,354,341,203,0,452,579,0,76,575,98,0,574,577,580,0,0,583,0
341,295,354,341,345,148,453,0,0,76,575,571,425,574,577,590,0,0,583,0
367,295,354,367,345,148,453,0,0,76,575,571,425,574,577,590,0,0,583,0
367,295,354,367,64,148,467,0,0,76,575,571,466,592,589,598,0,80,0,0
367,295,354,367,64,148,467,0,0,76,575,571,466,592,589,598,0,80,0,0
367,329,354,367,602,148,0,0,42,76,575,571,0,592,589,608,0,573,139,0
367,329,354,367,602,148,0,0,42,76,575,571,0,592,589,608,0,573,139,0
367,329,354,367,80,148,478,378,0,76,575,571,486,592,589,0,0,573,485,0
367,329,356,367,80,148,478,378,0,76,575,571,486,592,589,0,0,573,485,0
367,329,356,367,452,148,491,0,0,76,575,571,503,592,589,0,0,573,573,294
367,329,356,367,452,148,491,0,0,76,575,571,503,592,589,0,0,573,573,294
367,329,356,367,305,148,0,415,0,76,575,571,520,592,589,0,0,573,573,0
367,329,356,367,305,148,0,415,0,76,575,571,520,592,589,0,0,573,573,0
403,329,356,403,520,148,514,466,64,0,0,571,564,592,589,0,0,573,573,0
403,329,356,403,520,148,514,466,64,0,0,571,564,592,589,0,0,573,573,0
403,329,356,403,463,148,0,480,409,0,0,571,564,592,589,0,0,573,573,0
403,329,356,403,463,148,0,480,409,0,0,571,564,592,589,0,0,573,573,0
403,357,356,403,226,0,555,486,425,0,0,583,564,592,589,0,0,573,573,0
403,357,356,403,226,0,555,486,425,0,0,583,564,592,589,0,0,573,573,0
403,357,356,403,478,535,0,0,499,0,0,583,564,0,0,0,0,573,573,0
403,357,356,403,478,535,0,0,499,0,0,583,564,0,0,0,0,573,573,0
403,357,362,403,565,0,585,580,625,294,394,583,564,0,148,0,0,0,573,415
403,357,362,403,565,0,585,580,625,294,394,583,564,0,148,0,0,0,573,415
403,357,362,403,636,539,596,0,0,0,570,583,564,0,148,0,0,0,573,0
404,357,362,404,636,539,596,0,0,0,570,583,564,0,148,0,0,0,573,0
404,357,362,404,381,0,618,0,0,0,570,583,564,378,148,294,0,0,0,0
404,357,362,404,381,0,618,0,0,0,570,583,564,378,148,294,0,0,0,0
404,357,362,404,551,0,0,0,0,0,570,583,564,563,148,0,0,0,0,423
404,357,362,404,551,0,0,0,0,0,570,583,564,563,148,0,0,0,0,423
404,372,362,404,576,0,302,423,0,0,570,583,578,563,148,302,0,0,0,424
404,372,362,404,576,0,302,423,0,0,570,583,578,563,148,302,0,0,0,424
404,372,362,404,309,0,305,495,0,139,570,583,578,563,148,305,0,0,0,431
404,372,362,404,309,0,305,495,0,139,570,583,578,563,148,305,0,0,0,431
404,372,362,404,608,0,309,509,226,495,570,0,578,563,148,309,0,76,0,0
404,372,418,404,608,0,309,509,226,495,570,0,578,563,148,309,0,76,0,0
413,372,418,413,139,375,311,522,630,647,570,0,578,563,148,311,0,76,76,535
413,372,418,413,139,375,311,522,630,647,570,0,578,563,148,311,0,76,76,535
413,372,418,413,470,0,0,0,0,0,570,42,578,563,594,0,0,76,76,0
413,372,418,413,470,0,0,0,0,0,570,42,578,563,594,0,0,76,76,0
413,372,418,413,579,394,318,0,0,0,0,268,578,563,594,584,0,76,76,539
413,372,418,413,579,394,318,0,0,0,0,268,578,563,594,584,0,76,76,539
413,393,418,413,479,0,319,613,0,0,0,0,578,563,594,591,0,76,76,542
413,393,418,413,479,0,319,613,0,0,0,0,578,563,594,591,0,76,76,542
413,393,418,413,480,409,320,0,0,0,0,462,578,575,594,599,0,76,76,547
413,393,418,413,480,409,320,0,0,0,0,462,578,575,594,599,0,76,76,547
413,393,418,413,580,0,0,0,0,0,0,463,0,575,594,610,239,76,76,560
417,393,418,417,580,0,0,0,0,0,0,463,0,575,594,610,239,76,76,560
417,393,428,417,491,0,621,0,539,0,0,0,0,575,594,0,0,76,76,576
417,393,428,417,491,0,621,0,539,0,0,0,0,575,594,0,0,76,76,576
417,393,428,417,637,0,0,427,621,203,166,470,0,575,594,0,0,547,76,580
417,393,428,417,637,0,0,427,621,203,166,470,0,575,594,0,0,547,76,580
417,393,428,417,327,415,556,497,0,497,0,0,203,575,594,0,0,592,0,587
417,393,428,417,327,415,556,497,0,497,0,0,203,575,594,0,0,592,0,587
417,416,428,417,318,0,560,597,0,0,500,478,571,575,571,0,0,592,64,599
417,416,428,417,318,0,560,597,0,0,500,478,571,575,571,0,0,592,64,599
417,416,428,417,514,423,590,0,0,0,0,495,571,575,571,0,0,592,0,608
417,416,428,417,514,423,590,0,0,0,0,495,571,575,571,0,0,592,0,608
429,416,428,429,584,425,608,0,0,0,551,496,571,575,571,0,139,592,0,617
429,416,428,429,584,425,608,0,0,0,551,496,571,575,571,0,139,592,0,617
429,416,428,429,239,431,625,0,0,0,554,0,571,0,571,0,0,592,0,627
429,416,438,429,239,431,625,0,0,0,554,0,571,0,571,0,0,592,0,627
429,416,438,429,386,0,0,176,0,0,555,0,571,0,571,0,0,592,0,640
429,416,438,429,386,0,0,176,0,0,555,0,571,0,571,0,0,592,0,640
429,416,438,429,585,485,424,176,467,0,556,564,571,0,571,0,0,592,0,0
429,416,438,429,585,485,424,176,467,0,556,564,571,0,571,0,0,592,0,0
429,430,438,429,466,496,432,176,503,0,0,564,571,0,571,64,0,592,0,0
429,430,438,429,466,496,432,176,503,0,0,564,571,0,571,64,0,592,0,0
429,430,438,429,498,499,469,176,0,431,0,564,571,0,571,602,0,578,409,0
434,430,438,434,498,499,469,176,0,431,0,564,571,0,571,602,0,578,409,0
434,430,438,434,587,547,630,176,0,0,560,564,0,0,583,617,0,578,425,0
434,430,438,434,587,547,630,176,0,0,560,564,0,0,583,617,0,578,425,0
434,430,438,434,268,0,0,176,0,445,0,564,0,0,583,0,0,578,432,0
434,430,438,434,268,0,0,176,0,445,0,564,0,0,583,0,0,578,432,0
434,430,457,434,590,0,498,176,0,448,0,564,0,0,583,0,0,578,0,0
434,430,457,434,590,0,498,176,0,448,0,564,0,0,583,0,0,578,0,0
434,430,457,434,311,0,502,176,0,0,0,564,0,386,583,0,0,578,0,0
434,430,457,434,311,0,502,176,0,0,0,564,0,386,583,0,0,578,0,0
434,437,457,434,591,0,523,0,0,0,0,564,0,0,583,0,0,578,445,0
434,437,457,434,591,0,523,0,0,0,0,564,0,0,583,0,0,578,445,0
436,437,457,436,638,0,554,0,183,500,0,578,0,0,583,0,0,578,452,0
436,437,457,436,638,0,554,0,183,500,0,578,0,0,583,0,0,578,452,0
436,437,457,436,542,251,0,394,183,0,0,578,0,0,583,0,0,578,491,0
436,437,457,436,542,251,0,394,183,0,0,578,0,0,583,0,0,578,491,0
436,437,457,436,596,251,584,470,183,0,0,578,80,0,583,0,0,0,574,0
436,437,457,436,596,251,584,470,183,0,0,578,80,0,583,0,0,0,574,0
436,437,473,436,319,251,591,500,183,0,0,578,0,0,0,0,0,0,574,0
436,437,473,436,319,251,591,500,183,0,0,578,0,0,0,0,0,0,574,0
436,437,473,436,320,251,610,627,183,0,586,578,0,0,0,0,0,0,574,0
436,437,473,436,320,251,610,627,183,0,586,578,0,0,0,0,0,0,574,0
436,443,473,436,627,251,649,0,183,0,586,578,0,0,76,375,0,226,574,470
454,443,473,454,627,251,649,0,183,0,586,578,0,0,76,375,0,226,574,470
454,443,473,454,598,251,0,0,183,0,586,578,0,0,76,384,0,586,574,0
454,443,473,454,598,251,0,0,183,0,586,578,0,0,76,384,0,586,574,0
454,443,473,454,597,251,239,0,183,0,586,578,0,570,76,634,0,586,574,478
454,443,473,454,597,251,239,0,183,0,586,578,0,570,76,634,0,586,574,478
454,443,473,454,599,251,0,327,0,151,586,0,0,570,76,636,148,586,574,0
454,443,473,454,599,251,0,327,0,151,586,0,0,570,76,636,148,586,574,0
454,443,492,454,600,249,0,0,520,151,586,0,0,570,76,637,148,586,574,0
454,443,492,454,600,249,0,0,520,151,586,0,0,570,76,637,148,586,574,0
454,443,492,454,615,249,268,345,0,151,586,0,76,570,76,640,148,586,0,496
454,443,492,454,615,249,268,345,0,151,586,0,76,570,76,640,148,586,0,496
456,455,492,456,607,249,0,638,0,151,586,0,76,570,76,647,148,586,0,499
456,455,492,456,607,249,0,638,0,151,586,0,76,570,76,647,148,586,0,499
456,455,492,456,610,249,0,0,0,151,578,0,76,570,76,0,148,586,0,0
456,455,492,456,610,249,0,0,0,151,578,0,76,570,76,0,148,586,0,0
456,455,492,456,617,249,542,0,0,151,578,0,76,570,0,0,148,586,0,509
456,455,492,456,617,249,542,0,0,151,578,0,76,570,0,0,148,586,0,509
456,455,492,456,640,249,0,0,0,151,578,0,76,570,0,0,148,0,0,514
456,455,492,456,640,249,0,0,0,151,578,0,76,570,0,0,148,0,0,514
456,455,505,456,286,249,551,375,0,151,578,0,76,583,0,0,148,0,0,0
456,455,505,456,286,249,551,375,0,151,578,0,76,583,0,0,148,0,0,0
456,455,505,456,286,249,564,384,230,398,578,0,76,583,0,0,0,0,0,0
494,455,505,494,286,249,564,384,230,398,578,0,76,583,0,0,0,0,0,0
494,458,505,494,286,586,564,398,230,0,578,230,76,583,0,0,302,423,345,590
494,458,505,494,286,586,564,398,230,0,578,230,76,583,0,0,302,423,345,590
494,458,505,494,286,586,564,634,230,0,578,230,151,583,0,0,305,427,554,600
494,458,505,494,286,586,564,634,230,0,578,230,151,583,0,0,305,427,554,600
494,458,505,494,286,586,564,636,230,0,578,230,151,583,0,0,309,0,555,610
494,458,505,494,286,586,564,636,230,0,578,230,151,583,0,0,309,0,555,610
494,458,505,494,295,586,564,647,230,0,0,230,151,583,0,0,311,463,556,618
494,458,505,494,295,586,564,647,230,0,0,230,151,583,0,0,311,463,556,618
494,458,506,494,295,586,564,0,230,453,0,230,151,583,462,0,0,0,0,630
494,458,506,494,295,586,564,0,230,453,0,230,151,583,462,0,0,0,0,630
507,458,506,507,295,586,564,0,230,0,0,230,151,583,0,0,318,0,0,649
507,458,506,507,295,586,564,0,230,0,0,230,151,583,0,0,318,0,0,649
507,468,506,507,295,586,564,0,230,0,381,230,151,0,0,0,319,498,0,0
507,468,506,507,295,586,564,0,230,0,381,230,151,0,0,0,319,498,0,0
507,468,506,507,295,586,598,289,618,511,0,230,151,0,491,0,320,564,0,0
507,468,506,507,295,586,598,289,618,511,0,230,151,0,491,0,320,564,0,0
507,468,506,507,393,570,599,289,0,0,386,0,151,0,499,166,0,564,0,0
507,468,506,507,393,570,599,289,0,0,386,0,151,0,499,166,0,564,0,0
507,468,506,507,393,570,600,289,0,0,0,0,226,0,523,0,0,564,0,0
507,468,506,507,393,570,600,289,0,0,0,0,226,0,523,0,0,564,0,0
507,468,512,507,393,570,602,289,0,0,398,0,573,148,0,345,0,564,0,0
513,468,512,513,393,570,602,289,0,0,398,0,573,148,0,345,0,564,0,0
513,468,512,513,393,570,0,289,0,0,0,0,573,148,0,0,0,564,0,0
513,468,512,513,393,570,0,289,0,0,0,0,573,148,0,0,0,564,0,0
513,508,512,513,393,570,607,289,0,0,0,0,573,148,0,0,0,564,0,0
513,508,512,513,393,570,607,289,0,0,0,0,573,148,0,0,0,564,0,0
513,508,512,513,430,570,615,289,0,0,0,0,573,148,535,0,0,564,0,0
513,508,512,513,430,570,615,289,0,0,0,0,573,148,535,0,0,564,0,0
513,508,512,513,430,570,0,289,0,0,469,0,573,148,0,0,0,564,0,0
513,508,512,513,430,570,0,289,0,0,469,0,573,148,0,0,0,564,0,0
513,508,512,513,430,570,0,571,485,233,479,327,573,148,539,0,0,0,0,0
513,508,512,513,430,570,0,571,485,233,479,327,573,148,539,0,0,0,0,0
517,508,515,517,430,578,574,571,523,233,0,502,573,148,542,0,0,0,0,0
517,508,515,517,430,578,574,571,523,233,0,502,573,148,542,0,0,0,0,0
517,508,515,517,430,578,574,571,0,233,486,0,573,148,0,0,0,0,0,0
517,508,515,517,430,578,574,571,0,233,486,0,573,148,0,0,0,0,0,0
517,510,515,517,437,578,574,571,0,233,511,0,0,0,563,318,0,0,0,0
517,510,515,517,437,578,574,571,0,233,511,0,0,0,563,318,0,0,0,0
517,510,515,517,437,578,574,571,0,233,564,0,0,0,563,0,0,0,0,148
517,510,515,517,437,578,574,571,0,233,564,0,0,0,563,0,0,0,0,148
517,510,515,517,437,578,574,571,0,233,564,0,0,0,563,0,98,0,320,148
517,510,515,517,437,578,574,571,0,233,564,0,0,0,563,0,98,0,320,148
517,510,515,517,437,578,574,571,0,233,564,0,0,0,563,0,98,0,0,148
524,510,515,524,437,578,574,571,0,233,564,0,0,0,563,0,98,0,0,148
524,510,528,524,437,578,574,571,0,233,564,0,0,0,563,398,98,0,327,148
524,510,528,524,437,578,574,571,0,233,564,0,0,0,563,398,98,0,327,148
524,510,528,524,458,578,574,583,281,282,564,0,0,0,563,0,98,0,0,148
524,510,528,524,458,578,574,583,281,282,564,0,0,0,563,0,98,0,0,148
524,516,528,524,458,592,272,583,281,282,564,0,0,0,563,0,98,230,0,148
524,516,528,524,458,592,272,583,281,282,564,0,0,0,563,0,98,230,0,148
524,516,528,524,458,592,272,583,281,282,564,574,176,0,563,0,98,230,469,148
524,516,528,524,458,592,272,583,281,282,564,574,176,0,563,0,98,230,469,148
524,516,528,524,458,592,272,583,281,282,564,574,176,230,573,0,98,230,0,148
524,516,528,524,458,592,272,583,281,282,564,574,176,230,573,0,98,230,0,148
526,516,528,526,458,592,272,583,281,282,589,574,176,230,573,0,98,230,500,0
526,516,528,526,458,592,272,583,281,282,589,574,176,230,573,0,98,230,500,0
526,516,541,526,468,592,272,583,281,282,589,574,176,230,573,0,151,230,577,0
526,516,541,526,468,592,272,583,281,282,589,574,176,230,573,0,151,230,577,0
526,516,541,526,468,592,312,583,281,282,589,574,176,230,573,0,151,230,577,0
526,516,541,526,468,592,312,583,281,282,589,574,176,230,573,0,151,230,577,0
526,534,541,526,468,592,312,583,281,282,589,574,176,230,573,0,151,230,577,0
526,534,541,526,468,592,312,583,281,282,589,574,176,230,573,0,151,230,577,0
526,534,541,526,468,592,312,314,573,563,589,574,176,230,573,0,151,230,577,0
526,534,541,526,468,592,312,314,573,563,589,574,176,230,573,0,151,230,577,0
529,534,541,529,468,329,312,314,573,563,589,574,176,230,573,151,151,0,577,0
529,534,541,529,468,329,312,314,573,563,589,574,176,230,573,151,151,0,577,0
529,534,541,529,508,329,312,314,573,563,589,594,201,230,573,151,151,151,577,0
529,534,541,529,508,329,312,314,573,563,589,594,201,230,573,151,151,151,577,0
529,534,545,529,508,329,336,314,573,563,589,594,0,176,586,151,151,151,577,0
529,534,545,529,508,329,336,330,573,563,589,594,0,176,586,151,151,151,577,0
529,534,545,529,508,329,336,330,573,563,375,594,0,176,586,151,151,151,577,176
529,534,545,529,508,329,336,330,573,563,375,594,0,176,586,151,151,151,577,176
529,544,545,529,508,329,336,330,573,563,378,594,0,176,586,151,0,151,0,176
529,544,545,529,508,329,336,330,573,563,378,594,0,176,586,151,0,151,0,176
536,544,545,536,508,356,336,330,573,563,0,594,415,176,586,151,0,151,0,176
536,544,545,536,508,356,336,330,573,563,0,594,415,176,586,151,0,151,0,176
536,544,545,536,510,356,336,341,573,563,0,594,0,176,586,151,0,151,0,176
536,544,545,536,510,356,336,341,573,563,0,594,0,176,586,151,0,151,0,176
536,544,545,536,510,356,354,341,575,577,384,594,424,176,586,151,0,151,0,176
536,544,545,536,510,356,354,341,575,577,384,594,424,176,586,151,0,151,0,176
536,544,546,536,510,356,354,341,575,577,0,594,431,176,586,319,0,151,0,176
536,544,546,536,510,356,354,341,575,577,0,594,431,176,586,319,0,151,0,176
536,544,546,536,510,356,354,341,575,577,0,0,467,176,586,0,0,176,183,176
536,544,546,536,510,356,354,367,575,577,0,0,467,176,586,0,0,176,183,176
552,549,546,552,510,357,354,367,575,577,0,0,0,183,0,0,0,176,183,176
552,549,546,552,510,357,354,367,575,577,0,0,0,183,0,0,0,176,183,176
552,549,546,552,516,357,354,367,575,577,574,233,497,183,0,0,0,176,183,621
552,549,546,552,516,357,354,367,575,577,574,233,497,183,0,0,0,176,183,621
552,549,546,552,516,357,372,367,575,577,574,233,514,183,251,0,183,176,183,636
552,549,546,552,516,357,372,367,575,577,574,233,514,183,251,0,183,176,183,636
552,549,546,552,516,357,372,403,575,577,574,233,589,183,251,0,183,176,183,647
552,549,546,552,516,357,372,403,575,577,574,233,589,183,251,0,183,176,183,647
552,549,550,552,516,357,372,403,575,577,574,233,589,183,251,0,183,176,183,0
552,549,550,552,516,357,372,403,575,577,574,233,589,183,251,0,183,176,183,0
553,549,550,553,516,362,372,403,594,589,574,233,589,183,251,0,183,176,183,0
553,549,550,553,516,362,372,403,594,589,574,233,589,183,251,0,183,176,183,0
553,559,550,553,534,362,372,403,594,589,574,233,589,183,251,183,183,176,183,0
553,559,550,553,534,362,372,417,594,589,574,233,589,183,251,183,183,176,183,0
553,559,550,553,534,362,443,417,594,589,574,233,589,183,251,183,183,503,0,0
553,559,550,553,534,362,443,417,594,589,574,233,589,183,251,183,183,503,0,0
553,559,550,553,534,362,443,417,594,589,574,233,589,0,251,183,183,523,453,0
553,559,550,553,534,362,443,417,594,589,574,233,589,0,251,183,183,523,453,0
553,559,550,553,534,362,443,417,594,589,0,0,589,0,251,183,183,575,563,0
553,559,550,553,534,362,443,417,594,589,0,0,589,0,251,183,183,575,563,0
568,559,567,568,534,416,443,429,594,589,0,554,589,0,0,183,0,575,563,0
568,559,567,568,534,416,443,429,594,589,0,554,589,0,0,183,0,575,563,0
568,559,567,568,544,416,443,429,594,589,0,555,575,0,0,183,0,575,563,0
568,559,567,568,544,416,455,429,594,589,0,555,575,0,0,183,0,575,563,0
568,582,567,568,544,416,455,429,594,589,0,556,575,0,0,183,0,575,563,0
568,582,567,568,544,416,455,429,594,589,0,556,575,0,0,183,0,575,563,0
568,582,567,568,544,416,455,429,295,286,0,0,575,0,0,183,0,575,563,0
568,582,567,568,544,416,455,434,295,286,0,0,575,0,0,183,0,575,563,0
568,582,567,568,544,416,455,434,295,286,251,560,575,0,0,427,0,575,563,0
568,582,567,568,544,416,455,434,295,286,251,560,575,0,0,427,0,575,563,0
588,582,567,588,544,418,455,434,295,286,251,563,575,0,0,432,0,575,563,0
588,582,567,588,544,418,455,434,295,286,251,563,575,0,0,432,0,575,563,0
588,582,572,588,549,418,473,434,295,286,251,563,575,233,0,0,0,575,563,0
588,582,572,588,549,418,473,434,393,329,251,563,575,233,0,0,0,575,563,0
588,582,572,588,549,418,473,436,393,329,251,563,575,233,0,448,0,0,0,251
588,582,572,588,549,418,473,436,393,329,251,563,575,233,0,448,0,0,0,251
588,603,572,588,549,418,473,436,393,329,251,563,575,233,249,596,233,0,0,251
588,603,572,588,549,418,473,436,393,329,251,563,575,233,249,596,233,0,0,251
588,603,572,588,549,418,473,436,393,329,251,563,0,233,249,615,233,0,0,251
588,603,572,588,549,418,473,436,393,329,251,563,0,233,249,615,233,0,0,251
601,603,572,601,549,428,473,436,404,356,251,563,0,233,249,618,233,0,0,251
601,603,572,601,549,428,492,454,404,356,251,563,0,233,249,618,233,0,0,251
601,603,572,601,582,428,492,454,404,356,251,563,0,233,249,621,233,0,0,251
601,603,572,601,582,428,492,454,404,356,251,563,0,233,249,621,233,0,0,251
601,603,595,601,582,428,492,454,404,356,592,563,0,233,249,0,233,0,0,251
601,603,595,601,582,428,492,454,404,356,592,563,0,233,249,0,233,0,0,251
601,603,595,601,582,428,492,454,404,356,592,577,230,233,249,625,233,0,233,251
601,603,595,601,582,428,492,454,413,357,592,577,230,233,249,625,233,0,233,251
601,612,595,601,582,428,492,494,413,357,592,577,230,577,249,627,233,0,233,251
601,612,595,601,582,428,492,494,413,357,592,577,230,577,249,627,233,0,233,251
605,612,595,605,582,438,515,494,413,357,592,577,230,577,249,630,233,0,233,0
605,612,595,605,582,438,515,494,413,357,592,577,230,577,249,630,233,0,233,0
605,612,595,605,603,438,515,494,413,357,592,577,230,577,0,0,0,0,233,0
605,612,595,605,603,438,515,494,413,357,592,577,230,577,0,0,0,0,233,0
605,612,595,605,603,438,515,494,430,362,592,577,230,577,0,0,0,0,233,0
605,612,595,605,603,438,515,507,430,362,592,577,230,577,0,0,0,0,233,0
605,612,606,605,603,438,515,507,430,362,592,577,230,577,0,0,0,0,233,0
605,612,606,605,603,438,515,507,430,362,592,577,230,577,0,0,0,0,233,0
605,612,606,605,603,438,515,507,430,362,592,577,230,577,0,0,0,0,233,0
605,612,606,605,603,457,528,507,430,362,592,577,230,577,0,0,0,0,233,0
614,620,606,614,603,457,528,507,430,362,249,577,230,577,0,0,0,0,233,0
614,620,606,614,603,457,528,507,437,418,249,577,230,577,0,0,0,0,233,0
614,620,606,614,612,457,528,513,437,418,249,0,0,577,0,0,0,509,479,0
614,620,606,614,612,457,528,513,437,418,249,0,0,577,0,0,0,509,479,0
614,620,606,614,612,457,528,513,437,418,249,0,0,0,0,0,0,571,480,0
614,620,606,614,612,457,528,513,437,418,249,0,0,0,0,0,0,571,480,0
614,620,606,614,612,457,528,513,437,418,249,0,0,0,0,0,0,571,570,0
614,620,606,614,612,457,528,513,437,418,249,0,0,0,0,0,0,571,570,0
614,620,616,614,612,505,546,517,456,428,249,0,0,0,282,0,249,571,570,0
614,620,616,614,612,505,546,517,456,428,249,0,0,0,282,0,249,571,570,0
619,620,616,619,612,505,546,517,456,428,249,0,0,0,282,0,249,571,570,565
619,620,616,619,612,505,546,517,456,428,249,0,0,0,282,0,249,571,570,565
619,626,616,619,620,505,546,517,456,428,249,0,0,0,282,0,249,571,570,0
619,626,616,619,620,505,546,517,456,428,249,0,0,0,282,0,249,571,570,0
619,626,616,619,620,505,546,526,458,438,249,0,0,0,282,0,249,571,570,584
619,626,616,619,620,505,546,526,458,438,249,0,0,0,282,0,249,571,570,584
619,626,616,619,620,505,546,526,458,438,0,0,0,0,282,249,249,571,570,596
619,626,616,619,620,506,572,526,458,438,0,0,0,0,282,249,249,571,570,596
619,626,616,619,620,506,572,526,458,438,0,0,594,0,282,249,249,571,570,602
619,626,616,619,620,506,572,526,458,438,0,0,594,0,282,249,249,571,570,602
624,626,622,624,620,506,572,529,468,505,0,0,594,281,282,249,249,0,570,613
624,626,622,624,620,506,572,529,468,505,0,0,594,281,282,249,249,0,570,613
624,626,622,624,626,506,572,529,468,505,0,281,594,281,282,249,249,0,0,634
624,626,622,624,626,506,572,529,468,505,0,281,594,281,282,249,249,0,0,634
624,632,622,624,626,506,572,529,468,505,0,281,594,281,289,249,0,0,0,637
624,632,622,624,626,506,572,529,468,505,0,281,594,281,289,249,0,0,0,637
624,632,622,624,626,512,595,552,508,506,0,281,594,281,289,249,0,0,0,0
624,632,622,624,626,512,595,552,508,506,0,281,594,281,289,249,0,0,0,0
624,632,622,624,626,512,595,552,508,506,0,281,594,281,289,249,0,0,0,0
624,632,622,624,626,512,595,552,508,506,0,281,594,281,289,249,0,0,0,0
628,632,622,628,626,512,595,552,508,506,0,281,594,281,289,249,0,0,0,0
628,632,622,628,626,512,595,552,508,506,0,281,594,281,289,249,0,0,0,0
628,632,629,628,632,512,595,553,510,512,282,281,594,281,289,0,0,0,0,0
628,632,629,628,632,512,595,553,510,512,282,281,594,281,289,0,0,0,0,0
628,632,629,628,632,512,595,553,510,512,282,281,251,281,289,0,0,282,281,0
628,632,629,628,632,541,606,553,510,512,282,281,251,281,289,0,0,282,281,0
628,635,629,628,632,541,606,553,510,512,282,281,251,289,289,0,0,282,281,0
628,635,629,628,632,541,606,553,510,512,282,281,251,289,289,0,0,282,281,0
628,635,629,628,632,541,606,601,544,541,282,289,251,289,289,0,0,282,281,0
628,635,629,628,632,541,606,601,544,541,282,289,251,289,289,0,0,282,281,0
631,635,629,631,632,541,606,601,544,541,282,289,251,289,272,0,0,282,281,0
631,635,629,631,632,541,606,601,544,541,282,289,251,289,272,0,0,282,281,0
631,635,629,631,635,541,606,601,544,541,282,289,251,289,272,0,0,282,281,0
631,635,629,631,635,541,606,601,544,541,282,289,251,289,272,0,0,282,281,0
631,635,633,631,635,545,616,605,549,545,282,289,251,289,272,0,0,282,281,0
631,635,633,631,635,545,616,605,549,545,282,289,251,289,272,0,0,282,281,0
631,635,633,631,635,545,616,605,549,545,282,289,251,289,312,0,0,282,281,0
631,639,633,631,635,545,616,605,549,545,282,289,251,289,312,0,0,282,281,0
631,639,633,631,635,545,616,605,549,545,336,289,251,289,312,282,0,282,281,0
631,639,633,631,635,545,616,605,549,545,336,289,251,289,312,282,0,282,281,0
641,639,633,641,635,545,616,624,632,550,336,289,354,289,312,282,0,594,592,0
641,639,633,641,635,545,616,624,632,550,336,289,354,289,312,282,0,594,592,0
641,639,633,641,639,545,616,624,632,550,336,289,354,473,457,282,0,594,592,0
641,639,633,641,639,550,622,624,632,550,336,289,354,473,457,282,0,594,592,0
641,639,633,641,639,550,622,624,632,550,336,118,354,473,457,282,0,594,592,289
641,639,633,641,639,550,622,624,632,550,372,118,354,473,457,282,0,594,592,289
641,639,642,641,639,550,622,628,635,619,372,118,416,473,457,282,281,594,592,289
641,639,642,641,639,550,622,628,635,619,372,118,416,473,457,282,281,594,592,289
641,643,642,641,639,550,622,628,635,619,372,118,416,567,546,282,281,594,592,289
641,643,642,641,639,550,622,628,635,619,372,118,416,567,546,282,281,594,592,289
646,643,642,646,639,550,622,628,635,619,372,443,416,567,546,282,281,594,592,289
646,643,642,646,639,550,622,628,635,619,372,443,416,567,546,282,281,594,592,289
646,643,642,646,643,629,633,631,639,620,559,443,455,567,546,282,281,594,592,289
646,643,642,646,643,629,633,631,639,620,559,443,455,567,546,282,281,594,592,289
646,643,642,646,643,629,633,631,639,620,559,443,455,616,582,118,281,594,592,289
646,643,642,646,643,629,633,631,639,620,559,567,455,616,582,118,281,594,592,289
646,643,642,646,643,629,633,631,639,620,559,567,455,616,582,118,281,492,559,289
646,643,642,646,643,629,633,631,639,620,559,567,455,616,582,118,281,492,559,289
646,643,648,646,643,629,633,641,643,629,572,567,534,616,582,118,281,492,559,289
646,645,648,646,643,629,633,641,643,629,572,567,534,616,582,118,281,492,559,289
650,645,648,650,643,629,633,641,643,629,572,595,534,622,606,524,281,492,559,118
650,645,648,650,645,642,648,641,643,629,572,595,534,622,606,524,281,516,568,118
650,645,648,650,645,642,648,641,643,629,572,595,534,622,606,524,536,516,568,118
650,645,648,650,645,642,648,641,643,629,572,595,534,622,606,524,536,516,568,118
650,645,648,650,645,642,648,646,645,642,603,595,626,622,606,524,536,516,568,118
650,645,648,650,645,642,648,646,645,642,603,650,626,633,648,612,536,516,568,515
650,645,648,650,645,642,648,646,645,642,603,650,626,633,648,612,614,528,588,515
650,645,648,650,645,642,648,646,645,642,603,650,626,633,648,612,614,528,588,515
650,645,648,650,645,642,648,646,645,642,603,650,626,633,648,612,614,528,588,515
650,645,648,650,645,642,648,646,645,642,603,650,626,633,648,612,614,528,588,515