72,43,59,36,43,59,36,70,47,49,36,7,47,62,62,7,47,49,51,7
72,43,59,36,43,59,36,70,47,49,36,7,47,62,62,7,47,49,51,7
72,43,59,36,43,59,36,70,47,49,36,7,47,62,62,7,47,49,51,7
72,43,59,36,43,59,36,70,47,49,36,7,47,62,62,7,47,49,51,7
72,43,59,36,43,59,36,70,47,49,36,7,47,62,62,7,47,49,51,7
72,43,59,36,43,59,36,70,47,49,36,7,47,62,62,7,47,49,51,7
72,43,59,36,43,59,36,70,47,49,36,7,47,62,62,7,47,49,51,7
72,43,59,36,43,59,36,70,47,49,36,7,47,62,62,7,47,49,51,7
72,43,59,36,43,59,36,70,47,49,36,7,47,62,62,7,47,49,51,7
72,43,59,36,43,59,36,70,47,49,36,7,47,62,62,7,47,49,51,7
84,51,74,88,51,74,49,76,64,59,70,89,64,84,70,89,64,62,74,43
84,51,74,88,51,74,49,76,64,59,70,89,64,84,70,89,64,62,74,43
84,51,74,88,51,74,49,76,64,59,70,89,64,84,70,89,64,62,74,43
84,51,74,88,51,74,49,76,64,59,70,89,64,84,70,89,64,62,74,43
84,51,74,88,51,74,49,76,64,59,70,89,64,84,70,89,64,62,74,43
84,51,74,88,51,74,49,76,64,59,70,89,64,84,70,89,64,62,74,43
84,51,74,88,51,74,49,76,64,59,70,89,64,84,70,89,64,62,74,43
84,51,74,88,51,74,49,76,64,59,70,89,64,84,70,89,64,62,74,43
84,51,74,88,51,74,49,76,64,59,70,89,64,84,70,89,64,62,74,43
84,51,74,88,51,74,49,76,64,59,70,89,64,84,70,89,64,62,74,43
85,99,95,122,99,95,88,89,78,81,76,141,72,92,76,155,72,92,84,155
85,99,95,122,99,95,88,89,78,81,76,141,72,92,76,155,72,92,84,155
85,99,95,122,99,95,88,89,78,81,76,141,72,92,76,155,72,92,84,155
85,99,95,122,99,95,88,89,78,81,76,141,72,92,76,155,72,92,84,155
85,99,95,122,99,95,88,89,78,81,76,141,72,92,76,155,72,92,84,155
85,99,95,122,99,95,88,89,78,81,76,141,72,92,76,155,72,92,84,155
85,99,95,122,99,95,88,89,78,81,76,141,72,92,76,155,72,92,84,155
85,99,95,122,99,95,88,89,78,81,76,141,72,92,76,155,72,92,84,155
85,99,95,122,99,95,88,89,78,81,76,141,72,92,76,155,72,92,84,155
85,99,95,122,99,95,88,89,78,81,76,141,72,92,76,155,72,92,84,155
93,100,131,153,100,131,106,141,107,92,88,157,78,97,85,198,78,99,85,171
93,100,131,153,100,131,106,141,107,92,88,157,78,97,85,198,78,99,85,171
93,100,131,153,100,131,106,141,107,92,88,157,78,97,85,198,78,99,85,171
93,100,131,153,100,131,106,141,107,92,88,157,78,97,85,198,78,99,85,171
93,100,131,153,100,131,106,141,107,92,88,157,78,97,85,198,78,99,85,171
93,100,131,153,100,131,106,141,107,92,88,157,78,97,85,198,78,99,85,171
93,100,131,153,100,131,106,141,107,92,88,157,78,97,85,198,78,99,85,171
93,100,131,153,100,131,106,141,107,92,88,157,78,97,85,198,78,99,85,171
93,100,131,153,100,131,106,141,107,92,88,157,78,97,85,198,78,99,85,171
93,100,131,153,100,131,106,141,107,92,88,157,78,97,85,198,78,99,85,171
108,120,163,157,120,158,122,159,117,95,122,180,81,106,93,200,81,120,93,177
108,120,163,157,120,158,122,159,117,95,122,180,81,106,93,200,81,120,93,177
108,120,163,157,120,158,122,159,117,95,122,180,81,106,93,200,81,120,93,177
108,120,163,157,120,158,122,159,117,95,122,180,81,106,93,200,81,120,93,177
108,120,163,157,120,158,122,159,117,95,122,180,81,106,93,200,81,120,93,177
108,120,163,157,120,158,122,159,117,95,122,180,81,106,93,200,81,120,93,177
108,120,163,157,120,158,122,159,117,95,122,180,81,106,93,200,81,120,93,177
108,120,163,157,120,158,122,159,117,95,122,180,81,106,93,200,81,120,93,177
108,120,163,157,120,158,122,159,117,95,122,180,81,106,93,200,81,120,93,177
108,120,163,157,120,158,122,159,117,95,122,180,81,106,93,200,81,120,93,177
119,136,190,173,136,163,137,177,136,106,137,198,97,127,108,202,97,127,100,190
119,136,190,173,136,163,137,177,136,106,137,198,97,127,108,202,97,127,100,190
119,136,190,173,136,163,137,177,136,106,137,198,97,127,108,202,97,127,100,190
119,136,190,173,136,163,137,177,136,106,137,198,97,127,108,202,97,127,100,190
119,136,190,173,136,163,137,177,136,106,137,198,97,127,108,202,97,127,100,190
119,136,190,173,136,163,137,177,136,106,137,198,97,127,108,202,97,127,100,190
119,136,190,173,136,163,137,177,136,106,137,198,97,127,108,202,97,127,100,190
119,136,190,173,136,163,137,177,136,106,137,198,97,127,108,202,97,127,100,190
119,136,190,173,136,163,137,177,136,106,137,198,97,127,108,202,97,127,100,190
119,136,190,173,136,163,137,177,136,106,137,198,97,127,108,202,97,127,100,190
141,150,193,178,150,193,149,198,139,127,149,202,107,140,119,208,107,140,108,193
141,150,193,178,150,193,149,198,139,127,149,202,107,140,119,208,107,140,108,193
141,150,193,178,150,193,149,198,139,127,149,202,107,140,119,208,107,140,108,193
141,150,193,178,150,193,149,198,139,127,149,202,107,140,119,208,107,140,108,193
141,150,193,178,150,193,149,198,139,127,149,202,107,140,119,208,107,140,108,193
141,150,193,178,150,193,149,198,139,127,149,202,107,140,119,208,107,140,108,193
141,150,193,178,150,193,149,198,139,127,149,202,107,140,119,208,107,140,108,193
141,150,193,178,150,193,149,198,139,127,149,202,107,140,119,208,107,140,108,193
141,150,193,178,150,193,149,198,139,127,149,202,107,140,119,208,107,140,108,193
141,150,193,178,150,193,149,198,139,127,149,202,107,140,119,208,107,140,108,193
170,162,194,199,162,194,153,202,150,131,153,208,117,169,140,228,117,149,119,199
170,162,194,199,162,194,153,202,150,131,153,208,117,169,140,228,117,149,119,199
170,162,194,199,162,194,153,202,150,131,153,208,117,169,140,228,117,149,119,199
170,162,194,199,162,194,153,202,150,131,153,208,117,169,140,228,117,149,119,199
170,162,194,199,162,194,153,202,150,131,153,208,117,169,140,228,117,149,119,199
170,162,194,199,162,194,153,202,150,131,153,208,117,169,140,228,117,149,119,199
170,162,194,199,162,194,153,202,150,131,153,208,117,169,140,228,117,149,119,199
170,162,194,199,162,194,153,202,150,131,153,208,117,169,140,228,117,149,119,199
170,162,194,199,162,194,153,202,150,131,153,208,117,169,140,228,117,149,119,199
170,162,194,199,162,194,153,202,150,131,153,208,117,169,140,228,117,149,119,199
175,171,206,203,171,206,157,208,175,155,159,227,139,179,158,234,137,169,163,200
175,171,206,203,171,206,157,208,175,155,159,227,139,179,158,234,137,169,163,200
175,171,206,203,171,206,157,208,175,155,159,227,139,179,158,234,137,169,163,200
175,171,206,203,171,206,157,208,175,155,159,227,139,179,158,234,137,169,163,200
175,171,206,203,171,206,157,208,175,155,159,227,139,179,158,234,137,169,163,200
175,171,206,203,171,206,157,208,175,155,159,227,139,179,158,234,137,169,163,200
175,171,206,203,171,206,157,208,175,155,159,227,139,179,158,234,137,169,163,200
175,171,206,203,171,206,157,208,175,155,159,227,139,179,158,234,137,169,163,200
175,171,206,203,171,206,157,208,175,155,159,227,139,179,158,234,137,169,163,200
175,171,206,203,171,206,157,208,175,155,159,227,139,179,158,234,137,169,163,200
196,179,212,214,177,212,173,214,178,158,173,234,178,196,159,237,139,180,170,212
196,179,212,214,177,212,173,214,178,158,173,234,178,196,159,237,139,180,170,212
196,179,212,214,177,212,173,214,178,158,173,234,178,196,159,237,139,180,170,212
196,179,212,214,177,212,173,214,178,158,173,234,178,196,159,237,139,180,170,212
196,179,212,214,177,212,173,214,178,158,173,234,178,196,159,237,139,180,170,212
196,179,212,214,177,212,173,214,178,158,173,234,178,196,159,237,139,180,170,212
196,179,212,214,177,212,173,214,178,158,173,234,178,196,159,237,139,180,170,212
196,179,212,214,177,212,173,214,178,158,173,234,178,196,159,237,139,180,170,212
196,179,212,214,177,212,173,214,178,158,173,234,178,196,159,237,139,180,170,212
196,179,212,214,177,212,173,214,178,158,173,234,178,196,159,237,139,180,170,212
203,183,220,241,179,220,180,234,199,169,233,237,200,201,170,242,162,196,175,225
203,183,220,241,179,220,180,234,199,169,233,237,200,201,170,242,162,196,175,225
203,183,220,241,179,220,180,234,199,169,233,237,200,201,170,242,162,196,175,225
203,183,220,241,179,220,180,234,199,169,233,237,200,201,170,242,162,196,175,225
203,183,220,241,179,220,180,234,199,169,233,237,200,201,170,242,162,196,175,225
203,183,220,241,179,220,180,234,199,169,233,237,200,201,170,242,162,196,175,225
203,183,220,241,179,220,180,234,199,169,233,237,200,201,170,242,162,196,175,225
203,183,220,241,179,220,180,234,199,169,233,237,200,201,170,242,162,196,175,225
203,183,220,241,179,220,180,234,199,169,233,237,200,201,170,242,162,196,175,225
203,183,220,241,179,220,180,234,199,169,233,237,200,201,170,242,162,196,175,225
210,211,235,252,211,235,190,242,221,194,241,242,225,210,183,253,203,201,183,228
210,211,235,252,211,235,190,242,221,194,241,242,225,210,183,253,203,201,183,228
210,211,235,252,211,235,190,242,221,194,241,242,225,210,183,253,203,201,183,228
210,211,235,252,211,235,190,242,221,194,241,242,225,210,183,253,203,201,183,228
210,211,235,252,211,235,190,242,221,194,241,242,225,210,183,253,203,201,183,228
210,211,235,252,211,235,190,242,221,194,241,242,225,210,183,253,203,201,183,228
210,211,235,252,211,235,190,242,221,194,241,242,225,210,183,253,203,201,183,228
210,211,235,252,211,235,190,242,221,194,241,242,225,210,183,253,203,201,183,228
210,211,235,252,211,235,190,242,221,194,241,242,225,210,183,253,203,201,183,228
210,211,235,252,211,235,190,242,221,194,241,242,225,210,183,253,203,201,183,228
214,221,240,256,221,240,233,253,232,206,245,253,232,217,201,261,232,210,211,235
214,221,240,256,221,240,233,253,232,206,245,253,232,217,201,261,232,210,211,235
214,221,240,256,221,240,233,253,232,206,245,253,232,217,201,261,232,210,211,235
214,221,240,256,221,240,233,253,232,206,245,253,232,217,201,261,232,210,211,235
214,221,240,256,221,240,233,253,232,206,245,253,232,217,201,261,232,210,211,235
214,221,240,256,221,240,233,253,232,206,245,253,232,217,201,261,232,210,211,235
214,221,240,256,221,240,233,253,232,206,245,253,232,217,201,261,232,210,211,235
214,221,240,256,221,240,233,253,232,206,245,253,232,217,201,261,232,210,211,235
214,221,240,256,221,240,233,253,232,206,245,253,232,217,201,261,232,210,211,235
214,221,240,256,221,240,233,253,232,206,245,253,232,217,201,261,232,210,211,235
249,230,250,268,230,250,241,261,237,217,252,261,244,228,227,270,244,217,227,240
249,230,250,268,230,250,241,261,237,217,252,261,244,228,227,270,244,217,227,240
249,230,250,268,230,250,241,261,237,217,252,261,244,228,227,270,244,217,227,240
249,230,250,268,230,250,241,261,237,217,252,261,244,228,227,270,244,217,227,240
249,230,250,268,230,250,241,261,237,217,252,261,244,228,227,270,244,217,227,240
249,230,250,268,230,250,241,261,237,217,252,261,244,228,227,270,244,217,227,240
249,230,250,268,230,250,241,261,237,217,252,261,244,228,227,270,244,217,227,240
249,230,250,268,230,250,241,261,237,217,252,261,244,228,227,270,244,217,227,240
249,230,250,268,230,250,241,261,237,217,252,261,244,228,227,270,244,217,227,240
249,230,250,268,230,250,241,261,237,217,252,261,244,228,227,270,244,217,227,240
256,239,267,275,239,267,252,270,243,220,259,270,254,245,233,271,254,230,239,248
256,239,267,275,239,267,252,270,243,220,259,270,254,245,233,271,254,230,239,248
256,239,267,275,239,267,252,270,243,220,259,270,254,245,233,271,254,230,239,248
256,239,267,275,239,267,252,270,243,220,259,270,254,245,233,271,254,230,239,248
256,239,267,275,239,267,252,270,243,220,259,270,254,245,233,271,254,230,239,248
256,239,267,275,239,267,252,270,243,220,259,270,254,245,233,271,254,230,239,248
256,239,267,275,239,267,252,270,243,220,259,270,254,245,233,271,254,230,239,248
256,239,267,275,239,267,252,270,243,220,259,270,254,245,233,271,254,230,239,248
256,239,267,275,239,267,252,270,243,220,259,270,254,245,233,271,254,230,239,248
256,239,267,275,239,267,252,270,243,220,259,270,254,245,233,271,254,230,239,248
269,248,277,287,248,277,259,271,254,225,268,271,262,249,243,283,260,245,243,251
269,248,277,287,248,277,259,271,254,225,268,271,262,249,243,283,260,245,243,251
269,248,277,287,248,277,259,271,254,225,268,271,262,249,243,283,260,245,243,251
269,248,277,287,248,277,259,271,254,225,268,271,262,249,243,283,260,245,243,251
269,248,277,287,248,277,259,271,254,225,268,271,262,249,243,283,260,245,243,251
269,248,277,287,248,277,259,271,254,225,268,271,262,249,243,283,260,245,243,251
269,248,277,287,248,277,259,271,254,225,268,271,262,249,243,283,260,245,243,251
269,248,277,287,248,277,259,271,254,225,268,271,262,249,243,283,260,245,243,251
269,248,277,287,248,277,259,271,254,225,268,271,262,249,243,283,260,245,243,251
269,248,277,287,248,277,259,271,254,225,268,271,262,249,243,283,260,245,243,251
278,251,280,293,251,280,268,275,262,244,287,275,284,255,255,309,262,249,256,267
278,251,280,293,251,280,268,275,262,244,287,275,284,255,255,309,262,249,256,267
278,251,280,293,251,280,268,275,262,244,287,275,284,255,255,309,262,249,256,267
278,251,280,293,251,280,268,275,262,244,287,275,284,255,255,309,262,249,256,267
278,251,280,293,251,280,268,275,262,244,287,275,284,255,255,309,262,249,256,267
278,251,280,293,251,280,268,275,262,244,287,275,284,255,255,309,262,249,256,267
278,251,280,293,251,280,268,275,262,244,287,275,284,255,255,309,262,249,256,267
278,251,280,293,251,280,268,275,262,244,287,275,284,255,255,309,262,249,256,267
278,251,280,293,251,280,268,275,262,244,287,275,284,255,255,309,262,249,256,267
278,251,280,293,251,280,268,275,262,244,287,275,284,255,255,309,262,249,256,267
282,260,283,295,260,284,287,306,281,250,293,307,290,269,259,317,290,255,266,279
282,260,283,295,260,284,287,306,281,250,293,307,290,269,259,317,290,255,266,279
282,260,283,295,260,284,287,306,281,250,293,307,290,269,259,317,290,255,266,279
282,260,283,295,260,284,287,306,281,250,293,307,290,269,259,317,290,255,266,279
282,260,283,295,260,284,287,306,281,250,293,307,290,269,259,317,290,255,266,279
282,260,283,295,260,284,287,306,281,250,293,307,290,269,259,317,290,255,266,279
282,260,283,295,260,284,287,306,281,250,293,307,290,269,259,317,290,255,266,279
282,260,283,295,260,284,287,306,281,250,293,307,290,269,259,317,290,255,266,279
282,260,283,295,260,284,287,306,281,250,293,307,290,269,259,317,290,255,266,279
296,266,286,296,266,286,293,317,281,250,295,313,290,269,259,325,290,255,266,279
296,266,286,296,266,286,293,317,290,277,295,313,294,281,278,325,294,269,278,282
296,266,286,296,266,286,293,317,290,277,295,313,294,281,278,325,294,269,278,282
296,266,286,296,266,286,293,317,290,277,295,313,294,281,278,325,294,269,278,282
296,266,286,296,266,286,293,317,290,277,295,313,294,281,278,325,294,269,278,282
296,266,286,296,266,286,293,317,290,277,295,313,294,281,278,325,294,269,278,282
296,266,286,296,266,286,293,317,290,277,295,313,294,281,278,325,294,269,278,282
296,266,286,296,266,286,293,317,290,277,295,313,294,281,278,325,294,269,278,282
296,266,286,296,266,286,293,317,290,277,295,313,294,281,278,325,294,269,278,282
301,279,291,301,279,291,295,325,290,277,303,317,294,281,278,327,294,269,278,282
301,279,291,301,279,291,295,325,290,277,303,317,294,281,278,327,294,269,278,282
301,279,291,301,279,291,295,325,294,280,303,317,298,292,282,327,300,292,281,283
301,279,291,301,279,291,295,325,294,280,303,317,298,292,282,327,300,292,281,283
301,279,291,301,279,291,295,325,294,280,303,317,298,292,282,327,300,292,281,283
301,279,291,301,279,291,295,325,294,280,303,317,298,292,282,327,300,292,281,283
301,279,291,301,279,291,295,325,294,280,303,317,298,292,282,327,300,292,281,283
301,279,291,301,279,291,295,325,294,280,303,317,298,292,282,327,300,292,281,283
301,279,291,301,279,291,295,325,294,280,303,317,298,292,282,327,300,292,281,283
313,297,298,311,297,302,303,327,294,280,316,325,298,292,282,334,300,292,281,283
313,297,298,311,297,302,303,327,294,280,316,325,298,292,282,334,300,292,281,283
313,297,298,311,297,302,303,327,294,280,316,325,298,292,282,334,300,292,281,283
313,297,298,311,297,302,303,327,298,286,316,325,300,300,292,334,301,310,296,284
313,297,298,311,297,302,303,327,298,286,316,325,300,300,292,334,301,310,296,284
313,297,298,311,297,302,303,327,298,286,316,325,300,300,292,334,301,310,296,284
313,297,298,311,297,302,303,327,298,286,316,325,300,300,292,334,301,310,296,284
313,297,298,311,297,302,303,327,298,286,316,325,300,300,292,334,301,310,296,284
313,297,298,311,297,302,303,327,298,286,316,325,300,300,292,334,301,310,296,284
322,304,302,316,304,312,316,339,298,286,326,327,300,300,292,339,301,310,296,284
322,304,302,316,304,312,316,339,298,286,326,327,300,300,292,339,301,310,296,284
322,304,302,316,304,312,316,339,298,286,326,327,300,300,292,339,301,310,296,284
322,304,302,316,304,312,316,339,298,286,326,327,300,300,292,339,301,310,296,284
322,304,302,316,304,312,316,339,304,291,326,327,305,310,303,339,305,311,306,297
322,304,302,316,304,312,316,339,304,291,326,327,305,310,303,339,305,311,306,297
322,304,302,316,304,312,316,339,304,291,326,327,305,310,303,339,305,311,306,297
322,304,302,316,304,312,316,339,304,291,326,327,305,310,303,339,305,311,306,297
322,304,302,316,304,312,316,339,304,291,326,327,305,310,303,339,305,311,306,297
333,305,310,326,306,315,326,346,304,291,332,334,305,310,303,346,305,311,306,297
333,305,310,326,306,315,326,346,304,291,332,334,305,310,303,346,305,311,306,297
333,305,310,326,306,315,326,346,304,291,332,334,305,310,303,346,305,311,306,297
333,305,310,326,306,315,326,346,304,291,332,334,305,310,303,346,305,311,306,297
333,305,310,326,306,315,326,346,304,291,332,334,305,310,303,346,305,311,306,297
333,305,310,326,306,315,326,346,307,302,332,334,309,311,322,346,313,314,315,307
333,305,310,326,306,315,326,346,307,302,332,334,309,311,322,346,313,314,315,307
333,305,310,326,306,315,326,346,307,302,332,334,309,311,322,346,313,314,315,307
333,305,310,326,306,315,326,346,307,302,332,334,309,311,322,346,313,314,315,307
341,314,315,332,314,319,332,351,307,302,335,339,309,311,322,356,313,314,315,307
341,314,315,332,314,319,332,351,307,302,335,339,309,311,322,356,313,314,315,307
341,314,315,332,314,319,332,351,307,302,335,339,309,311,322,356,313,314,315,307
341,314,315,332,314,319,332,351,307,302,335,339,309,311,322,356,313,314,315,307
341,314,315,332,314,319,332,351,307,302,335,339,309,311,322,356,313,314,315,307
341,314,315,332,314,319,332,351,307,302,335,339,309,311,322,356,313,314,315,307
341,314,315,332,314,319,332,351,320,312,335,339,320,312,341,356,320,321,322,309
341,314,315,332,314,319,332,351,320,312,335,339,320,312,341,356,320,321,322,309
341,314,315,332,314,319,332,351,320,312,335,339,320,312,341,356,320,321,322,309
349,323,319,335,323,324,335,356,320,312,345,346,320,312,341,364,320,321,322,309
349,323,319,335,323,324,335,356,320,312,345,346,320,312,341,364,320,321,322,309
349,323,319,335,323,324,335,356,320,312,345,346,320,312,341,364,320,321,322,309
349,323,319,335,323,324,335,356,320,312,345,346,320,312,341,364,320,321,322,309
349,323,319,335,323,324,335,356,320,312,345,346,320,312,341,364,320,321,322,309
349,323,319,335,323,324,335,356,320,312,345,346,320,312,341,364,320,321,322,309
349,323,319,335,323,324,335,356,320,312,345,346,320,312,341,364,320,321,322,309
349,323,319,335,323,324,335,356,328,319,345,346,328,321,349,364,328,342,331,323
349,323,319,335,323,324,335,356,328,319,345,346,328,321,349,364,328,342,331,323
355,330,324,345,330,331,345,364,328,319,351,356,328,321,349,368,328,342,331,323
355,330,324,345,330,331,345,364,328,319,351,356,328,321,349,368,328,342,331,323
355,330,324,345,330,331,345,364,328,319,351,356,328,321,349,368,328,342,331,323
355,330,324,345,330,331,345,364,328,319,351,356,328,321,349,368,328,342,331,323
355,330,324,345,330,331,345,364,328,319,351,356,328,321,349,368,328,342,331,323
355,330,324,345,330,331,345,364,328,319,351,356,328,321,349,368,328,342,331,323
355,330,324,345,330,331,345,364,328,319,351,356,328,321,349,368,328,342,331,323
355,330,324,345,330,331,345,364,328,319,351,356,328,321,349,368,328,342,331,323
355,330,324,345,330,331,345,364,333,321,351,356,340,340,351,368,340,348,341,330
359,331,337,360,334,337,363,367,333,321,363,364,340,340,351,378,340,348,341,330
359,331,337,360,334,337,363,367,333,321,363,364,340,340,351,378,340,348,341,330
359,331,337,360,334,337,363,367,333,321,363,364,340,340,351,378,340,348,341,330
359,331,337,360,334,337,363,367,333,321,363,364,340,340,351,378,340,348,341,330
359,331,337,360,334,337,363,367,333,321,363,364,340,340,351,378,340,348,341,330
359,331,337,360,334,337,363,367,333,321,363,364,340,340,351,378,340,348,341,330
359,331,337,360,334,337,363,367,333,321,363,364,340,340,351,378,340,348,341,330
359,331,337,360,334,337,363,367,333,321,363,364,340,340,351,378,340,348,341,330
359,331,337,360,334,337,363,367,333,321,363,364,340,340,351,378,340,348,341,330
360,336,353,365,336,353,365,378,336,324,365,368,347,348,352,380,347,352,349,333
360,336,353,365,336,353,365,378,336,324,365,368,347,348,352,380,347,352,349,333
360,336,353,365,336,353,365,378,336,324,365,368,347,348,352,380,347,352,349,333
360,336,353,365,336,353,365,378,336,324,365,368,347,348,352,380,347,352,349,333
360,336,353,365,336,353,365,378,336,324,365,368,347,348,352,380,347,352,349,333
360,336,353,365,336,353,365,378,336,324,365,368,347,348,352,380,347,352,349,333
360,336,353,365,336,353,365,378,336,324,365,368,347,348,352,380,347,352,349,333
360,336,353,365,336,353,365,378,336,324,365,368,347,348,352,380,347,352,349,333
360,336,353,365,336,353,365,378,336,324,365,368,347,348,352,380,347,352,349,333
367,342,362,372,342,362,372,380,347,337,372,378,357,352,355,384,357,358,355,350
367,342,362,372,342,362,372,380,347,337,372,378,357,352,355,384,357,358,355,350
367,342,362,372,342,362,372,380,347,337,372,378,357,352,355,384,357,358,355,350
367,342,362,372,342,362,372,380,347,337,372,378,357,352,355,384,357,358,355,350
367,342,362,372,342,362,372,380,347,337,372,378,357,352,355,384,357,358,355,350
367,342,362,372,342,362,372,380,347,337,372,378,357,352,355,384,357,358,355,350
367,342,362,372,342,362,372,380,347,337,372,378,357,352,355,384,357,358,355,350
367,342,362,372,342,362,372,380,347,337,372,378,357,352,355,384,357,358,355,350
367,342,362,372,342,362,372,380,347,337,372,378,357,352,355,384,357,358,355,350
370,350,373,374,350,373,374,387,357,348,374,380,366,358,358,387,366,359,360,373
370,350,373,374,350,373,374,387,357,348,374,380,366,358,358,387,366,359,360,373
370,350,373,374,350,373,374,387,357,348,374,380,366,358,358,387,366,359,360,373
370,350,373,374,350,373,374,387,357,348,374,380,366,358,358,387,366,359,360,373
370,350,373,374,350,373,374,387,357,348,374,380,366,358,358,387,366,359,360,373
370,350,373,374,350,373,374,387,357,348,374,380,366,358,358,387,366,359,360,373
370,350,373,374,350,373,374,387,357,348,374,380,366,358,358,387,366,359,360,373
370,350,373,374,350,373,374,387,357,348,374,380,366,358,358,387,366,359,360,373
370,350,373,374,350,373,374,387,357,348,374,380,366,358,358,387,366,359,360,373
376,371,386,379,371,386,377,390,366,353,377,386,369,359,363,394,369,371,367,376
376,371,386,379,371,386,377,390,366,353,377,386,369,359,363,394,369,371,367,376
376,371,386,379,371,386,377,390,366,353,377,386,369,359,363,394,369,371,367,376
376,371,386,379,371,386,377,390,366,353,377,386,369,359,363,394,369,371,367,376
376,371,386,379,371,386,377,390,366,353,377,386,369,359,363,394,369,371,367,376
376,371,386,379,371,386,377,390,366,353,377,386,369,359,363,394,369,371,367,376
376,371,386,379,371,386,377,390,366,353,377,386,369,359,363,394,369,371,367,376
376,371,386,379,371,386,377,390,366,353,377,386,369,359,363,394,369,371,367,376
376,371,386,379,371,386,377,390,366,353,377,386,369,359,363,394,369,371,367,376
379,377,395,389,376,395,389,396,368,362,393,390,381,369,370,400,381,379,370,384
379,377,395,389,376,395,389,396,368,362,393,390,381,369,370,400,381,379,370,384
379,377,395,389,376,395,389,396,368,362,393,390,381,369,370,400,381,379,370,384
379,377,395,389,376,395,389,396,368,362,393,390,381,369,370,400,381,379,370,384
379,377,395,389,376,395,389,396,368,362,393,390,381,369,370,400,381,379,370,384
379,377,395,389,376,395,389,396,368,362,393,390,381,369,370,400,381,379,370,384
379,377,395,389,376,395,389,396,368,362,393,390,381,369,370,400,381,379,370,384
379,377,395,389,376,395,389,396,368,362,393,390,381,369,370,400,381,379,370,384
379,377,395,389,376,395,389,396,368,362,393,390,381,369,370,400,381,379,370,384
385,383,398,399,383,398,399,400,381,382,399,400,384,375,375,406,396,382,375,394
385,383,398,399,383,398,399,400,381,382,399,400,384,375,375,406,396,382,375,394
385,383,398,399,383,398,399,400,381,382,399,400,384,375,375,406,396,382,375,394
385,383,398,399,383,398,399,400,381,382,399,400,384,375,375,406,396,382,375,394
385,383,398,399,383,398,399,400,381,382,399,400,384,375,375,406,396,382,375,394
385,383,398,399,383,398,399,400,381,382,399,400,384,375,375,406,396,382,375,394
385,383,398,399,383,398,399,400,381,382,399,400,384,375,375,406,396,382,375,394
385,383,398,399,383,398,399,400,381,382,399,400,384,375,375,406,396,382,375,394
385,383,398,399,383,398,399,400,381,382,399,400,384,375,375,406,396,382,375,394
394,387,404,405,390,404,405,406,383,392,405,406,396,382,385,415,401,389,385,404
394,387,404,405,390,404,405,406,383,392,405,406,396,382,385,415,401,389,385,404
394,387,404,405,390,404,405,406,383,392,405,406,396,382,385,415,401,389,385,404
394,387,404,405,390,404,405,406,383,392,405,406,396,382,385,415,401,389,385,404
394,387,404,405,390,404,405,406,383,392,405,406,396,382,385,415,401,389,385,404
394,387,404,405,390,404,405,406,383,392,405,406,396,382,385,415,401,389,385,404
394,387,404,405,390,404,405,406,383,392,405,406,396,382,385,415,401,389,385,404
394,387,404,405,390,404,405,406,383,392,405,406,396,382,385,415,401,389,385,404
394,387,404,405,390,404,405,406,383,392,405,406,396,382,385,415,401,389,385,404
402,397,411,414,397,411,414,415,397,395,414,415,401,392,393,422,412,392,393,410
402,397,411,414,397,411,414,415,397,395,414,415,401,392,393,422,412,392,393,410
402,397,411,414,397,411,414,415,397,395,414,415,401,392,393,422,412,392,393,410
402,397,411,414,397,411,414,415,397,395,414,415,401,392,393,422,412,392,393,410
402,397,411,414,397,411,414,415,397,395,414,415,401,392,393,422,412,392,393,410
402,397,411,414,397,411,414,415,397,395,414,415,401,392,393,422,412,392,393,410
402,397,411,414,397,411,414,415,397,395,414,415,401,392,393,422,412,392,393,410
402,397,411,414,397,411,414,415,397,395,414,415,401,392,393,422,412,392,393,410
402,397,411,414,397,411,414,415,397,395,414,415,401,392,393,422,412,392,393,410
409,403,412,418,403,412,421,422,416,398,421,422,416,401,402,426,416,403,402,413
409,403,412,418,403,412,421,422,416,398,421,422,416,401,402,426,416,403,402,413
409,403,412,418,403,412,421,422,416,398,421,422,416,401,402,426,416,403,402,413
409,403,412,418,403,412,421,422,416,398,421,422,416,401,402,426,416,403,402,413
409,403,412,418,403,412,421,422,416,398,421,422,416,401,402,426,416,403,402,413
409,403,412,418,403,412,421,422,416,398,421,422,416,401,402,426,416,403,402,413
409,403,412,418,403,412,421,422,416,398,421,422,416,401,402,426,416,403,402,413
409,403,412,418,403,412,421,422,416,398,421,422,416,401,402,426,416,403,402,413
409,403,412,418,403,412,421,422,416,398,421,422,416,401,402,426,416,403,402,413
418,410,413,423,410,413,423,427,424,408,423,427,424,408,409,427,424,408,409,419
418,410,413,423,410,413,423,427,424,408,423,427,424,408,409,427,424,408,409,419
418,410,413,423,410,413,423,427,424,408,423,427,424,408,409,427,424,408,409,419
418,410,413,423,410,413,423,427,424,408,423,427,424,408,409,427,424,408,409,419
418,410,413,423,410,413,423,427,424,408,423,427,424,408,409,427,424,408,409,419
418,410,413,423,410,413,423,427,424,408,423,427,424,408,409,427,424,408,409,419
418,410,413,423,410,413,423,427,424,408,423,427,424,408,409,427,424,408,409,419
418,410,413,423,410,413,423,427,424,408,423,427,424,408,409,427,424,408,409,419
418,410,413,423,410,413,423,427,424,408,423,427,424,408,409,427,424,408,409,419
425,419,420,428,419,420,428,430,429,411,428,430,429,417,417,430,429,417,418,426
425,419,420,428,419,420,428,430,429,411,428,430,429,417,417,430,429,417,418,426
425,419,420,428,419,420,428,430,429,411,428,430,429,417,417,430,429,417,418,426
425,419,420,428,419,420,428,430,429,411,428,430,429,417,417,430,429,417,418,426
425,419,420,428,419,420,428,430,429,411,428,430,429,417,417,430,429,417,418,426
425,419,420,428,419,420,428,430,429,411,428,430,429,417,417,430,429,417,418,426
425,419,420,428,419,420,428,430,429,411,428,430,429,417,417,430,429,417,418,426
425,419,420,428,419,420,428,430,429,411,428,430,429,417,417,430,429,417,418,426
425,419,420,428,419,420,428,430,429,411,428,430,429,417,417,430,429,417,418,426
426,432,433,434,432,433,434,435,431,420,434,435,431,425,421,435,431,425,432,433
426,432,433,434,432,433,434,435,431,420,434,435,431,425,421,435,431,425,432,433
426,432,433,434,432,433,434,435,431,420,434,435,431,425,421,435,431,425,432,433
426,432,433,434,432,433,434,435,431,420,434,435,431,425,421,435,431,425,432,433
426,432,433,434,432,433,434,435,431,420,434,435,431,425,421,435,431,425,432,433
426,432,433,434,432,433,434,435,431,420,434,435,431,425,421,435,431,425,432,433
426,432,433,434,432,433,434,435,431,420,434,435,431,425,421,435,431,425,432,433
426,432,433,434,432,433,434,435,431,420,434,435,431,425,421,435,431,425,432,433
426,432,433,434,432,433,434,435,431,420,434,435,431,425,421,435,431,425,432,433