84,99,74,36,99,74,36,76,78,81,36,202,78,62,62,200,78,62,74,171
84,99,74,36,99,74,36,76,78,81,36,202,78,62,62,200,78,62,74,171
84,99,74,36,99,74,36,76,78,81,36,202,78,62,62,200,78,62,74,171
84,99,74,36,99,74,36,76,78,81,36,202,78,62,62,200,78,62,74,171
84,99,74,36,99,74,36,76,78,81,36,202,78,62,62,200,78,62,74,171
84,99,74,36,99,74,36,76,78,81,36,202,78,62,62,200,78,62,74,171
85,100,95,88,100,95,88,202,136,95,76,208,81,84,76,202,81,99,84,199
85,100,95,88,100,95,88,202,136,95,76,208,81,84,76,202,81,99,84,199
85,100,95,88,100,95,88,202,136,95,76,208,81,84,76,202,81,99,84,199
85,100,95,88,100,95,88,202,136,95,76,208,81,84,76,202,81,99,84,199
85,100,95,88,100,95,88,202,136,95,76,208,81,84,76,202,81,99,84,199
85,100,95,88,100,95,88,202,136,95,76,208,81,84,76,202,81,99,84,199
119,136,131,153,136,131,137,208,139,127,88,237,97,97,85,208,97,127,85,200
119,136,131,153,136,131,137,208,139,127,88,237,97,97,85,208,97,127,85,200
119,136,131,153,136,131,137,208,139,127,88,237,97,97,85,208,97,127,85,200
119,136,131,153,136,131,137,208,139,127,88,237,97,97,85,208,97,127,85,200
119,136,131,153,136,131,137,208,139,127,88,237,97,97,85,208,97,127,85,200
119,136,131,153,136,131,137,208,139,127,88,237,97,97,85,208,97,127,85,200
170,150,206,173,150,158,149,214,150,131,137,242,139,127,119,228,137,140,100,225
170,150,206,173,150,158,149,214,150,131,137,242,139,127,119,228,137,140,100,225
170,150,206,173,150,158,149,214,150,131,137,242,139,127,119,228,137,140,100,225
170,150,206,173,150,158,149,214,150,131,137,242,139,127,119,228,137,140,100,225
170,150,206,173,150,158,149,214,150,131,137,242,139,127,119,228,137,140,100,225
170,150,206,173,150,158,149,214,150,131,137,242,139,127,119,228,137,140,100,225
196,171,220,178,171,206,153,242,178,158,149,253,178,140,140,237,139,149,119,228
196,171,220,178,171,206,153,242,178,158,149,253,178,140,140,237,139,149,119,228
196,171,220,178,171,206,153,242,178,158,149,253,178,140,140,237,139,149,119,228
196,171,220,178,171,206,153,242,178,158,149,253,178,140,140,237,139,149,119,228
196,171,220,178,171,206,153,242,178,158,149,253,178,140,140,237,139,149,119,228
196,171,220,178,171,206,153,242,178,158,149,253,178,140,140,237,139,149,119,228
203,179,235,199,179,220,173,253,199,169,153,261,200,169,158,242,203,169,170,235
203,179,235,199,179,220,173,253,199,169,153,261,200,169,158,242,203,169,170,235
203,179,235,199,179,220,173,253,199,169,153,261,200,169,158,242,203,169,170,235
203,179,235,199,179,220,173,253,199,169,153,261,200,169,158,242,203,169,170,235
203,179,235,199,179,220,173,253,199,169,153,261,200,169,158,242,203,169,170,235
203,179,235,199,179,220,173,253,199,169,153,261,200,169,158,242,203,169,170,235
210,183,240,203,211,235,233,261,221,206,173,271,225,179,170,253,254,196,183,240
210,183,240,203,211,235,233,261,221,206,173,271,225,179,170,253,254,196,183,240
210,183,240,203,211,235,233,261,221,206,173,271,225,179,170,253,254,196,183,240
210,183,240,203,211,235,233,261,221,206,173,271,225,179,170,253,254,196,183,240
210,183,240,203,211,235,233,261,221,206,173,271,225,179,170,253,254,196,183,240
210,183,240,203,211,235,233,261,221,206,173,271,225,179,170,253,254,196,183,240
214,211,277,214,221,240,259,271,237,220,233,313,254,196,183,261,262,201,211,282
214,211,277,214,221,240,259,271,237,220,233,313,254,196,183,261,262,201,211,282
214,211,277,214,221,240,259,271,237,220,233,313,254,196,183,261,262,201,211,282
214,211,277,214,221,240,259,271,237,220,233,313,254,196,183,261,262,201,211,282
214,211,277,214,221,240,259,271,237,220,233,313,254,196,183,261,262,201,211,282
214,211,277,214,221,240,259,271,237,220,233,313,254,196,183,261,262,201,211,282
269,221,280,268,266,277,268,317,243,225,245,317,262,201,201,271,294,210,243,297
269,221,280,268,266,277,268,317,243,225,245,317,262,201,201,271,294,210,243,297
269,221,280,268,266,277,268,317,243,225,245,317,262,201,201,271,294,210,243,297
269,221,280,268,266,277,268,317,243,225,245,317,262,201,201,271,294,210,243,297
269,221,280,268,266,277,268,317,243,225,245,317,262,201,201,271,294,210,243,297
269,221,280,268,266,277,268,317,243,225,245,317,262,201,201,271,294,210,243,297
278,266,298,287,297,280,287,325,254,277,259,325,294,210,233,317,300,245,266,323
278,266,298,287,297,280,287,325,254,277,259,325,294,210,233,317,300,245,266,323
278,266,298,287,297,280,287,325,254,277,259,325,294,210,233,317,300,245,266,323
278,266,298,287,297,280,287,325,254,277,259,325,294,210,233,317,300,245,266,323
278,266,298,287,297,280,287,325,254,277,259,325,294,210,233,317,300,245,266,323
278,266,298,287,297,280,287,325,254,277,259,325,294,210,233,317,300,245,266,323
282,297,310,293,323,331,293,351,262,280,268,364,298,228,243,325,301,269,278,333
282,297,310,293,323,331,293,351,262,280,268,364,298,228,243,325,301,269,278,333
282,297,310,293,323,331,293,351,262,280,268,364,298,228,243,325,301,269,278,333
282,297,310,293,323,331,293,351,262,280,268,364,298,228,243,325,301,269,278,333
282,297,310,293,323,331,293,351,262,280,268,364,298,228,243,325,301,269,278,333
282,297,310,293,323,331,293,351,262,280,268,364,298,228,243,325,301,269,278,333
301,323,353,301,342,353,303,364,281,321,287,368,300,245,259,364,313,310,281,350
301,323,353,301,342,353,303,364,281,321,287,368,300,245,259,364,313,310,281,350
301,323,353,301,342,353,303,364,281,321,287,368,300,245,259,364,313,310,281,350
301,323,353,301,342,353,303,364,281,321,287,368,300,245,259,364,313,310,281,350
301,323,353,301,342,353,303,364,281,321,287,368,300,245,259,364,313,310,281,350
301,323,353,301,342,353,303,364,281,321,287,368,300,245,259,364,313,310,281,350
313,331,362,316,350,362,316,378,294,353,293,378,340,269,278,368,340,321,322,373
313,331,362,316,350,362,316,378,294,353,293,378,340,269,278,368,340,321,322,373
313,331,362,316,350,362,316,378,294,353,293,378,340,269,278,368,340,321,322,373
313,331,362,316,350,362,316,378,294,353,293,378,340,269,278,368,340,321,322,373
313,331,362,316,350,362,316,378,294,353,293,378,340,269,278,368,340,321,322,373
313,331,362,316,350,362,316,378,294,353,293,378,340,269,278,368,340,321,322,373
322,342,373,326,376,373,326,380,298,362,303,380,366,281,282,378,366,342,331,376
322,342,373,326,376,373,326,380,298,362,303,380,366,281,282,378,366,342,331,376
322,342,373,326,376,373,326,380,298,362,303,380,366,281,282,378,366,342,331,376
322,342,373,326,376,373,326,380,298,362,303,380,366,281,282,378,366,342,331,376
322,342,373,326,376,373,326,380,298,362,303,380,366,281,282,378,366,342,331,376
322,342,373,326,376,373,326,380,298,362,303,380,366,281,282,378,366,342,331,376
333,350,412,335,403,412,335,415,333,382,316,415,369,300,303,380,369,352,341,394
333,350,412,335,403,412,335,415,333,382,316,415,369,300,303,380,369,352,341,394
333,350,412,335,403,412,335,415,333,382,316,415,369,300,303,380,369,352,341,394
333,350,412,335,403,412,335,415,333,382,316,415,369,300,303,380,369,352,341,394
333,350,412,335,403,412,335,415,333,382,316,415,369,300,303,380,369,352,341,394
333,350,412,335,403,412,335,415,333,382,316,415,369,300,303,380,369,352,341,394
341,403,440,345,410,440,345,427,366,392,326,427,424,310,322,394,412,358,349,410
341,403,440,345,410,440,345,427,366,392,326,427,424,310,322,394,412,358,349,410
341,403,440,345,410,440,345,427,366,392,326,427,424,310,322,394,412,358,349,410
341,403,440,345,410,440,345,427,366,392,326,427,424,310,322,394,412,358,349,410
341,403,440,345,410,440,345,427,366,392,326,427,424,310,322,394,412,358,349,410
341,403,440,345,410,440,345,427,366,392,326,427,424,310,322,394,412,358,349,410
349,410,461,365,419,461,363,435,368,438,335,435,429,321,341,415,424,359,375,419
349,410,461,365,419,461,363,435,368,438,335,435,429,321,341,415,424,359,375,419
349,410,461,365,419,461,363,435,368,438,335,435,429,321,341,415,424,359,375,419
349,410,461,365,419,461,363,435,368,438,335,435,429,321,341,415,424,359,375,419
349,410,461,365,419,461,363,435,368,438,335,435,429,321,341,415,424,359,375,419
349,410,461,365,419,461,363,435,368,438,335,435,429,321,341,415,424,359,375,419
359,419,473,374,439,473,365,443,424,445,345,443,431,340,349,426,429,382,385,426
359,419,473,374,439,473,365,443,424,445,345,443,431,340,349,426,429,382,385,426
359,419,473,374,439,473,365,443,424,445,345,443,431,340,349,426,429,382,385,426
359,419,473,374,439,473,365,443,424,445,345,443,431,340,349,426,429,382,385,426
359,419,473,374,439,473,365,443,424,445,345,443,431,340,349,426,429,382,385,426
359,419,473,374,439,473,365,443,424,445,345,443,431,340,349,426,429,382,385,426
376,439,475,389,454,475,374,449,429,473,351,449,437,352,351,427,431,389,409,447
376,439,475,389,454,475,374,449,429,473,351,449,437,352,351,427,431,389,409,447
376,439,475,389,454,475,374,449,429,473,351,449,437,352,351,427,431,389,409,447
376,439,475,389,454,475,374,449,429,473,351,449,437,352,351,427,431,389,409,447
376,439,475,389,454,475,374,449,429,473,351,449,437,352,351,427,431,389,409,447
376,439,475,389,454,475,374,449,429,473,351,449,437,352,351,427,431,389,409,447
385,445,481,405,457,483,389,453,431,483,363,453,454,358,352,435,437,392,418,458
385,445,481,405,457,483,389,453,431,483,363,453,454,358,352,435,437,392,418,458
385,445,481,405,457,483,389,453,431,483,363,453,454,358,352,435,437,392,418,458
385,445,481,405,457,483,389,453,431,483,363,453,454,358,352,435,437,392,418,458
385,445,481,405,457,483,389,453,431,483,363,453,454,358,352,435,437,392,418,458
385,445,481,405,457,483,389,453,431,483,363,453,454,358,352,435,437,392,418,458
394,458,483,414,477,489,405,460,437,489,365,457,474,359,358,443,461,403,439,472
394,458,483,414,477,489,405,460,437,489,365,457,474,359,358,443,461,403,439,472
394,458,483,414,477,489,405,460,437,489,365,457,474,359,358,443,461,403,439,472
394,458,483,414,477,489,405,460,437,489,365,457,474,359,358,443,461,403,439,472
394,458,483,414,477,489,405,460,437,489,365,457,474,359,358,443,461,403,439,472
394,458,483,414,477,489,405,460,437,489,365,457,474,359,358,443,461,403,439,472
409,472,489,418,482,490,414,477,454,490,374,460,478,369,363,457,474,417,456,475
409,472,489,418,482,490,414,477,454,490,374,460,478,369,363,457,474,417,456,475
409,472,489,418,482,490,414,477,454,490,374,460,478,369,363,457,474,417,456,475
409,472,489,418,482,490,414,477,454,490,374,460,478,369,363,457,474,417,456,475
409,472,489,418,482,490,414,477,454,490,374,460,478,369,363,457,474,417,456,475
409,472,489,418,482,490,414,477,454,490,374,460,478,369,363,457,474,417,456,475
418,482,490,423,488,498,423,486,474,498,405,463,487,375,375,458,478,425,459,480
418,482,490,423,488,498,423,486,474,498,405,463,487,375,375,458,478,425,459,480
418,482,490,423,488,498,423,486,474,498,405,463,487,375,375,458,478,425,459,480
418,482,490,423,488,498,423,486,474,498,405,463,487,375,375,458,478,425,459,480
418,482,490,423,488,498,423,486,474,498,405,463,487,375,375,458,478,425,459,480
418,482,490,423,488,498,423,486,474,498,405,463,487,375,375,458,478,425,459,480
425,488,498,428,497,505,428,492,478,513,414,477,494,382,385,460,487,438,481,482
425,488,498,428,497,505,428,492,478,513,414,477,494,382,385,460,487,438,481,482
425,488,498,428,497,505,428,492,478,513,414,477,494,382,385,460,487,438,481,482
425,488,498,428,497,505,428,492,478,513,414,477,494,382,385,460,487,438,481,482
425,488,498,428,497,505,428,492,478,513,414,477,494,382,385,460,487,438,481,482
425,488,498,428,497,505,428,492,478,513,414,477,494,382,385,460,487,438,481,482
426,497,505,447,504,519,447,501,487,519,423,492,500,392,409,472,494,445,488,497
426,497,505,447,504,519,447,501,487,519,423,492,500,392,409,472,494,445,488,497
426,497,505,447,504,519,447,501,487,519,423,492,500,392,409,472,494,445,488,497
426,497,505,447,504,519,447,501,487,519,423,492,500,392,409,472,494,445,488,497
426,497,505,447,504,519,447,501,487,519,423,492,500,392,409,472,494,445,488,497
426,497,505,447,504,519,447,501,487,519,423,492,500,392,409,472,494,445,488,497
456,504,519,453,528,523,463,508,494,524,428,501,502,417,417,480,500,449,496,505
456,504,519,453,528,523,463,508,494,524,428,501,502,417,417,480,500,449,496,505
456,504,519,453,528,523,463,508,494,524,428,501,502,417,417,480,500,449,496,505
456,504,519,453,528,523,463,508,494,524,428,501,502,417,417,480,500,449,496,505
456,504,519,453,528,523,463,508,494,524,428,501,502,417,417,480,500,449,496,505
456,504,519,453,528,523,463,508,494,524,428,501,502,417,417,480,500,449,496,505
459,536,523,463,536,524,466,532,500,537,455,508,512,425,440,492,502,455,504,523
459,536,523,463,536,524,466,532,500,537,455,508,512,425,440,492,502,455,504,523
459,536,523,463,536,524,466,532,500,537,455,508,512,425,440,492,502,455,504,523
459,536,523,463,536,524,466,532,500,537,455,508,512,425,440,492,502,455,504,523
459,536,523,463,536,524,466,532,500,537,455,508,512,425,440,492,502,455,504,523
459,536,523,463,536,524,466,532,500,537,455,508,512,425,440,492,502,455,504,523
480,554,524,466,554,537,469,539,502,542,466,529,527,438,456,501,512,479,518,536
480,554,524,466,554,537,469,539,502,542,466,529,527,438,456,501,512,479,518,536
480,554,524,466,554,537,469,539,502,542,466,529,527,438,456,501,512,479,518,536
480,554,524,466,554,537,469,539,502,542,466,529,527,438,456,501,512,479,518,536
480,554,524,466,554,537,469,539,502,542,466,529,527,438,456,501,512,479,518,536
480,554,524,466,554,537,469,539,502,542,466,529,527,438,456,501,512,479,518,536
496,562,537,469,562,542,481,550,512,548,469,532,540,455,479,508,527,495,528,546
496,562,537,469,562,542,481,550,512,548,469,532,540,455,479,508,527,495,528,546
496,562,537,469,562,542,481,550,512,548,469,532,540,455,479,508,527,495,528,546
496,562,537,469,562,542,481,550,512,548,469,532,540,455,479,508,527,495,528,546
496,562,537,469,562,542,481,550,512,548,469,532,540,455,479,508,527,495,528,546
496,572,537,496,572,542,481,550,512,548,469,532,540,455,479,508,527,495,528,546
503,572,542,496,572,546,507,558,518,552,486,539,548,459,486,539,532,503,529,554
503,572,542,496,572,546,507,558,518,552,486,539,548,459,486,539,532,503,529,554
503,572,542,496,572,546,507,558,518,552,486,539,548,459,486,539,532,503,529,554
503,572,542,496,572,546,507,558,518,552,486,539,548,459,486,539,532,503,529,554
503,578,542,507,578,546,507,558,518,552,486,539,548,459,486,539,532,503,529,554
503,578,542,507,578,546,507,558,518,552,486,539,548,459,486,539,532,503,529,554
530,578,546,507,578,555,510,566,527,555,507,550,551,479,495,550,540,513,535,562
530,578,546,507,578,555,510,566,527,555,507,550,551,479,495,550,540,513,535,562
530,578,546,507,578,555,510,566,527,555,507,550,551,479,495,550,540,513,535,562
530,583,546,510,588,555,510,566,527,555,507,550,551,479,495,550,540,513,535,562
530,583,546,510,588,555,510,566,527,555,507,550,551,479,495,550,540,513,535,562
530,583,546,510,588,555,510,566,527,555,507,550,551,479,495,550,540,513,535,562
535,583,555,510,588,563,525,569,540,563,510,558,559,495,517,558,548,517,544,570
535,583,555,510,588,563,525,569,540,563,510,558,559,495,517,558,548,517,544,570
535,588,555,525,589,563,525,569,540,563,510,558,559,495,517,558,548,517,544,570
535,588,555,525,589,563,525,569,540,563,510,558,559,495,517,558,548,517,544,570
535,588,555,525,589,563,525,569,540,563,510,558,559,495,517,558,548,517,544,570
535,588,555,525,589,563,525,569,540,563,510,558,559,495,517,558,548,517,544,570
543,588,563,525,589,583,538,574,551,573,525,566,567,503,518,566,551,530,553,596
543,589,563,535,592,583,538,574,551,573,525,566,567,503,518,566,551,530,553,596
543,589,563,535,592,583,538,574,551,573,525,566,567,503,518,566,551,530,553,596
543,589,563,535,592,583,538,574,551,573,525,566,567,503,518,566,551,530,553,596
543,589,563,535,592,583,538,574,551,573,525,566,567,503,518,566,551,530,553,596
543,589,563,535,592,583,538,574,551,573,525,566,567,503,518,566,551,530,553,596
544,593,584,547,613,585,547,580,559,583,538,569,570,513,528,570,559,534,561,602
544,593,584,547,613,585,547,580,559,583,538,569,570,513,528,570,559,534,561,602
544,593,584,547,613,585,547,580,559,583,538,569,570,513,528,570,559,534,561,602
544,593,584,547,613,585,547,580,559,583,538,569,570,513,528,570,559,534,561,602
544,593,584,547,613,585,547,580,559,583,538,569,570,513,528,570,559,534,561,602
553,613,585,549,615,590,549,582,567,585,547,574,580,517,528,574,567,543,561,609
553,613,585,549,615,590,549,582,567,585,547,574,580,517,529,574,567,543,568,609
553,613,585,549,615,590,549,582,567,585,547,574,580,517,529,574,567,543,568,609
553,613,585,549,615,590,549,582,567,585,547,574,580,517,529,574,567,543,568,609
553,613,585,549,615,590,549,582,567,585,547,574,580,517,529,574,567,543,568,609
561,615,590,561,621,598,573,586,587,588,549,582,587,530,529,582,572,552,568,615
561,615,590,561,621,598,573,586,587,588,549,582,587,530,529,582,572,552,568,615
561,615,590,561,621,598,573,586,587,588,549,582,587,530,534,582,572,552,571,615
561,615,590,561,621,598,573,586,587,588,549,582,587,530,534,582,572,552,571,615
561,615,590,561,621,598,573,586,587,588,549,582,587,530,534,582,572,552,571,615
568,621,598,568,625,607,584,603,591,590,584,586,593,534,534,596,580,578,571,623
568,621,598,568,625,607,584,603,591,590,584,586,593,534,534,596,580,578,571,623
568,621,598,568,625,607,584,603,591,590,584,586,593,534,534,596,580,578,571,623
568,621,598,568,625,607,584,603,591,590,584,586,593,534,538,596,580,578,591,623
568,621,598,568,625,607,584,603,591,590,584,586,593,534,538,596,580,578,591,623
571,625,609,586,627,622,595,620,592,598,595,601,600,543,538,603,587,589,591,625
571,625,609,586,627,622,595,620,592,598,595,601,600,543,538,603,587,589,591,625
571,625,609,586,627,622,595,620,592,598,595,601,600,543,538,603,587,589,591,625
571,625,609,586,627,622,595,620,592,598,595,601,600,543,538,603,587,589,591,625
571,625,609,586,627,622,595,620,592,598,595,601,600,543,544,603,587,589,607,625
591,627,622,595,630,635,602,628,600,610,616,603,604,552,544,623,593,605,607,626
591,627,622,595,630,635,602,628,600,610,616,603,604,552,544,623,593,605,607,626
591,627,622,595,630,635,602,628,600,610,616,603,604,552,544,623,593,605,607,626
591,627,622,595,630,635,602,628,600,610,616,603,604,552,544,623,593,605,607,626
591,627,622,595,630,635,602,628,600,610,616,603,604,552,544,623,593,605,607,626
592,640,628,602,640,641,629,630,604,631,636,619,610,569,553,626,600,606,614,629
592,640,628,602,640,641,629,630,604,631,636,619,610,569,553,626,600,606,614,629
592,640,628,602,640,641,629,630,604,631,636,619,610,569,553,626,600,606,614,629
592,640,628,602,640,641,629,630,604,631,636,619,610,569,553,626,600,606,614,629
592,640,628,602,640,641,629,630,604,631,636,619,610,569,553,626,600,606,614,629
596,656,634,614,658,642,643,636,609,635,644,622,623,571,605,632,601,611,616,632
596,656,634,614,658,642,643,636,609,635,644,622,623,571,605,632,601,611,616,632
596,656,634,614,658,642,643,636,609,635,644,622,623,571,605,632,601,611,616,632
596,656,634,614,658,642,643,636,609,635,644,622,623,571,605,632,601,611,616,632
596,656,634,614,658,642,643,636,609,635,644,622,623,571,605,632,601,611,616,632
606,669,641,620,663,652,655,644,613,643,656,630,626,573,611,634,604,624,619,634
606,669,641,620,663,652,655,644,613,643,656,630,626,573,611,634,604,624,619,634
606,669,641,620,663,652,655,644,613,643,656,630,626,573,611,634,604,624,619,634
606,669,641,620,663,652,655,644,613,643,656,630,626,573,611,634,604,624,619,634
606,669,641,620,663,652,655,644,613,643,656,630,626,573,611,634,604,624,619,634
607,676,642,629,669,654,657,658,619,652,657,637,639,601,616,637,610,640,628,637
607,676,642,629,669,654,657,658,619,652,657,637,639,601,616,637,610,640,628,637
607,676,642,629,669,654,657,658,619,652,657,637,639,601,616,637,610,640,628,637
607,676,642,629,669,654,657,658,619,652,657,637,639,601,616,637,610,640,628,637
607,676,642,629,669,654,657,658,619,652,657,637,639,601,616,637,610,640,628,637
614,682,652,638,676,671,659,663,621,678,659,645,648,605,631,645,627,649,631,642
614,682,652,638,676,671,659,663,621,678,659,645,648,605,631,645,627,649,631,642
614,682,652,638,676,671,659,663,621,678,659,645,648,605,631,645,627,649,631,642
614,682,652,638,676,671,659,663,621,678,659,645,648,605,631,645,627,649,631,642
614,682,652,638,676,671,659,663,621,678,659,645,648,605,631,645,627,649,631,642
620,689,654,651,682,694,662,673,639,687,672,658,665,606,636,667,638,653,641,655
620,689,654,651,682,694,662,673,639,687,672,658,665,606,636,667,638,653,641,655
620,689,654,651,682,694,662,673,639,687,672,658,665,606,636,667,638,653,641,655
620,689,654,651,682,694,662,673,639,687,672,658,665,606,636,667,638,653,641,655
620,689,654,651,682,694,662,673,639,687,672,658,665,606,636,667,638,653,641,655
624,699,694,653,689,701,672,679,645,694,679,673,667,611,644,673,639,675,651,667
624,699,694,653,689,701,672,679,645,694,679,673,667,611,644,673,639,675,651,667
624,699,694,653,689,701,672,679,645,694,679,673,667,611,644,673,639,675,651,667
624,699,694,653,689,701,672,679,645,694,679,673,667,611,644,673,639,675,651,667
624,699,694,653,689,701,672,679,645,694,679,673,667,611,644,673,639,675,651,667
632,702,701,655,699,703,678,685,665,696,685,680,671,624,649,680,648,682,654,684
632,702,701,655,699,703,678,685,665,696,685,680,671,624,649,680,648,682,654,684
632,702,701,655,699,703,678,685,665,696,685,680,671,624,649,680,648,682,654,684
632,702,701,655,699,703,678,685,665,696,685,680,671,624,649,680,648,682,654,684
632,702,701,655,699,703,678,685,665,696,685,680,671,624,649,680,648,682,654,684
638,713,703,657,702,717,684,692,669,701,691,686,674,635,663,686,665,688,656,698
638,713,703,657,702,717,684,692,669,701,691,686,674,635,663,686,665,688,656,698
638,713,703,657,702,717,684,692,669,701,691,686,674,635,663,686,665,688,656,698
638,713,703,657,702,717,684,692,669,701,691,686,674,635,663,686,665,688,656,698
638,713,703,657,702,717,684,692,669,701,691,686,674,635,663,686,665,688,656,698
648,714,704,659,713,718,691,705,671,703,698,692,681,643,672,692,674,697,662,699
648,714,704,659,713,718,691,705,671,703,698,692,681,643,672,692,674,697,662,699
648,714,704,659,713,718,691,705,671,703,698,692,681,643,672,692,674,697,662,699
648,714,704,659,713,718,691,705,671,703,698,692,681,643,672,692,674,697,662,699
648,714,704,659,713,718,691,705,671,703,698,692,681,643,672,692,674,697,662,699
651,716,718,662,714,721,700,710,680,708,700,705,687,649,679,698,681,708,666,717
651,716,718,662,714,721,700,710,680,708,700,705,687,649,679,698,681,708,666,717
651,716,718,662,714,721,700,710,680,708,700,705,687,649,679,698,681,708,666,717
651,716,718,662,714,721,700,710,680,708,700,705,687,649,679,698,681,708,666,717
651,716,718,662,714,721,700,710,680,708,700,705,687,649,679,698,681,708,666,717
653,725,721,666,716,734,704,720,686,709,704,720,693,674,685,705,687,710,676,725
653,725,721,666,716,734,704,720,686,709,704,720,693,674,685,705,687,710,676,725
653,725,721,666,716,734,704,720,686,709,704,720,693,674,685,705,687,710,676,725
653,725,721,666,716,734,704,720,686,709,704,720,693,674,685,705,687,710,676,725
653,725,721,666,716,734,704,720,686,709,704,720,693,674,685,705,687,710,676,725
666,730,734,675,725,737,709,728,693,718,710,728,697,678,697,709,693,723,689,734
666,730,734,675,725,737,709,728,693,718,710,728,697,678,697,709,693,723,689,734
666,730,734,675,725,737,709,728,693,718,710,728,697,678,697,709,693,723,689,734
666,730,734,675,725,737,709,728,693,718,710,728,697,678,697,709,693,723,689,734
666,730,734,675,725,737,709,728,693,718,710,728,697,678,697,709,693,723,689,734
675,733,737,684,733,741,719,736,702,731,719,736,715,688,700,720,715,730,707,741
675,733,737,684,733,741,719,736,702,731,719,736,715,688,700,720,715,730,707,741
675,733,737,684,733,741,719,736,702,731,719,736,715,688,700,720,715,730,707,741
675,733,737,684,733,741,719,736,702,731,719,736,715,688,700,720,715,730,707,741
675,733,737,684,733,741,719,736,702,731,719,736,715,688,700,720,715,730,707,741
681,750,745,691,752,745,727,738,722,737,727,738,717,696,723,728,722,749,713,752
681,750,745,691,752,745,727,738,722,737,727,738,717,696,723,728,722,749,713,752
681,750,745,691,752,745,727,738,722,737,727,738,717,696,723,728,722,749,713,752
681,750,745,691,752,745,727,738,722,737,727,738,717,696,723,728,722,749,713,752
681,750,745,691,752,745,727,738,722,737,727,738,717,696,723,728,722,749,713,752
688,752,747,696,757,747,735,760,730,745,735,756,722,708,727,736,729,750,714,755
688,752,747,696,757,747,735,760,730,745,735,756,722,708,727,736,729,750,714,755
688,752,747,696,757,747,735,760,730,745,735,756,722,708,727,736,729,750,714,755
688,752,747,696,757,747,735,760,730,745,735,756,722,708,727,736,729,750,714,755
688,752,747,696,757,747,735,760,730,745,735,756,722,708,727,736,729,750,714,755
707,757,753,707,758,753,742,765,739,747,742,760,729,723,741,738,731,751,716,756
707,757,753,707,758,753,742,765,739,747,742,760,729,723,741,738,731,751,716,756
707,757,753,707,758,753,742,765,739,747,742,760,729,723,741,738,731,751,716,756
707,757,753,707,758,753,742,765,739,747,742,760,729,723,741,738,731,751,716,756
707,757,753,707,758,753,742,765,739,747,742,760,729,723,741,738,731,751,716,756
715,758,764,719,763,764,746,774,743,753,746,765,731,749,742,756,739,758,721,763
715,758,764,719,763,764,746,774,743,753,746,765,731,749,742,756,739,758,721,763
715,758,764,719,763,764,746,774,743,753,746,765,731,749,742,756,739,758,721,763
715,758,764,719,763,764,746,774,743,753,746,765,731,749,742,756,739,758,721,763
715,758,764,719,763,764,746,774,743,753,746,765,731,749,742,756,739,758,721,763
724,763,766,724,770,766,748,775,755,764,748,771,739,750,746,760,757,762,724,770
724,763,766,724,770,766,748,775,755,764,748,771,739,750,746,760,757,762,724,770
724,763,766,724,770,766,748,775,755,764,748,771,739,750,746,760,757,762,724,770
724,763,766,724,770,766,748,775,755,764,748,771,739,750,746,760,757,762,724,770
724,763,766,724,770,766,748,775,755,764,748,771,739,750,746,760,757,762,724,770
729,770,772,735,778,772,751,793,761,766,751,774,761,755,762,765,761,768,733,778
729,770,772,735,778,772,751,793,761,766,751,774,761,755,762,765,761,768,733,778
729,770,772,735,778,772,751,793,761,766,751,774,761,755,762,765,761,768,733,778
729,770,772,735,778,772,751,793,761,766,751,774,761,755,762,765,761,768,733,778
729,770,772,735,778,772,751,793,761,766,751,774,761,755,762,765,761,768,733,778
743,777,779,748,783,779,754,803,767,772,754,775,767,762,768,774,767,771,743,779
743,777,779,748,783,779,754,803,767,772,754,775,767,762,768,774,767,771,743,779
743,777,779,748,783,779,754,803,767,772,754,775,767,762,768,774,767,771,743,779
743,777,779,748,783,779,754,803,767,772,754,775,767,762,768,774,767,771,743,779
743,777,779,748,783,779,754,803,767,772,754,775,767,762,768,774,767,771,743,779
749,783,784,754,785,786,771,804,780,778,773,780,788,768,773,775,787,777,769,782
749,783,784,754,785,786,771,804,780,778,773,780,788,768,773,775,787,777,769,782
749,783,784,754,785,786,771,804,780,778,773,780,788,768,773,775,787,777,769,782
749,783,784,754,785,786,771,804,780,778,773,780,788,768,773,775,787,777,769,782
749,783,784,754,785,786,771,804,780,778,773,780,788,768,773,775,787,777,769,782
769,785,786,769,793,789,773,808,783,786,787,793,795,777,796,784,795,780,785,784
769,785,786,769,793,789,773,808,783,786,787,793,795,777,796,784,795,780,785,784
769,785,786,769,793,789,773,808,783,786,787,793,795,777,796,784,795,780,785,784
769,785,786,769,793,789,773,808,783,786,787,793,795,777,796,784,795,780,785,784
769,785,786,769,793,789,773,808,783,786,787,793,795,777,796,784,795,780,785,784
782,788,789,782,797,798,787,812,795,789,790,803,799,792,805,801,799,788,792,798
782,788,789,782,797,798,787,812,795,789,790,803,799,792,805,801,799,788,792,798
782,788,789,782,797,798,787,812,795,789,790,803,799,792,805,801,799,788,792,798
782,788,789,782,797,798,787,812,795,789,790,803,799,792,805,801,799,788,792,798
782,788,789,782,797,798,787,812,795,789,790,803,799,792,805,801,799,788,792,798
801,797,798,790,802,800,790,815,799,794,796,808,804,794,810,803,804,797,796,801
801,797,798,790,802,800,790,815,799,794,796,808,804,794,810,803,804,797,796,801
801,797,798,790,802,800,790,815,799,794,796,808,804,794,810,803,804,797,796,801
801,797,798,790,802,800,790,815,799,794,796,808,804,794,810,803,804,797,796,801
801,797,798,790,802,800,790,815,799,794,796,808,804,794,810,803,804,797,796,801
819,802,806,792,814,806,794,817,810,800,807,815,813,800,812,808,813,802,819,809
819,802,806,792,814,806,794,817,810,800,807,815,813,800,812,808,813,802,819,809
819,802,806,792,814,806,794,817,810,800,807,815,813,800,812,808,813,802,819,809
819,802,806,792,814,806,794,817,810,800,807,815,813,800,812,808,813,802,819,809
819,802,806,792,814,806,794,817,810,800,807,815,813,800,812,808,813,802,819,809
820,814,809,807,817,809,807,819,813,806,810,817,823,805,818,815,823,805,820,814
820,814,809,807,817,809,807,819,813,806,810,817,823,805,818,815,823,805,820,814
820,814,809,807,817,809,807,819,813,806,810,817,823,805,818,815,823,805,820,814
820,814,809,807,817,809,807,819,813,806,810,817,823,805,818,815,823,805,820,814
820,814,809,807,817,809,807,819,813,806,810,817,823,805,818,815,823,805,820,814
821,822,816,821,822,816,823,824,825,816,812,824,825,818,820,824,825,818,821,822
821,822,816,821,822,816,823,824,825,816,812,824,825,818,820,824,825,818,821,822
821,822,816,821,822,816,823,824,825,816,812,824,825,818,820,824,825,818,821,822
821,822,816,821,822,816,823,824,825,816,812,824,825,818,820,824,825,818,821,822
821,822,816,821,822,816,823,824,825,816,812,824,825,818,820,824,825,818,821,822