53,40,35,29,90,35,29,76,53,40,35,76,53,29,0,0,0,0,0,0
53,40,35,29,90,35,29,76,53,40,35,76,53,29,0,0,0,0,0,0
53,40,35,29,90,35,29,76,53,40,35,76,53,29,0,0,0,0,0,0
53,40,35,29,90,35,29,76,53,40,35,76,53,29,0,0,0,0,0,0
53,40,35,29,90,35,29,76,53,40,35,76,53,29,0,0,0,0,0,0
53,40,35,29,90,35,29,76,53,40,35,76,53,29,0,0,0,0,0,0
53,40,35,29,90,35,29,76,53,40,35,76,53,29,0,0,0,0,0,0
53,40,35,29,90,35,29,76,53,40,35,76,53,29,0,0,0,0,0,0
53,40,35,29,90,35,29,76,53,40,35,76,53,29,0,0,0,0,0,0
76,85,57,62,95,63,62,90,81,57,62,90,63,40,0,0,0,0,0,0
76,85,57,62,95,63,62,90,81,57,62,90,63,40,0,0,0,0,0,0
76,85,57,62,95,63,62,90,81,57,62,90,63,40,0,0,0,0,0,0
76,85,57,62,95,63,62,90,81,57,62,90,63,40,0,0,0,0,0,0
76,85,57,62,95,63,62,90,81,57,62,90,63,40,0,0,0,0,0,0
76,85,57,62,95,63,62,90,81,57,62,90,63,40,0,0,0,0,0,0
76,85,57,62,95,63,62,90,81,57,62,90,63,40,0,0,0,0,0,0
76,85,57,62,95,63,62,90,81,57,62,90,63,40,0,0,0,0,0,0
76,85,57,62,95,63,62,90,81,57,62,90,63,40,0,0,0,0,0,0
129,92,63,71,120,74,71,95,85,92,71,95,81,57,0,0,0,0,0,0
129,92,63,71,120,74,71,95,85,92,71,95,81,57,0,0,0,0,0,0
129,92,63,71,120,74,71,95,85,92,71,95,81,57,0,0,0,0,0,0
129,92,63,71,120,74,71,95,85,92,71,95,81,57,0,0,0,0,0,0
129,92,63,71,120,74,71,95,85,92,71,95,81,57,0,0,0,0,0,0
129,92,63,71,120,74,71,95,85,92,71,95,81,57,0,0,0,0,0,0
129,92,63,71,120,74,71,95,85,92,71,95,81,57,0,0,0,0,0,0
129,92,63,71,120,74,71,95,85,92,71,95,81,57,0,0,0,0,0,0
129,92,63,71,120,74,71,95,85,92,71,95,81,57,0,0,0,0,0,0
130,117,74,87,166,81,87,129,117,93,87,160,119,74,0,0,0,0,0,0
130,117,74,87,166,81,87,129,117,93,87,160,119,74,0,0,0,0,0,0
130,117,74,87,166,81,87,129,117,93,87,160,119,74,0,0,0,0,0,0
130,117,74,87,166,81,87,129,117,93,87,160,119,74,0,0,0,0,0,0
130,117,74,87,166,81,87,129,117,93,87,160,119,74,0,0,0,0,0,0
130,117,74,87,166,81,87,129,117,93,87,160,119,74,0,0,0,0,0,0
130,117,74,87,166,81,87,129,117,93,87,160,119,74,0,0,0,0,0,0
130,117,74,87,166,81,87,129,117,93,87,160,119,74,0,0,0,0,0,0
130,117,74,87,166,81,87,129,117,93,87,160,119,74,0,0,0,0,0,0
137,166,93,94,180,93,94,160,119,118,94,183,120,85,0,0,0,0,0,0
137,166,93,94,180,93,94,160,119,118,94,183,120,85,0,0,0,0,0,0
137,166,93,94,180,93,94,160,119,118,94,183,120,85,0,0,0,0,0,0
137,166,93,94,180,93,94,160,119,118,94,183,120,85,0,0,0,0,0,0
137,166,93,94,180,93,94,160,119,118,94,183,120,85,0,0,0,0,0,0
137,166,93,94,180,93,94,160,119,118,94,183,120,85,0,0,0,0,0,0
137,166,93,94,180,93,94,160,119,118,94,183,120,85,0,0,0,0,0,0
137,166,93,94,180,93,94,160,119,118,94,183,120,85,0,0,0,0,0,0
137,166,93,94,180,93,94,160,119,118,94,183,120,85,0,0,0,0,0,0
160,175,104,119,225,104,135,183,120,130,135,204,143,92,0,0,0,0,0,0
160,175,104,119,225,104,135,183,120,130,135,204,143,92,0,0,0,0,0,0
160,175,104,119,225,104,135,183,120,130,135,204,143,92,0,0,0,0,0,0
160,175,104,119,225,104,135,183,120,130,135,204,143,92,0,0,0,0,0,0
160,175,104,119,225,104,135,183,120,130,135,204,143,92,0,0,0,0,0,0
160,175,104,119,225,104,135,183,120,130,135,204,143,92,0,0,0,0,0,0
160,175,104,119,225,104,135,183,120,130,135,204,143,92,0,0,0,0,0,0
160,175,104,119,225,104,135,183,120,130,135,204,143,92,0,0,0,0,0,0
160,175,104,119,225,104,135,183,120,130,135,204,143,92,0,0,0,0,0,0
182,180,118,129,231,118,158,188,152,140,137,207,152,104,0,0,0,0,0,0
182,180,118,129,231,118,158,188,152,140,137,207,152,104,0,0,0,0,0,0
182,180,118,129,231,118,158,188,152,140,137,207,152,104,0,0,0,0,0,0
182,180,118,129,231,118,158,188,152,140,137,207,152,104,0,0,0,0,0,0
182,180,118,129,231,118,158,188,152,140,137,207,152,104,0,0,0,0,0,0
182,180,118,129,231,118,158,188,152,140,137,207,152,104,0,0,0,0,0,0
182,180,118,129,231,118,158,188,152,140,137,207,152,104,0,0,0,0,0,0
182,180,118,129,231,118,158,188,152,140,137,207,152,104,0,0,0,0,0,0
182,180,118,129,231,118,158,188,152,140,137,207,152,104,0,0,0,0,0,0
185,189,140,135,235,130,177,205,175,181,158,218,175,117,0,0,0,0,0,0
185,189,140,135,235,130,177,205,175,181,158,218,175,117,0,0,0,0,0,0
185,189,140,135,235,130,177,205,175,181,158,218,175,117,0,0,0,0,0,0
185,189,140,135,235,130,177,205,175,181,158,218,175,117,0,0,0,0,0,0
185,189,140,135,235,130,177,205,175,181,158,218,175,117,0,0,0,0,0,0
185,189,140,135,235,130,177,205,175,181,158,218,175,117,0,0,0,0,0,0
185,189,140,135,235,130,177,205,175,181,158,218,175,117,0,0,0,0,0,0
185,189,140,135,235,130,177,205,175,181,158,218,175,117,0,0,0,0,0,0
185,189,140,135,235,130,177,205,175,181,158,218,175,117,0,0,0,0,0,0
198,194,143,137,253,140,185,207,182,194,177,231,182,166,0,0,0,0,0,0
198,194,143,137,253,140,185,207,182,194,177,231,182,166,0,0,0,0,0,0
198,194,143,137,253,140,185,207,182,194,177,231,182,166,0,0,0,0,0,0
198,194,143,137,253,140,185,207,182,194,177,231,182,166,0,0,0,0,0,0
198,194,143,137,253,140,185,207,182,194,177,231,182,166,0,0,0,0,0,0
198,194,143,137,253,140,185,207,182,194,177,231,182,166,0,0,0,0,0,0
198,194,143,137,253,140,185,207,182,194,177,231,182,166,0,0,0,0,0,0
198,194,143,137,253,140,185,207,182,194,177,231,182,166,0,0,0,0,0,0
204,194,143,137,253,140,185,207,182,194,177,231,182,166,0,0,0,0,0,0
204,202,181,158,257,143,191,218,189,195,185,238,188,180,0,0,0,0,0,0
204,202,181,158,257,143,191,218,189,195,185,238,188,180,0,0,0,0,0,0
204,202,181,158,257,143,191,218,189,195,185,238,188,180,0,0,0,0,0,0
204,202,181,158,257,143,191,218,189,195,185,238,188,180,0,0,0,0,0,0
204,202,181,158,257,143,191,218,189,195,185,238,188,180,0,0,0,0,0,0
204,202,181,158,257,143,191,218,189,195,185,238,188,180,0,0,0,0,0,0
204,202,181,158,257,143,191,218,189,195,185,238,188,180,0,0,0,0,0,0
207,202,181,158,257,143,191,218,189,195,185,238,188,180,0,0,0,0,0,0
207,202,181,158,257,143,191,218,189,195,185,238,188,180,0,0,0,0,0,0
207,225,188,177,276,152,204,231,198,199,191,243,189,190,0,0,0,0,0,0
207,225,188,177,276,152,204,231,198,199,191,243,189,190,0,0,0,0,0,0
207,225,188,177,276,152,204,231,198,199,191,243,189,190,0,0,0,0,0,0
207,225,188,177,276,152,204,231,198,199,191,243,189,190,0,0,0,0,0,0
207,225,188,177,276,152,204,231,198,199,191,243,189,190,0,0,0,0,0,0
207,225,188,177,276,152,204,231,198,199,191,243,189,190,0,0,0,0,0,0
218,225,188,177,276,152,204,231,198,199,191,243,189,190,0,0,0,0,0,0
218,225,188,177,276,152,204,231,198,199,191,243,189,190,0,0,0,0,0,0
218,225,188,177,276,152,204,231,198,199,191,243,189,190,0,0,0,0,0,0
218,235,190,183,279,181,206,238,201,202,206,253,198,194,0,0,0,0,0,0
218,235,190,183,279,181,206,238,201,202,206,253,198,194,0,0,0,0,0,0
218,235,190,183,279,181,206,238,201,202,206,253,198,194,0,0,0,0,0,0
218,235,190,183,279,181,206,238,201,202,206,253,198,194,0,0,0,0,0,0
218,235,190,183,279,181,206,238,201,202,206,253,198,194,0,0,0,0,0,0
234,235,190,183,279,181,206,238,201,202,206,253,198,194,0,0,0,0,0,0
234,235,190,183,279,181,206,238,201,202,206,253,198,194,0,0,0,0,0,0
234,235,190,183,279,181,206,238,201,202,206,253,198,194,0,0,0,0,0,0
234,235,190,183,279,181,206,238,201,202,206,253,198,194,0,0,0,0,0,0
234,242,195,191,283,190,217,243,235,216,217,263,205,201,0,0,0,0,0,0
234,242,195,191,283,190,217,243,235,216,217,263,205,201,0,0,0,0,0,0
234,242,195,191,283,190,217,243,235,216,217,263,205,201,0,0,0,0,0,0
234,242,195,191,283,190,217,243,235,216,217,263,205,201,0,0,0,0,0,0
238,242,195,191,283,190,217,243,235,216,217,263,205,201,0,0,0,0,0,0
238,242,195,191,283,190,217,243,235,216,217,263,205,201,0,0,0,0,0,0
238,242,195,191,283,190,217,243,235,216,217,263,205,201,0,0,0,0,0,0
238,242,195,191,283,190,217,243,235,216,217,263,205,201,0,0,0,0,0,0
238,242,195,191,283,190,217,243,235,216,217,263,205,201,0,0,0,0,0,0
238,245,199,206,285,195,220,253,259,220,222,278,249,220,0,0,0,0,0,0
238,245,199,206,285,195,220,253,259,220,222,278,249,220,0,0,0,0,0,0
238,245,199,206,285,195,220,253,259,220,222,278,249,220,0,0,0,0,0,0
249,245,199,206,285,195,220,253,259,220,222,278,249,220,0,0,0,0,0,0
249,245,199,206,285,195,220,253,259,220,222,278,249,220,0,0,0,0,0,0
249,245,199,206,285,195,220,253,259,220,222,278,249,220,0,0,0,0,0,0
249,245,199,206,285,195,220,253,259,220,222,278,249,220,0,0,0,0,0,0
249,245,199,206,285,195,220,253,259,220,222,278,249,220,0,0,0,0,0,0
249,245,199,206,285,195,220,253,259,220,222,278,249,220,0,0,0,0,0,0
249,248,201,217,290,199,222,263,270,234,230,279,254,225,0,0,0,0,0,0
249,248,201,217,290,199,222,263,270,234,230,279,254,225,0,0,0,0,0,0
262,248,201,217,290,199,222,263,270,234,230,279,254,225,0,0,0,0,0,0
262,248,201,217,290,199,222,263,270,234,230,279,254,225,0,0,0,0,0,0
262,248,201,217,290,199,222,263,270,234,230,279,254,225,0,0,0,0,0,0
262,248,201,217,290,199,222,263,270,234,230,279,254,225,0,0,0,0,0,0
262,248,201,217,290,199,222,263,270,234,230,279,254,225,0,0,0,0,0,0
262,248,201,217,290,199,222,263,270,234,230,279,254,225,0,0,0,0,0,0
262,248,201,217,290,199,222,263,270,234,230,279,254,225,0,0,0,0,0,0
262,257,205,222,298,202,230,272,283,242,257,285,259,234,0,0,0,0,0,0
274,257,205,222,298,202,230,272,283,242,257,285,259,234,0,0,0,0,0,0
274,257,205,222,298,202,230,272,283,242,257,285,259,234,0,0,0,0,0,0
274,257,205,222,298,202,230,272,283,242,257,285,259,234,0,0,0,0,0,0
274,257,205,222,298,202,230,272,283,242,257,285,259,234,0,0,0,0,0,0
274,257,205,222,298,202,230,272,283,242,257,285,259,234,0,0,0,0,0,0
274,257,205,222,298,202,230,272,283,242,257,285,259,234,0,0,0,0,0,0
274,257,205,222,298,202,230,272,283,242,257,285,259,234,0,0,0,0,0,0
274,257,205,222,298,202,230,272,283,242,257,285,259,234,0,0,0,0,0,0
282,263,216,230,300,216,261,278,298,245,261,290,272,245,0,0,0,0,0,0
282,263,216,230,300,216,261,278,298,245,261,290,272,245,0,0,0,0,0,0
282,263,216,230,300,216,261,278,298,245,261,290,272,245,0,0,0,0,0,0
282,263,216,230,300,216,261,278,298,245,261,290,272,245,0,0,0,0,0,0
282,263,216,230,300,216,261,278,298,245,261,290,272,245,0,0,0,0,0,0
282,263,216,230,300,216,261,278,298,245,261,290,272,245,0,0,0,0,0,0
282,263,216,230,300,216,261,278,298,245,261,290,272,245,0,0,0,0,0,0
282,263,216,230,300,216,261,278,298,245,261,290,272,245,0,0,0,0,0,0
290,270,254,243,303,242,262,279,300,248,261,290,297,248,0,0,0,0,0,0
290,270,254,243,303,242,262,279,300,248,262,299,297,248,0,0,0,0,0,0
290,270,254,243,303,242,262,279,300,248,262,299,297,248,0,0,0,0,0,0
290,270,254,243,303,242,262,279,300,248,262,299,297,248,0,0,0,0,0,0
290,270,254,243,303,242,262,279,300,248,262,299,297,248,0,0,0,0,0,0
290,270,254,243,303,242,262,279,300,248,262,299,297,248,0,0,0,0,0,0
290,270,254,243,303,242,262,279,300,248,262,299,297,248,0,0,0,0,0,0
290,270,254,243,303,242,262,279,300,248,262,299,297,248,0,0,0,0,0,0
299,276,258,249,307,254,266,285,304,258,262,299,302,270,0,0,0,0,0,0
299,276,258,249,307,254,266,285,304,258,262,299,302,270,0,0,0,0,0,0
299,276,258,249,307,254,266,285,304,258,266,303,302,270,0,0,0,0,0,0
299,276,258,249,307,254,266,285,304,258,266,303,302,270,0,0,0,0,0,0
299,276,258,249,307,254,266,285,304,258,266,303,302,270,0,0,0,0,0,0
299,276,258,249,307,254,266,285,304,258,266,303,302,270,0,0,0,0,0,0
299,276,258,249,307,254,266,285,304,258,266,303,302,270,0,0,0,0,0,0
299,276,258,249,307,254,266,285,304,258,266,303,302,270,0,0,0,0,0,0
305,283,266,259,319,258,271,299,312,274,266,303,304,275,0,0,0,0,0,0
305,283,266,259,319,258,271,299,312,274,266,303,304,275,0,0,0,0,0,0
305,283,266,259,319,258,271,299,312,274,266,303,304,275,0,0,0,0,0,0
305,283,266,259,319,258,271,299,312,274,271,321,304,275,0,0,0,0,0,0
305,283,266,259,319,258,271,299,312,274,271,321,304,275,0,0,0,0,0,0
305,283,266,259,319,258,271,299,312,274,271,321,304,275,0,0,0,0,0,0
305,283,266,259,319,258,271,299,312,274,271,321,304,275,0,0,0,0,0,0
305,283,266,259,319,258,271,299,312,274,271,321,304,275,0,0,0,0,0,0
311,298,271,261,324,277,275,303,324,275,271,321,312,281,0,0,0,0,0,0
311,298,271,261,324,277,275,303,324,275,271,321,312,281,0,0,0,0,0,0
311,298,271,261,324,277,275,303,324,275,271,321,312,281,0,0,0,0,0,0
311,298,271,261,324,277,275,303,324,275,271,321,312,281,0,0,0,0,0,0
311,298,271,261,324,277,275,303,324,275,276,322,312,281,0,0,0,0,0,0
311,298,271,261,324,277,275,303,324,275,276,322,312,281,0,0,0,0,0,0
311,298,271,261,324,277,275,303,324,275,276,322,312,281,0,0,0,0,0,0
311,298,271,261,324,277,275,303,324,275,276,322,312,281,0,0,0,0,0,0
325,300,277,272,330,292,281,322,326,277,276,322,324,291,0,0,0,0,0,0
325,300,277,272,330,292,281,322,326,277,276,322,324,291,0,0,0,0,0,0
325,300,277,272,330,292,281,322,326,277,276,322,324,291,0,0,0,0,0,0
325,300,277,272,330,292,281,322,326,277,276,322,324,291,0,0,0,0,0,0
325,300,277,272,330,292,281,322,326,277,276,322,324,291,0,0,0,0,0,0
325,300,277,272,330,292,281,322,326,277,282,323,324,291,0,0,0,0,0,0
325,300,277,272,330,292,281,322,326,277,282,323,324,291,0,0,0,0,0,0
325,300,277,272,330,292,281,322,326,277,282,323,324,291,0,0,0,0,0,0
326,307,278,274,334,294,286,323,329,281,282,323,326,293,0,0,0,0,0,0
326,307,278,274,334,294,286,323,329,281,282,323,326,293,0,0,0,0,0,0
326,307,278,274,334,294,286,323,329,281,282,323,326,293,0,0,0,0,0,0
326,307,278,274,334,294,286,323,329,281,282,323,326,293,0,0,0,0,0,0
326,307,278,274,334,294,286,323,329,281,282,323,326,293,0,0,0,0,0,0
326,307,278,274,334,294,286,323,329,281,282,323,326,293,0,0,0,0,0,0
326,307,278,274,334,294,286,323,329,281,286,325,326,293,0,0,0,0,0,0
326,307,278,274,334,294,286,323,329,281,286,325,326,293,0,0,0,0,0,0
329,312,292,282,337,295,291,325,336,292,286,325,328,295,0,0,0,0,0,0
329,312,292,282,337,295,291,325,336,292,286,325,328,295,0,0,0,0,0,0
329,312,292,282,337,295,291,325,336,292,286,325,328,295,0,0,0,0,0,0
329,312,292,282,337,295,291,325,336,292,286,325,328,295,0,0,0,0,0,0
329,312,292,282,337,295,291,325,336,292,286,325,328,295,0,0,0,0,0,0
329,312,292,282,337,295,291,325,336,292,286,325,328,295,0,0,0,0,0,0
329,312,292,282,337,295,291,325,336,292,286,325,328,295,0,0,0,0,0,0
329,312,292,282,337,295,291,325,336,292,294,333,328,295,0,0,0,0,0,0
332,319,293,286,344,304,297,333,342,293,294,333,329,296,0,0,0,0,0,0
332,319,293,286,344,304,297,333,342,293,294,333,329,296,0,0,0,0,0,0
332,319,293,286,344,304,297,333,342,293,294,333,329,296,0,0,0,0,0,0
332,319,293,286,344,304,297,333,342,293,294,333,329,296,0,0,0,0,0,0
332,319,293,286,344,304,297,333,342,293,294,333,329,296,0,0,0,0,0,0
332,319,293,286,344,304,297,333,342,293,294,333,329,296,0,0,0,0,0,0
332,319,293,286,344,304,297,333,342,293,294,333,329,296,0,0,0,0,0,0
332,319,293,286,344,304,297,333,342,293,294,333,329,296,0,0,0,0,0,0
337,321,294,291,345,313,302,334,347,296,307,334,336,305,0,0,0,0,0,0
337,321,294,291,345,313,302,334,347,296,307,334,336,305,0,0,0,0,0,0
337,321,294,291,345,313,302,334,347,296,307,334,336,305,0,0,0,0,0,0
337,321,294,291,345,313,302,334,347,296,307,334,336,305,0,0,0,0,0,0
337,321,294,291,345,313,302,334,347,296,307,334,336,305,0,0,0,0,0,0
337,321,294,291,345,313,302,334,347,296,307,334,336,305,0,0,0,0,0,0
337,321,294,291,345,313,302,334,347,296,307,334,336,305,0,0,0,0,0,0
337,321,294,291,345,313,302,334,347,296,307,334,336,305,0,0,0,0,0,0
339,328,295,297,351,315,311,339,348,305,311,337,342,319,0,0,0,0,0,0
339,328,295,297,351,315,311,339,348,305,311,337,342,319,0,0,0,0,0,0
339,328,295,297,351,315,311,339,348,305,311,337,342,319,0,0,0,0,0,0
339,328,295,297,351,315,311,339,348,305,311,337,342,319,0,0,0,0,0,0
339,328,295,297,351,315,311,339,348,305,311,337,342,319,0,0,0,0,0,0
339,328,295,297,351,315,311,339,348,305,311,337,342,319,0,0,0,0,0,0
339,328,295,297,351,315,311,339,348,305,311,337,342,319,0,0,0,0,0,0
339,328,295,297,351,315,311,339,348,305,311,337,342,319,0,0,0,0,0,0
345,330,296,302,354,328,314,344,355,315,313,339,347,320,0,0,0,0,0,0
345,330,296,302,354,328,314,344,355,315,313,339,347,320,0,0,0,0,0,0
345,330,296,302,354,328,314,344,355,315,313,339,347,320,0,0,0,0,0,0
345,330,296,302,354,328,314,344,355,315,313,339,347,320,0,0,0,0,0,0
345,330,296,302,354,328,314,344,355,315,313,339,347,320,0,0,0,0,0,0
345,330,296,302,354,328,314,344,355,315,313,339,347,320,0,0,0,0,0,0
345,330,296,302,354,328,314,344,355,315,313,339,347,320,0,0,0,0,0,0
345,330,296,302,354,328,314,344,355,315,313,339,347,320,0,0,0,0,0,0
350,333,313,314,358,331,316,350,356,320,314,344,348,330,0,0,0,0,0,0
350,333,313,314,358,331,316,350,356,320,314,344,348,330,0,0,0,0,0,0
350,333,313,314,358,331,316,350,356,320,314,344,348,330,0,0,0,0,0,0
350,333,313,314,358,331,316,350,356,320,314,344,348,330,0,0,0,0,0,0
350,333,313,314,358,331,316,350,356,320,314,344,348,330,0,0,0,0,0,0
350,333,313,314,358,331,316,350,356,320,314,344,348,330,0,0,0,0,0,0
350,333,313,314,358,331,316,350,356,320,314,344,348,330,0,0,0,0,0,0
350,333,313,314,358,331,316,350,356,320,314,344,348,330,0,0,0,0,0,0
365,347,315,316,361,336,320,354,358,331,316,350,356,343,0,0,0,0,0,0
365,347,315,316,361,336,320,354,358,331,316,350,356,343,0,0,0,0,0,0
365,347,315,316,361,336,320,354,358,331,316,350,356,343,0,0,0,0,0,0
365,347,315,316,361,336,320,354,358,331,316,350,356,343,0,0,0,0,0,0
365,347,315,316,361,336,320,354,358,331,316,350,356,343,0,0,0,0,0,0
365,347,315,316,361,336,320,354,358,331,316,350,356,343,0,0,0,0,0,0
365,347,315,316,361,336,320,354,358,331,316,350,356,343,0,0,0,0,0,0
365,347,315,316,361,336,320,354,358,331,316,350,356,343,0,0,0,0,0,0
369,351,322,323,362,348,321,361,364,349,332,354,358,349,0,0,0,0,0,0
369,351,322,323,362,348,321,361,364,349,332,354,358,349,0,0,0,0,0,0
369,351,322,323,362,348,321,361,364,349,332,354,358,349,0,0,0,0,0,0
369,351,322,323,362,348,321,361,364,349,332,354,358,349,0,0,0,0,0,0
369,351,322,323,362,348,321,361,364,349,332,354,358,349,0,0,0,0,0,0
369,351,322,323,362,348,321,361,364,349,332,354,358,349,0,0,0,0,0,0
369,351,322,323,362,348,321,361,364,349,332,354,358,349,0,0,0,0,0,0
369,351,322,323,362,348,321,361,364,349,332,354,358,349,0,0,0,0,0,0
376,355,331,343,363,359,332,363,366,357,345,361,364,355,0,0,0,0,0,0
376,355,331,343,363,359,332,363,366,357,345,361,364,355,0,0,0,0,0,0
376,355,331,343,363,359,332,363,366,357,345,361,364,355,0,0,0,0,0,0
376,355,331,343,363,359,332,363,366,357,345,361,364,355,0,0,0,0,0,0
376,355,331,343,363,359,332,363,366,357,345,361,364,355,0,0,0,0,0,0
376,355,331,343,363,359,332,363,366,357,345,361,364,355,0,0,0,0,0,0
376,355,331,343,363,359,332,363,366,357,345,361,364,355,0,0,0,0,0,0
376,355,331,343,363,359,332,363,366,357,345,361,364,355,0,0,0,0,0,0
382,356,342,360,366,364,343,369,377,365,351,362,373,357,0,0,0,0,0,0
382,356,342,360,366,364,343,369,377,365,351,362,373,357,0,0,0,0,0,0
382,356,342,360,366,364,343,369,377,365,351,362,373,357,0,0,0,0,0,0
382,356,342,360,366,364,343,369,377,365,351,362,373,357,0,0,0,0,0,0
382,356,342,360,366,364,343,369,377,365,351,362,373,357,0,0,0,0,0,0
382,356,342,360,366,364,343,369,377,365,351,362,373,357,0,0,0,0,0,0
382,356,342,360,366,364,343,369,377,365,351,362,373,357,0,0,0,0,0,0
382,356,342,360,366,364,343,369,377,365,351,362,373,357,0,0,0,0,0,0
388,357,359,368,372,367,349,371,381,367,360,363,377,359,0,0,0,0,0,0
388,357,359,368,372,367,349,371,381,367,360,363,377,359,0,0,0,0,0,0
388,357,359,368,372,367,349,371,381,367,360,363,377,359,0,0,0,0,0,0
388,357,359,368,372,367,349,371,381,367,360,363,377,359,0,0,0,0,0,0
388,357,359,368,372,367,349,371,381,367,360,363,377,359,0,0,0,0,0,0
388,357,359,368,372,367,349,371,381,367,360,363,377,359,0,0,0,0,0,0
388,357,359,368,372,367,349,371,381,367,360,363,377,359,0,0,0,0,0,0
388,357,359,368,372,367,349,371,381,367,360,363,377,359,0,0,0,0,0,0
393,362,367,370,373,374,360,372,383,378,368,369,381,365,0,0,0,0,0,0
393,362,367,370,373,374,360,372,383,378,368,369,381,365,0,0,0,0,0,0
393,362,367,370,373,374,360,372,383,378,368,369,381,365,0,0,0,0,0,0
393,362,367,370,373,374,360,372,383,378,368,369,381,365,0,0,0,0,0,0
393,362,367,370,373,374,360,372,383,378,368,369,381,365,0,0,0,0,0,0
393,362,367,370,373,374,360,372,383,378,368,369,381,365,0,0,0,0,0,0
393,362,367,370,373,374,360,372,383,378,368,369,381,365,0,0,0,0,0,0
393,362,367,370,373,374,360,372,383,378,368,369,381,365,0,0,0,0,0,0
394,366,374,371,380,381,368,376,384,382,370,371,383,374,0,0,0,0,0,0
394,366,374,371,380,381,368,376,384,382,370,371,383,374,0,0,0,0,0,0
394,366,374,371,380,381,368,376,384,382,370,371,383,374,0,0,0,0,0,0
394,366,374,371,380,381,368,376,384,382,370,371,383,374,0,0,0,0,0,0
394,366,374,371,380,381,368,376,384,382,370,371,383,374,0,0,0,0,0,0
394,366,374,371,380,381,368,376,384,382,370,371,383,374,0,0,0,0,0,0
394,366,374,371,380,381,368,376,384,382,370,371,383,374,0,0,0,0,0,0
394,366,374,371,380,381,368,376,384,382,370,371,383,374,0,0,0,0,0,0
397,373,378,375,383,385,370,380,389,385,375,372,389,378,0,0,0,0,0,0
397,373,378,375,383,385,370,380,389,385,375,372,389,378,0,0,0,0,0,0
397,373,378,375,383,385,370,380,389,385,375,372,389,378,0,0,0,0,0,0
397,373,378,375,383,385,370,380,389,385,375,372,389,378,0,0,0,0,0,0
397,373,378,375,383,385,370,380,389,385,375,372,389,378,0,0,0,0,0,0
397,373,378,375,383,385,370,380,389,385,375,372,389,378,0,0,0,0,0,0
397,373,378,375,383,385,370,380,389,385,375,372,389,378,0,0,0,0,0,0
397,373,378,375,383,385,370,380,389,385,375,372,389,378,0,0,0,0,0,0
399,377,385,379,384,386,375,388,393,386,379,376,390,382,0,0,0,0,0,0
399,377,385,379,384,386,375,388,393,386,379,376,390,382,0,0,0,0,0,0
399,377,385,379,384,386,375,388,393,386,379,376,390,382,0,0,0,0,0,0
399,377,385,379,384,386,375,388,393,386,379,376,390,382,0,0,0,0,0,0
399,377,385,379,384,386,375,388,393,386,379,376,390,382,0,0,0,0,0,0
399,377,385,379,384,386,375,388,393,386,379,376,390,382,0,0,0,0,0,0
399,377,385,379,384,386,375,388,393,386,379,376,390,382,0,0,0,0,0,0
399,377,385,379,384,386,375,388,393,386,379,376,390,382,0,0,0,0,0,0
402,384,386,387,390,389,379,394,395,396,387,380,393,391,0,0,0,0,0,0
402,384,386,387,390,389,379,394,395,396,387,380,393,391,0,0,0,0,0,0
402,384,386,387,390,389,379,394,395,396,387,380,393,391,0,0,0,0,0,0
402,384,386,387,390,389,379,394,395,396,387,380,393,391,0,0,0,0,0,0
402,384,386,387,390,389,379,394,395,396,387,380,393,391,0,0,0,0,0,0
402,384,386,387,390,389,379,394,395,396,387,380,393,391,0,0,0,0,0,0
402,384,386,387,390,389,379,394,395,396,387,380,393,391,0,0,0,0,0,0
402,384,386,387,390,389,379,394,395,396,387,380,393,391,0,0,0,0,0,0
408,390,391,392,400,391,387,397,401,402,392,388,395,396,0,0,0,0,0,0
408,390,391,392,400,391,387,397,401,402,392,388,395,396,0,0,0,0,0,0
408,390,391,392,400,391,387,397,401,402,392,388,395,396,0,0,0,0,0,0
408,390,391,392,400,391,387,397,401,402,392,388,395,396,0,0,0,0,0,0
408,390,391,392,400,391,387,397,401,402,392,388,395,396,0,0,0,0,0,0
408,390,391,392,400,391,387,397,401,402,392,388,395,396,0,0,0,0,0,0
408,390,391,392,400,391,387,397,401,402,392,388,395,396,0,0,0,0,0,0
408,390,391,392,400,391,387,397,401,402,392,388,395,396,0,0,0,0,0,0
410,395,396,398,403,401,392,399,403,404,398,394,401,399,0,0,0,0,0,0
410,395,396,398,403,401,392,399,403,404,398,394,401,399,0,0,0,0,0,0
410,395,396,398,403,401,392,399,403,404,398,394,401,399,0,0,0,0,0,0
410,395,396,398,403,401,392,399,403,404,398,394,401,399,0,0,0,0,0,0
410,395,396,398,403,401,392,399,403,404,398,394,401,399,0,0,0,0,0,0
410,395,396,398,403,401,392,399,403,404,398,394,401,399,0,0,0,0,0,0
410,395,396,398,403,401,392,399,403,404,398,394,401,399,0,0,0,0,0,0
410,395,396,398,403,401,392,399,403,404,398,394,401,399,0,0,0,0,0,0
412,403,404,405,406,404,398,400,412,407,405,397,408,402,0,0,0,0,0,0
412,403,404,405,406,404,398,400,412,407,405,397,408,402,0,0,0,0,0,0
412,403,404,405,406,404,398,400,412,407,405,397,408,402,0,0,0,0,0,0
412,403,404,405,406,404,398,400,412,407,405,397,408,402,0,0,0,0,0,0
412,403,404,405,406,404,398,400,412,407,405,397,408,402,0,0,0,0,0,0
412,403,404,405,406,404,398,400,412,407,405,397,408,402,0,0,0,0,0,0
412,403,404,405,406,404,398,400,412,407,405,397,408,402,0,0,0,0,0,0
412,403,404,405,406,404,398,400,412,407,405,397,408,402,0,0,0,0,0,0
414,406,407,408,413,407,405,411,413,409,406,400,412,413,0,0,0,0,0,0
414,406,407,408,413,407,405,411,413,409,406,400,412,413,0,0,0,0,0,0
414,406,407,408,413,407,405,411,413,409,406,400,412,413,0,0,0,0,0,0
414,406,407,408,413,407,405,411,413,409,406,400,412,413,0,0,0,0,0,0
414,406,407,408,413,407,405,411,413,409,406,400,412,413,0,0,0,0,0,0
414,406,407,408,413,407,405,411,413,409,406,400,412,413,0,0,0,0,0,0
414,406,407,408,413,407,405,411,413,409,406,400,412,413,0,0,0,0,0,0
414,406,407,408,413,407,405,411,413,409,406,400,412,413,0,0,0,0,0,0
416,411,409,414,415,409,410,414,415,416,410,411,415,416,0,0,0,0,0,0
416,411,409,414,415,409,410,414,415,416,410,411,415,416,0,0,0,0,0,0
416,411,409,414,415,409,410,414,415,416,410,411,415,416,0,0,0,0,0,0
416,411,409,414,415,409,410,414,415,416,410,411,415,416,0,0,0,0,0,0
416,411,409,414,415,409,410,414,415,416,410,411,415,416,0,0,0,0,0,0
416,411,409,414,415,409,410,414,415,416,410,411,415,416,0,0,0,0,0,0
416,411,409,414,415,409,410,414,415,416,410,411,415,416,0,0,0,0,0,0
416,411,409,414,415,409,410,414,415,416,410,411,415,416,0,0,0,0,0,0