363,184,497,363,1059,1307,1059,1153,184,363,0,520,184,873,0,1275,1153,1059,1272,0
363,184,497,363,1059,1307,1059,1153,184,363,0,520,184,873,0,1275,1153,1059,1272,0
363,184,497,363,1006,1230,1175,354,184,363,0,520,184,873,0,844,354,1175,446,0
363,184,497,363,1006,1230,1175,354,184,363,0,520,184,873,0,844,354,1175,446,0
422,184,497,422,703,1165,249,1230,396,363,0,520,396,873,0,997,1230,249,1277,0
422,184,497,422,703,1165,249,1230,396,363,0,520,396,873,0,997,1230,249,1277,0
422,396,503,422,787,856,1244,1052,396,422,0,547,396,897,0,0,1052,1244,948,0
422,396,503,422,787,856,1244,1052,396,422,0,547,396,897,0,0,1052,1244,948,0
455,396,503,455,719,1166,845,202,436,422,0,547,436,897,0,1283,202,845,1186,0
455,396,503,455,719,1166,845,202,436,422,0,547,436,897,0,1283,202,845,1186,0
455,396,503,455,786,1076,778,723,436,422,0,547,436,897,0,0,723,778,1285,0
455,396,503,455,786,1076,778,723,436,422,0,547,436,897,0,0,723,778,1285,0
520,436,576,520,1188,1172,1188,1008,497,455,0,593,497,901,0,1312,1008,1188,703,0
520,436,576,520,1188,1172,1188,1008,497,455,0,593,497,901,0,1312,1008,1188,703,0
520,436,576,520,1213,879,798,793,497,455,0,593,497,901,0,1319,793,798,1204,0
520,436,576,520,1213,879,798,793,497,455,0,593,497,901,0,1319,793,798,1204,0
547,436,576,547,845,919,578,703,503,455,0,593,503,901,0,1324,703,578,1291,0
547,436,576,547,845,919,578,703,503,455,0,593,503,901,0,1324,703,578,1291,0
547,559,669,547,202,958,787,1165,503,599,0,603,503,925,0,0,1165,787,958,0
547,559,669,547,202,958,787,1165,503,599,0,603,503,925,0,0,1165,787,958,0
593,559,669,593,1244,1221,1240,936,559,599,0,603,559,925,0,0,936,1240,0,0
593,559,669,593,1244,1221,1240,936,559,599,0,603,559,925,0,0,936,1240,0,0
593,559,669,593,904,1078,766,446,559,599,0,603,559,925,0,0,446,766,1300,0
593,559,669,593,904,1078,766,446,559,599,0,603,559,925,0,0,446,766,1300,0
599,607,674,599,766,827,767,630,576,614,0,642,576,931,0,0,630,767,723,0
599,607,674,599,766,827,767,630,576,614,0,642,576,931,0,0,630,767,723,0
599,607,674,599,591,829,713,1105,576,614,0,642,576,931,0,1082,1105,713,1150,0
599,607,674,599,591,829,713,1105,576,614,0,642,576,931,0,1082,1105,713,1150,0
603,607,674,603,783,1121,1060,1202,607,614,0,642,607,931,0,1287,1202,1060,1302,0
603,607,674,603,783,1121,1060,1202,607,614,0,642,607,931,0,1287,1202,1060,1302,0
603,702,690,603,723,977,868,173,607,677,0,657,607,1318,0,241,173,868,1076,0
603,702,690,603,723,977,868,173,607,677,0,657,607,1318,0,241,173,868,1076,0
614,702,690,614,713,1021,1288,1104,669,677,489,657,669,489,0,241,1104,1288,1105,0
614,702,690,614,713,1021,1288,1104,669,677,489,657,669,489,0,241,1104,1288,1105,0
614,702,690,614,1223,1095,638,940,669,677,489,657,669,489,0,241,940,638,0,0
614,702,690,614,1223,1095,638,940,669,677,489,657,669,489,0,241,940,638,0,0
642,708,695,642,868,1136,426,1005,674,691,489,685,674,489,0,241,1005,426,1078,0
642,708,695,642,868,1136,426,1005,674,691,489,685,674,489,0,241,1005,426,1078,0
642,708,695,642,578,644,929,1172,674,691,489,685,674,489,0,241,1172,929,0,0
642,708,695,642,578,644,929,1172,674,691,489,685,674,489,0,241,1172,929,0,0
657,708,695,657,658,675,1025,644,690,691,489,685,690,489,0,241,644,1025,739,0
657,708,695,657,658,675,1025,644,690,691,489,685,690,489,0,241,644,1025,739,0
657,710,715,657,1175,1155,894,275,690,707,489,701,690,489,0,241,275,894,739,0
657,710,715,657,1175,1155,894,275,690,707,489,701,690,489,0,241,275,894,739,0
677,710,715,677,446,1291,888,1111,695,707,489,701,695,489,0,241,1111,888,739,0
677,710,715,677,446,1291,888,1111,695,707,489,701,695,489,0,241,1111,888,739,0
677,710,715,677,645,1052,1232,1223,695,707,489,701,695,489,0,475,1223,1232,739,0
677,710,715,677,645,1052,1232,1223,695,707,489,701,695,489,0,475,1223,1232,739,0
685,712,718,685,1130,1186,1006,1166,702,746,739,734,702,739,0,1288,1166,1006,739,0
685,712,718,685,1130,1186,1006,1166,702,746,739,734,702,739,0,1288,1166,1006,739,0
685,712,718,685,1105,1108,658,1291,702,746,739,734,702,739,0,578,1291,658,739,0
685,712,718,685,1105,1108,658,1291,702,746,739,734,702,739,0,578,1291,658,739,0
691,712,718,691,778,1257,1281,1235,708,746,739,734,708,739,0,1226,1235,1281,739,0
691,712,718,691,778,1257,1281,1235,708,746,739,734,708,739,0,1226,1235,1281,739,0
691,752,763,691,1104,1176,1294,1169,708,764,739,788,708,739,0,1301,1169,1294,739,0
691,752,763,691,1104,1176,1294,1169,708,764,739,788,708,739,0,1301,1169,1294,739,0
701,752,763,701,894,568,1262,996,710,764,739,788,710,739,0,713,996,1262,0,0
701,752,763,701,894,568,1262,996,710,764,739,788,710,739,0,713,996,1262,0,0
701,752,763,701,1240,1180,818,1127,710,764,739,788,710,739,0,717,1127,818,1008,0
701,752,763,701,1240,1180,818,1127,710,764,739,788,710,739,0,717,1127,818,1008,0
707,762,780,707,173,1316,1133,1231,712,776,739,801,712,739,0,904,1231,1133,1221,0
707,762,780,707,173,1316,1133,1231,712,776,739,801,712,739,0,904,1231,1133,1221,0
707,762,780,707,354,1201,404,1305,712,776,739,801,712,739,0,1294,1305,404,0,0
707,762,780,707,354,1201,404,1305,712,776,739,801,712,739,0,1294,1305,404,0,0
734,762,780,734,929,1233,591,919,715,776,933,801,715,933,0,0,919,591,1021,0
734,762,780,734,929,1233,591,919,715,776,933,801,715,933,0,0,919,591,1021,0
734,773,789,734,1169,630,1130,811,715,821,933,846,715,933,0,999,811,1130,0,0
734,773,789,734,1169,630,1130,811,715,821,933,846,715,933,0,999,811,1130,0,0
746,773,789,746,888,1237,806,670,718,821,933,846,718,933,0,1091,670,806,1095,0
746,773,789,746,888,1237,806,670,718,821,933,846,718,933,0,1091,670,806,1095,0
746,773,789,746,249,1305,1143,663,718,821,933,846,718,933,0,0,663,1143,0,0
746,773,789,746,249,1305,1143,663,718,821,933,846,718,933,0,0,663,1143,0,0
764,791,797,764,1117,1248,1212,1233,752,824,933,853,752,933,0,404,1233,1212,827,0
764,791,797,764,1117,1248,1212,1233,752,824,933,853,752,933,0,404,1233,1212,827,0
764,791,797,764,793,878,450,1186,752,824,933,853,752,933,0,1006,1186,450,977,0
764,791,797,764,793,878,450,1186,752,824,933,853,752,933,0,1006,1186,450,977,0
776,791,797,776,426,1251,761,719,762,824,933,853,762,933,0,1068,719,761,1108,0
776,791,797,776,426,1251,761,719,762,824,933,853,762,933,0,1068,719,761,1108,0
776,794,817,776,767,936,457,878,762,871,933,898,762,933,0,1092,878,457,0,0
776,794,817,776,767,936,457,878,762,871,933,898,762,933,0,1092,878,457,0,0
788,794,817,788,638,996,1068,512,763,871,0,898,763,989,0,1143,512,1068,829,0
788,794,817,788,638,996,1068,512,763,871,0,898,763,989,0,1143,512,1068,829,0
788,794,817,788,1025,1153,1091,847,763,871,0,898,763,989,0,0,847,1091,1165,0
788,794,817,788,1025,1153,1091,847,763,871,0,898,763,989,0,0,847,1091,1165,0
801,812,855,801,275,1260,475,476,773,873,0,905,773,989,0,761,476,475,0,0
801,812,855,801,275,1260,475,476,773,873,0,905,773,989,0,761,476,475,0,0
801,812,855,801,1226,811,640,568,773,873,0,905,773,1015,0,0,568,640,908,0
801,812,855,801,1226,811,640,568,773,873,0,905,773,1015,0,0,568,640,908,0
821,812,855,821,1111,834,633,1316,780,873,0,905,780,1015,0,845,1316,633,926,0
821,812,855,821,1111,834,633,1316,780,873,0,905,780,1015,0,845,1316,633,926,0
821,839,873,821,633,940,1117,977,780,897,0,922,780,1015,0,0,977,1117,927,0
821,839,873,821,633,940,1117,977,780,897,0,922,780,1015,0,0,977,1117,927,0
824,839,873,824,1235,1245,1319,829,789,897,0,922,789,1038,0,1029,829,1319,0,0
824,839,873,824,1235,1245,1319,829,789,897,0,922,789,1038,0,1029,829,1319,0,0
824,839,873,824,1262,1265,645,1136,789,897,0,922,789,1038,0,1059,1136,645,933,0
824,839,873,824,1262,1265,645,1136,789,897,0,922,789,1038,0,1059,1136,645,933,0
846,841,881,846,512,1031,1226,783,791,901,0,923,791,1038,0,1256,783,1226,933,0
846,841,881,846,512,1031,1226,783,791,901,0,923,791,1072,0,1256,783,1226,933,0
846,841,881,846,798,1204,717,786,791,901,0,923,791,1072,0,0,786,717,933,0
846,841,881,846,798,1204,717,786,791,901,0,923,791,1072,0,0,786,717,933,0
853,841,881,853,1288,1215,813,1204,794,901,0,923,794,1072,0,1014,1204,813,933,0
853,841,881,853,1288,1215,813,1204,794,901,0,923,794,1072,0,1014,1204,813,933,0
853,849,891,853,806,1270,1234,675,794,925,0,939,794,1113,0,1240,675,1234,933,0
853,849,891,853,806,1270,1234,675,794,925,0,939,794,1113,0,1240,675,1234,933,0
871,849,891,871,1154,926,1020,1150,797,925,0,939,797,1113,0,0,1150,1020,933,0
871,849,891,871,1154,926,1020,1150,797,925,0,939,797,1113,0,0,1150,1020,933,0
871,849,891,871,1281,927,825,827,797,925,0,939,797,1113,0,658,827,825,933,0
871,849,891,871,1281,927,825,827,797,925,0,939,797,1115,0,658,827,825,933,0
898,876,897,898,1231,1272,830,1237,812,931,0,943,812,1115,0,1017,1237,830,933,0
898,876,897,898,1231,1272,830,1237,812,931,0,943,812,1115,0,1017,1237,830,933,0
898,876,897,898,1133,933,1268,834,812,931,0,943,812,1115,0,1296,834,1268,512,0
898,876,897,898,1133,933,1268,834,812,931,0,943,812,1115,0,1296,834,1268,512,0
905,876,897,905,997,933,1256,1121,817,931,0,943,817,1120,0,0,1121,1256,793,0
905,876,897,905,997,933,1256,1121,817,931,0,943,817,1120,0,0,1121,1256,793,0
905,887,901,905,1212,933,844,856,817,962,0,944,817,1120,0,0,856,844,834,0
905,887,901,905,1212,933,844,856,817,962,0,944,817,1120,0,0,856,844,834,0
922,887,901,922,818,933,904,879,839,962,0,944,839,1120,0,1020,879,904,1237,0
922,887,901,922,818,933,904,879,839,962,0,944,839,1125,0,1020,879,904,1237,0
922,887,901,922,717,933,911,908,839,962,0,944,839,1125,0,1117,908,911,0,0
922,887,901,922,717,933,911,908,839,962,0,944,839,1125,0,1117,908,911,0,0
923,900,906,923,1060,933,1195,1307,841,963,0,967,841,1125,0,1262,1307,1195,173,0
923,900,906,923,1060,933,1195,1307,841,963,0,967,841,1125,0,1262,1307,1195,173,0
923,900,906,923,1232,933,1312,948,841,963,0,967,841,1146,0,0,948,1312,919,0
923,900,906,923,1232,933,1312,948,841,963,0,967,841,1146,0,0,948,1312,919,0
939,900,906,939,404,933,1082,0,849,963,0,967,849,1146,0,1022,0,1082,1052,0
939,900,906,939,404,933,1082,0,849,963,0,967,849,1146,0,1022,0,1082,1052,0
939,917,931,939,1202,1277,934,926,849,989,0,968,849,1146,0,1259,926,934,1121,0
939,917,931,939,1202,1277,934,926,849,989,0,968,849,1149,0,1259,926,934,1121,0
943,917,931,943,847,476,1324,927,855,989,0,968,855,1149,0,0,927,1324,0,0
943,917,931,943,847,476,1324,927,855,989,0,968,855,1149,0,0,927,1324,0,0
943,917,931,943,1294,1150,959,1154,855,989,0,968,855,1149,0,450,1154,959,476,0
943,917,931,943,1294,1150,959,1154,855,989,0,968,855,1149,0,450,1154,959,476,0
944,925,956,944,1091,1285,1213,958,876,1015,0,972,876,1161,0,633,958,1213,0,0
944,925,956,944,1091,1285,1213,958,876,1015,0,972,876,1161,0,633,958,1213,0,0
944,925,956,944,959,908,997,1245,876,1015,0,972,876,1161,0,1195,1245,997,1265,0
944,925,956,944,959,908,997,1245,876,1015,0,972,876,1161,0,1195,1245,997,1265,0
962,925,956,962,761,1127,999,1155,881,1015,0,972,881,1161,0,0,1155,999,0,0
962,925,956,962,761,1127,999,1155,881,1015,0,972,881,1164,0,0,1155,999,0,0
962,953,989,962,670,1300,1029,1176,881,1032,0,984,881,1164,0,457,1176,1029,1154,0
962,953,989,962,670,1300,1029,1176,881,1032,0,984,881,1164,0,457,1176,1029,1154,0
963,953,989,963,1143,1036,1014,1221,887,1032,0,984,887,1164,0,1026,1221,1014,1303,0
963,953,989,963,1143,1036,1014,1221,887,1032,0,984,887,1164,0,1026,1221,1014,1303,0
963,953,989,963,663,1302,1017,1021,887,1032,0,984,887,1309,0,0,1021,1017,1305,0
963,953,989,963,663,1302,1017,1021,887,1032,0,984,887,1309,0,0,1021,1017,1305,0
967,960,995,967,1234,241,1022,1257,891,1038,241,991,891,241,0,0,1257,1022,1307,0
967,960,995,967,1234,241,1022,1257,891,1038,241,991,891,241,0,0,1257,1022,1307,0
967,960,995,967,999,241,1026,1180,891,1038,241,991,891,241,0,766,1180,1026,1316,0
967,960,995,967,999,241,1026,1180,891,1038,241,991,891,241,0,766,1180,1026,1316,0
968,960,995,968,450,241,1200,1031,900,1038,241,991,900,241,0,767,1031,1200,0,0
968,960,995,968,450,241,1200,1031,900,1038,241,991,900,241,0,767,1031,1200,0,0
968,976,1015,968,1312,241,1033,1036,900,1053,241,994,900,241,0,1133,1036,1033,0,0
968,976,1015,968,1312,241,1033,1036,900,1053,241,994,900,241,0,1133,1036,1033,0,0
972,976,1015,972,1256,241,1209,1044,906,1053,241,994,906,241,0,1200,1044,1209,0,0
972,976,1015,972,1256,241,1209,1044,906,1053,241,994,906,241,0,1200,1044,1209,0,0
972,976,1015,972,1319,241,1079,1076,906,1053,241,994,906,241,0,0,1076,1079,0,0
972,976,1015,972,1319,241,1079,1076,906,1053,241,994,906,241,0,0,1076,1079,0,0
984,980,1028,984,457,241,0,1078,917,1056,241,1039,917,241,0,591,1078,0,0,0
984,980,1028,984,457,241,0,1078,917,1056,241,1039,917,241,0,591,1078,0,0,0
984,980,1028,984,640,241,1092,1095,917,1056,241,1039,917,241,0,1033,1095,1092,0,0
984,980,1028,984,640,241,1092,1095,917,1056,241,1039,917,241,0,1033,1095,1092,0,0
991,980,1028,991,1068,1005,1259,1108,953,1056,782,1039,953,782,0,1175,1108,1259,996,0
991,980,1028,991,1068,1005,1259,1108,953,1056,782,1039,953,782,0,1175,1108,1259,996,0
991,986,1038,991,813,0,1296,1201,953,1066,782,1041,953,782,0,0,1201,1296,1155,0
991,986,1038,991,813,0,1296,1201,953,1066,782,1041,953,782,0,0,1201,1296,1155,0
994,986,1038,994,475,1303,1205,1215,956,1066,782,1041,956,782,0,1188,1215,1205,0,0
994,986,1038,994,475,1303,1205,1215,956,1066,782,1041,956,782,0,1188,1215,1205,0,0
994,986,1038,994,911,739,1246,1248,956,1066,782,1041,956,782,0,1205,1248,1246,202,0
994,986,1038,994,911,739,1246,1248,956,1066,782,1041,956,782,0,1205,1248,1246,202,0
1032,1009,1072,1032,1020,739,1250,1251,960,1072,782,1049,960,782,0,1209,1251,1250,354,0
1032,1009,1072,1032,1020,739,1250,1251,960,1072,782,1049,960,782,0,1209,1251,1250,354,0
1032,1009,1072,1032,825,739,1252,1260,960,1072,782,1049,960,782,0,1212,1260,1252,1166,0
1032,1009,1072,1032,825,739,1252,1260,960,1072,782,1049,960,782,0,1212,1260,1252,1166,0
1039,1009,1072,1039,830,739,1264,1265,976,1072,782,1049,976,782,0,1213,1265,1264,0,0
1039,1009,1072,1039,830,739,1264,1265,976,1072,782,1049,976,782,0,1213,1265,1264,0,0
1039,1023,1098,1039,1268,739,1269,1270,976,1087,782,1051,976,782,0,0,1270,1269,783,0
1039,1023,1098,1039,1268,739,1269,1270,976,1087,782,1051,976,782,0,0,1270,1269,783,0
1041,1023,1098,1041,1195,739,1271,1272,980,1087,0,1051,980,1125,0,426,1272,1271,786,0
1041,1023,1098,1041,1195,739,1271,1272,980,1087,0,1051,980,1125,0,426,1272,1271,786,0
1041,1023,1098,1041,844,739,1275,1277,980,1087,0,1051,980,1125,0,0,1277,1275,811,0
1041,1023,1098,1041,844,739,1275,1277,980,1087,0,1051,980,1125,0,0,1277,1275,811,0
1049,1065,1099,1049,1082,739,1283,1285,986,1094,0,1070,986,1125,0,1232,1285,1283,847,0
1049,1065,1099,1049,1082,739,1283,1285,986,1094,0,1070,986,1125,0,1232,1285,1283,847,0
1049,1065,1099,1049,934,0,1287,1300,986,1094,0,1070,986,1125,0,0,1300,1287,856,0
1049,1065,1099,1049,934,0,1287,1300,986,1094,0,1070,986,1125,0,0,1300,1287,856,0
1051,1065,1099,1051,1324,782,1301,1302,995,1094,0,1070,995,1146,0,249,1302,1301,1172,0
1051,1065,1099,1051,1324,782,1301,1302,995,1094,0,1070,995,1146,0,249,1302,1301,1172,0
1051,1067,1106,1051,1029,782,0,1303,995,1100,0,1080,995,1146,0,1234,1303,0,1245,0
1051,1067,1106,1051,1029,782,0,1303,995,1100,0,1080,995,1146,0,1234,1303,0,1245,0
1053,1067,1106,1053,1014,782,0,0,1009,1100,0,1080,1009,1146,0,0,0,0,0,0
1053,1067,1106,1053,1014,782,0,0,1009,1100,0,1080,1009,1146,0,0,0,0,0,0
1053,1067,1106,1053,1017,782,0,0,1009,1100,0,1080,1009,1146,0,638,0,0,1104,0
1053,1067,1106,1053,1017,782,0,0,1009,1100,0,1080,1009,1146,0,638,0,0,1104,0
1056,1071,1112,1056,1022,782,0,0,1023,1103,0,1123,1023,1149,0,640,0,0,1223,0
1056,1071,1112,1056,1022,782,0,0,1023,1103,0,1123,1023,1149,0,640,0,0,1223,0
1056,1071,1112,1056,1026,782,0,0,1023,1103,0,1123,1023,1149,0,645,0,0,1248,0
1056,1071,1112,1056,1026,782,0,0,1023,1103,0,1123,1023,1149,0,645,0,0,1248,0
1066,1071,1112,1066,1200,782,0,0,1028,1103,0,1123,1028,1149,0,0,0,0,0,0
1066,1071,1112,1066,1200,782,0,0,1028,1103,0,1123,1028,1149,0,0,0,0,0,0
1066,1088,1113,1066,1033,782,0,0,1028,1113,0,1126,1028,1149,0,778,0,0,630,0
1066,1088,1113,1066,1033,782,0,0,1028,1113,0,1126,1028,1149,0,778,0,0,630,0
1070,1088,1113,1070,1209,948,0,0,1065,1113,0,1126,1065,1161,0,0,0,0,0,0
1070,1088,1113,1070,1209,948,0,0,1065,1113,0,1126,1065,1161,0,0,0,0,0,0
1070,1088,1113,1070,1079,1008,0,0,1065,1113,0,1126,1065,1161,0,0,0,0,0,0
1070,1088,1113,1070,1079,1008,0,0,1065,1115,0,1126,1065,1161,0,0,0,0,0,0
1080,1090,1115,1080,0,1044,0,0,1067,1115,0,1132,1067,1161,0,1130,0,0,0,0
1080,1090,1115,1080,0,1044,0,0,1067,1115,0,1132,1067,1161,0,1130,0,0,0,0
1080,1090,1115,1080,1092,0,0,0,1067,1115,0,1132,1067,1161,0,1244,0,0,878,0
1080,1090,1115,1080,1092,0,0,0,1067,1115,0,1132,1067,1161,0,1244,0,0,878,0
1087,1090,1115,1087,1259,489,0,0,1071,1120,0,1132,1071,1164,0,0,0,0,1127,0
1087,1090,1115,1087,1259,489,0,0,1071,1120,0,1132,1071,1164,0,0,0,0,1127,0
1087,1118,1120,1087,1296,489,0,0,1071,1120,0,1134,1071,1164,0,739,0,0,1136,0
1087,1118,1120,1087,1296,489,0,0,1071,1120,0,1134,1071,1164,0,739,0,0,1136,0
1094,1118,1120,1094,1205,489,0,0,1088,1120,0,1134,1088,1164,0,739,0,0,1176,0
1094,1118,1120,1094,1205,489,0,0,1088,1125,0,1134,1088,1164,0,739,0,0,1176,0
1094,1118,1120,1094,1246,489,0,0,1088,1125,0,1134,1088,1164,0,739,0,0,1230,0
1094,1118,1120,1094,1246,489,0,0,1088,1125,0,1134,1088,1164,0,739,0,0,1230,0
1100,1122,1125,1100,1250,489,0,0,1090,1125,0,1151,1090,1171,0,739,0,0,0,0
1100,1122,1125,1100,1250,489,0,0,1090,1125,0,1151,1090,1171,0,739,0,0,0,0
1100,1122,1125,1100,1252,489,0,0,1090,1138,0,1151,1090,1171,0,739,0,0,0,0
1100,1122,1125,1100,1252,489,0,0,1090,1138,0,1151,1090,1171,0,739,0,0,0,0
1103,1122,1125,1103,1264,489,0,0,1098,1138,0,1151,1098,1171,0,739,0,0,879,0
1103,1122,1125,1103,1264,489,0,0,1098,1138,0,1151,1098,1171,0,739,0,0,879,0
1103,1128,1145,1103,1269,489,0,0,1098,1138,0,1160,1098,1171,0,739,0,0,0,0
1103,1128,1145,1103,1269,489,0,0,1098,1146,0,1160,1098,1171,0,739,0,0,0,0
1123,1128,1145,1123,1271,0,0,0,1099,1146,0,1160,1099,0,0,739,0,0,936,0
1123,1128,1145,1123,1271,0,0,0,1099,1146,0,1160,1099,0,0,739,0,0,936,0
1123,1128,1145,1123,1275,0,0,0,1099,1146,0,1160,1099,0,0,1060,0,0,0,0
1123,1128,1145,1123,1275,0,0,0,1099,1146,0,1160,1099,0,0,1060,0,0,0,0
1126,1129,1146,1126,1283,0,0,0,1106,1149,0,1170,1106,0,0,1246,0,0,1180,0
1126,1129,1146,1126,1283,0,0,0,1106,1149,0,1170,1106,0,0,1246,0,0,1180,0
1126,1129,1146,1126,1287,0,0,0,1106,1149,0,1170,1106,0,0,1281,0,0,0,0
1126,1129,1146,1126,1287,0,0,0,1106,1149,0,1170,1106,0,0,1281,0,0,0,0
1132,1129,1146,1132,1301,0,0,0,1112,1149,0,1170,1112,0,0,0,0,0,670,0
1132,1129,1146,1132,1301,0,0,0,1112,1161,0,1170,1112,0,0,0,0,0,670,0
1132,1137,1149,1132,0,0,0,0,1112,1161,0,1173,1112,0,0,489,0,0,719,0
1132,1137,1149,1132,0,0,0,0,1112,1161,0,1173,1112,0,0,489,0,0,719,0
1134,1137,1149,1134,0,0,0,0,1118,1161,0,1173,1118,0,0,489,0,0,1153,0
1134,1137,1149,1134,0,0,0,0,1118,1161,0,1173,1118,0,0,489,0,0,1153,0
1134,1137,1149,1134,0,0,0,0,1118,1164,0,1173,1118,0,0,489,0,0,0,0
1134,1137,1149,1134,0,0,0,0,1118,1164,0,1173,1118,0,0,489,0,0,0,0
1138,1139,1161,1138,0,0,0,0,1122,1164,0,1177,1122,0,0,489,0,0,0,0
1138,1139,1161,1138,0,0,0,0,1122,1164,0,1177,1122,0,0,489,0,0,0,0
1138,1139,1161,1138,0,0,0,0,1122,1164,0,1177,1122,0,0,489,0,0,489,0
1138,1139,1161,1138,0,0,0,0,1122,1171,0,1177,1122,0,0,489,0,0,489,0
1151,1139,1161,1151,0,0,0,0,1128,1171,0,1177,1128,0,0,489,0,0,489,0
1151,1139,1161,1151,0,0,0,0,1128,1171,0,1177,1128,0,0,489,0,0,489,0
1151,1140,1164,1151,0,0,0,0,1128,1171,0,1178,1128,0,0,489,0,0,489,0
1151,1140,1164,1151,0,0,0,0,1128,1171,0,1178,1128,0,0,489,0,0,489,0
1160,1140,1164,1160,0,0,0,0,1129,1181,0,1178,1129,0,0,489,0,0,489,0
1160,1140,1164,1160,0,0,0,0,1129,1181,0,1178,1129,0,0,489,0,0,489,0
1160,1140,1164,1160,0,0,0,0,1129,1181,0,1178,1129,0,0,0,0,0,489,0
1160,1140,1164,1160,0,0,0,0,1129,1181,0,1178,1129,0,0,0,0,0,489,0
1170,1141,1171,1170,0,0,0,0,1137,1181,0,1185,1137,0,0,929,0,0,489,0
1170,1141,1171,1170,0,0,0,0,1137,1184,0,1185,1137,0,0,929,0,0,489,0
1170,1141,1171,1170,0,0,0,0,1137,1184,0,1185,1137,0,0,0,0,0,489,0
1170,1141,1171,1170,0,0,0,0,1137,1184,0,1185,1137,0,0,0,0,0,489,0
1173,1141,1171,1173,0,0,0,0,1139,1184,0,1185,1139,0,0,933,0,0,489,0
1173,1141,1171,1173,0,0,0,0,1139,1184,0,1185,1139,0,0,933,0,0,489,0
1173,1142,1184,1173,0,0,0,0,1139,1187,0,1190,1139,0,0,933,0,0,1201,0
1173,1142,1184,1173,0,0,0,0,1139,1187,0,1190,1139,0,0,933,0,0,1201,0
1177,1142,1184,1177,0,0,0,0,1140,1187,0,1190,1140,0,0,933,0,0,0,0
1177,1142,1184,1177,0,0,0,0,1140,1187,0,1190,1140,0,0,933,0,0,0,0
1177,1142,1184,1177,0,0,0,0,1140,1187,0,1190,1140,0,0,933,0,0,782,0
1177,1159,1187,1177,0,0,0,0,1140,1193,0,1190,1140,0,0,933,0,0,782,0
1178,1159,1187,1178,0,0,0,0,1141,1193,0,1191,1141,0,0,933,0,0,782,0
1178,1159,1187,1178,0,0,0,0,1141,1193,0,1191,1141,0,0,933,0,0,782,0
1178,1159,1187,1178,0,0,0,0,1141,1193,0,1191,1141,0,0,933,0,0,782,0
1178,1159,1187,1178,0,0,0,0,1141,1193,0,1191,1141,0,0,933,0,0,782,0
1181,1163,1193,1181,0,0,0,0,1142,1198,0,1191,1142,0,0,933,0,0,782,0
1181,1163,1193,1181,0,0,0,0,1142,1198,0,1191,1142,0,0,933,0,0,782,0
1181,1163,1193,1181,0,0,0,0,1142,1198,0,1194,1142,0,0,933,0,0,782,0
1181,1163,1193,1181,0,0,0,0,1142,1198,0,1194,1142,0,0,933,0,0,782,0
1185,1163,1193,1185,0,0,0,0,1145,1198,0,1194,1145,1171,0,0,0,0,782,0
1185,1167,1198,1185,0,0,0,0,1145,1207,0,1194,1145,1171,0,0,0,0,782,0
1185,1167,1198,1185,0,0,0,0,1145,1207,0,1194,1145,1171,0,868,0,0,782,0
1185,1167,1198,1185,0,0,0,0,1145,1207,0,1194,1145,1171,0,868,0,0,782,0
1190,1167,1198,1190,0,0,0,0,1159,1207,0,1208,1159,1171,0,1250,0,0,782,0
1190,1167,1198,1190,0,0,0,0,1159,1207,0,1208,1159,1184,0,1250,0,0,782,0
1190,1182,1207,1190,0,0,0,0,1159,1211,0,1208,1159,1184,0,0,0,0,940,0
1190,1182,1207,1190,0,0,0,0,1159,1211,0,1208,1159,1184,0,0,0,0,940,0
1191,1182,1207,1191,0,0,0,0,1163,1211,0,1208,1163,1184,0,888,0,0,1031,0
1191,1182,1207,1191,0,0,0,0,1163,1211,0,1208,1163,1184,0,888,0,0,1031,0
1191,1182,1207,1191,0,0,0,0,1163,1211,0,1210,1163,1187,0,0,0,0,1202,0
1191,1192,1211,1191,0,0,0,0,1163,1214,0,1210,1163,1187,0,0,0,0,1202,0
1194,1192,1211,1194,0,0,0,0,1167,1214,0,1210,1167,1187,0,894,0,0,0,0
1194,1192,1211,1194,0,0,0,0,1167,1214,0,1210,1167,1187,0,894,0,0,0,0
1194,1192,1211,1194,0,0,0,0,1167,1214,0,1210,1167,1187,0,0,0,0,663,0
1194,1192,1211,1194,0,0,0,0,1167,1214,0,1210,1167,1193,0,0,0,0,663,0
1208,1196,1214,1208,0,0,0,0,1182,1217,0,1218,1182,1193,0,911,0,0,1036,0
1208,1196,1214,1208,0,0,0,0,1182,1217,0,1218,1182,1193,0,911,0,0,1036,0
1208,1196,1214,1208,0,0,0,0,1182,1217,0,1218,1182,1193,0,934,0,0,1215,0
1208,1196,1214,1208,0,0,0,0,1182,1217,0,1218,1182,1193,0,934,0,0,1215,0
1210,1196,1214,1210,0,0,0,0,1192,1217,0,1218,1192,1198,0,1252,0,0,0,0
1210,1216,1217,1210,0,0,0,0,1192,1227,0,1218,1192,1198,0,1252,0,0,0,0
1210,1216,1217,1210,0,0,0,0,1192,1227,0,1220,1192,1198,0,0,0,0,275,0
1210,1216,1217,1210,0,0,0,0,1192,1227,0,1220,1192,1198,0,0,0,0,275,0
1218,1216,1217,1218,0,0,0,0,1196,1227,0,1220,1196,1198,0,959,0,0,1251,0
1218,1216,1217,1218,0,0,0,0,1196,1227,0,1220,1196,1207,0,959,0,0,1251,0
1218,1219,1227,1218,0,0,0,0,1196,1236,0,1220,1196,1207,0,1025,0,0,0,0
1218,1219,1227,1218,0,0,0,0,1196,1236,0,1220,1196,1207,0,1025,0,0,0,0
1220,1219,1227,1220,0,0,0,0,1216,1236,0,1238,1216,1207,0,0,0,0,568,0
1220,1219,1227,1220,0,0,0,0,1216,1236,0,1238,1216,1207,0,0,0,0,568,0
1220,1219,1227,1220,0,0,0,0,1216,1236,0,1238,1216,1211,0,1264,0,0,0,0
1220,1222,1236,1220,0,0,0,0,1216,1242,0,1238,1216,1211,0,1264,0,0,0,0
1238,1222,1236,1238,0,0,0,0,1219,1242,0,1238,1219,1211,0,0,0,0,1005,0
1238,1222,1236,1238,0,0,0,0,1219,1242,0,1238,1219,1211,0,0,0,0,1005,0
1238,1222,1236,1238,0,0,0,0,1219,1242,0,1239,1219,1211,0,787,0,0,0,0
1238,1222,1236,1238,0,0,0,0,1219,1242,0,1239,1219,1214,0,787,0,0,0,0
1239,1225,1253,1239,0,0,0,0,1222,1254,0,1239,1222,1214,0,0,0,0,1231,0
1239,1225,1253,1239,0,0,0,0,1222,1254,0,1239,1222,1214,0,0,0,0,1231,0
1239,1225,1253,1239,0,0,0,0,1222,1254,0,1239,1222,1214,0,798,0,0,1233,0
1239,1225,1253,1239,0,0,0,0,1222,1254,0,1239,1222,1214,0,798,0,0,1233,0
1242,1225,1253,1242,0,0,0,0,1225,1254,0,1255,1225,1217,0,0,0,0,1257,0
1242,1229,1266,1242,0,0,0,0,1225,1284,0,1255,1225,1217,0,0,0,0,1257,0
1242,1229,1266,1242,0,0,0,0,1225,1284,0,1255,1225,1217,0,806,0,0,0,0
1242,1229,1266,1242,0,0,0,0,1225,1284,0,1255,1225,1217,0,806,0,0,0,0
1254,1229,1266,1254,0,0,0,0,1229,1284,0,1255,1229,1217,0,0,0,0,644,0
1254,1229,1266,1254,0,0,0,0,1229,1284,0,1255,1229,1227,0,0,0,0,644,0
1254,1278,1273,1254,0,0,0,0,1229,1290,0,1258,1229,1227,0,813,0,0,0,0
1254,1278,1273,1254,0,0,0,0,1229,1290,0,1258,1229,1227,0,813,0,0,0,0
1255,1278,1273,1255,0,0,0,0,1253,1290,0,1258,1253,1227,0,818,0,0,675,0
1255,1278,1273,1255,0,0,0,0,1253,1290,0,1258,1253,1227,0,818,0,0,675,0
1255,1278,1273,1255,0,0,0,0,1253,1290,0,1258,1253,1236,0,1268,0,0,1044,0
1255,1286,1274,1255,0,0,0,0,1253,1297,0,1276,1253,1236,0,1268,0,0,1044,0
1258,1286,1274,1258,0,0,0,0,1266,1297,0,1276,1266,1236,0,0,0,0,1111,0
1258,1286,1274,1258,0,0,0,0,1266,1297,0,1276,1266,1236,0,0,0,0,1111,0
1258,1286,1274,1258,0,0,0,0,1266,1297,0,1276,1266,1236,0,825,0,0,1235,0
1258,1286,1274,1258,0,0,0,0,1266,1297,0,1276,1266,1290,0,825,0,0,1235,0
1276,1289,1280,1276,0,0,0,0,1273,1298,0,1279,1273,1290,0,830,0,0,1260,0
1276,1289,1280,1276,0,0,0,0,1273,1298,0,1279,1273,1290,0,830,0,0,1260,0
1276,1289,1280,1276,0,0,0,0,1273,1298,0,1279,1273,1290,0,1269,0,0,0,0
1276,1289,1280,1276,0,0,0,0,1273,1298,0,1279,1273,1290,0,1269,0,0,0,0
1279,1289,1280,1279,0,0,0,0,1274,1298,0,1279,1274,1298,0,0,0,0,1169,0
1279,1295,1290,1279,0,0,0,0,1274,1306,0,1282,1274,1298,0,0,0,0,1169,0
1279,1295,1290,1279,0,0,0,0,1274,1306,0,1282,1274,1298,0,1079,0,0,1270,0
1279,1295,1290,1279,0,0,0,0,1274,1306,0,1282,1274,1298,0,1079,0,0,1270,0
1282,1295,1290,1282,0,0,0,0,1278,1306,0,1282,1278,1298,0,1271,0,0,0,0
1282,1295,1290,1282,0,0,0,0,1278,1306,0,1282,1278,1306,0,1271,0,0,0,0
1282,1308,1298,1282,0,0,0,0,1278,1308,0,1292,1278,1306,0,0,0,0,241,0
1282,1308,1298,1282,0,0,0,0,1278,1308,0,1292,1278,1306,0,0,0,0,241,0
1284,1308,1298,1284,0,0,0,0,1280,1308,0,1292,1280,1306,0,782,0,0,241,0
1284,1308,1298,1284,0,0,0,0,1280,1308,0,1292,1280,1306,0,782,0,0,241,0
1284,1308,1298,1284,0,0,0,0,1280,1308,0,1292,1280,1308,0,782,0,0,241,0
1284,1309,1306,1284,0,0,0,0,1280,1309,0,1293,1280,1308,0,782,0,0,241,0
1292,1309,1306,1292,0,0,0,0,1286,1309,0,1293,1286,1308,0,782,0,0,241,0
1292,1309,1306,1292,0,0,0,0,1286,1309,0,1293,1286,1308,0,782,0,0,241,0
1292,1309,1306,1292,0,0,0,0,1286,1309,0,1293,1286,1308,0,782,0,0,241,0
1292,1309,1306,1292,0,0,0,0,1286,1309,0,1293,1286,1309,0,782,0,0,241,0
1293,1311,1310,1293,0,0,0,0,1289,1310,0,1299,1289,1309,0,782,0,0,241,0
1293,1311,1310,1293,0,0,0,0,1289,1310,0,1299,1289,1309,0,782,0,0,241,0
1293,1311,1310,1293,0,0,0,0,1289,1310,0,1299,1289,1309,0,782,0,0,241,0
1293,1311,1310,1293,0,0,0,0,1289,1310,0,1299,1289,1309,0,782,0,0,241,0
1297,1311,1310,1297,0,0,0,0,1295,1310,0,1299,1295,1310,0,782,0,0,241,0
1297,1313,1314,1297,0,0,0,0,1295,1311,0,1315,1295,1310,0,782,0,0,241,0
1297,1313,1314,1297,0,0,0,0,1295,1311,0,1315,1295,1310,0,782,0,0,0,0
1297,1313,1314,1297,0,0,0,0,1295,1311,0,1315,1295,1310,0,782,0,0,0,0
1299,1313,1314,1299,0,0,0,0,1313,1311,0,1315,1313,1310,0,0,0,0,0,0
1299,1313,1314,1299,0,0,0,0,1313,1311,0,1315,1313,1311,0,0,0,0,0,0
1299,1320,1318,1299,0,0,0,0,1313,1314,0,1317,1313,1311,0,0,0,0,0,0
1315,1320,1318,1315,0,0,0,0,1320,1314,0,1317,1320,1311,0,0,0,0,0,0
1315,1320,1318,1315,0,0,0,0,1320,1314,0,1317,1320,1311,0,0,0,0,0,0
1315,1320,1318,1315,0,0,0,0,1320,1314,0,1317,1320,1311,0,0,0,0,0,0
1317,1320,1318,1317,0,0,0,0,1322,1314,0,1317,1322,1314,0,0,0,0,0,0
1317,1323,1322,1317,0,0,0,0,1322,1318,0,1321,1322,1314,0,0,0,0,0,0
1317,1323,1322,1317,0,0,0,0,1322,1318,0,1321,1322,1314,0,0,0,0,0,0
1321,1323,1322,1321,0,0,0,0,1323,1318,0,1321,1323,1314,0,0,0,0,0,0
1321,1323,1322,1321,0,0,0,0,1323,1318,0,1321,1323,1314,0,0,0,0,0,0
1321,1323,1322,1321,0,0,0,0,1323,1318,0,1321,1323,0,0,0,0,0,0,0