141,191,156,51,82,156,51,82,98,156,51,82,141,98,0,0,0,0,0,0
141,191,156,51,82,156,51,82,98,156,51,82,141,98,0,0,0,0,0,0
216,331,177,95,98,198,95,140,141,198,95,140,206,191,0,0,0,0,0,0
216,331,177,95,98,198,95,140,141,198,95,140,206,191,0,0,0,0,0,0
222,354,198,123,140,204,123,160,206,204,123,160,238,259,0,0,0,0,0,0
222,354,198,123,140,204,123,160,206,204,123,160,238,259,0,0,0,0,0,0
281,357,204,178,160,259,177,216,238,290,177,216,311,287,0,0,0,0,0,0
281,357,204,178,160,259,177,216,238,290,177,216,311,287,0,0,0,0,0,0
304,374,259,202,191,290,178,222,311,331,178,222,348,331,0,0,0,0,0,0
304,374,259,202,191,290,178,222,311,331,178,222,348,331,0,0,0,0,0,0
311,383,287,299,206,339,202,228,348,339,202,228,354,357,0,0,0,0,0,0
311,383,287,299,206,339,202,228,348,339,202,228,354,357,0,0,0,0,0,0
348,406,290,328,228,351,287,304,354,351,299,281,374,363,0,0,0,0,0,0
348,406,290,328,228,351,287,304,354,351,299,281,374,363,0,0,0,0,0,0
363,459,339,333,238,375,299,377,363,357,328,304,421,375,0,0,0,0,0,0
363,459,339,333,238,375,299,377,363,357,328,304,421,375,0,0,0,0,0,0
393,470,351,341,281,448,328,393,374,383,333,377,427,383,0,0,0,0,0,0
393,470,351,341,281,448,328,393,374,383,333,377,427,383,0,0,0,0,0,0
412,488,375,372,377,451,333,412,421,448,341,393,459,406,0,0,0,0,0,0
412,488,375,372,377,451,333,412,421,448,341,393,459,406,0,0,0,0,0,0
421,568,418,379,406,456,341,432,427,451,372,412,463,470,0,0,0,0,0,0
421,568,418,379,406,456,341,432,427,451,372,412,463,470,0,0,0,0,0,0
442,570,448,415,432,486,372,435,459,456,379,432,482,485,0,0,0,0,0,0
442,570,448,415,432,486,372,435,459,456,379,432,482,485,0,0,0,0,0,0
473,599,451,427,435,497,379,442,463,470,415,435,486,499,0,0,0,0,0,0
473,599,451,427,435,497,379,442,463,470,415,435,486,499,0,0,0,0,0,0
482,614,456,441,453,504,415,453,482,530,418,442,497,504,0,0,0,0,0,0
482,614,456,441,453,504,415,453,482,530,418,442,497,504,0,0,0,0,0,0
513,620,504,463,468,530,418,468,486,533,441,453,513,533,0,0,0,0,0,0
513,620,504,463,468,530,418,468,486,533,441,453,513,533,0,0,0,0,0,0
533,631,530,484,472,535,441,472,497,535,492,468,556,543,0,0,0,0,0,0
533,631,530,484,472,535,441,472,497,535,492,468,556,543,0,0,0,0,0,0
543,645,535,492,478,582,492,473,513,582,558,472,588,570,0,0,0,0,0,0
543,645,535,492,478,582,492,473,513,582,558,472,588,570,0,0,0,0,0,0
552,646,582,499,485,596,499,478,543,596,590,473,599,585,0,0,0,0,0,0
552,646,582,499,485,596,499,478,543,596,590,473,599,585,0,0,0,0,0,0
556,653,596,558,487,602,558,484,556,606,592,478,609,602,0,0,0,0,0,0
556,653,596,558,487,602,558,484,556,606,592,478,609,602,0,0,0,0,0,0
585,661,602,585,488,606,590,485,588,633,605,484,624,606,0,0,0,0,0,0
585,661,602,585,488,606,590,485,588,633,605,484,624,606,0,0,0,0,0,0
590,678,623,588,500,624,592,487,599,646,614,487,638,616,0,0,0,0,0,0
590,678,623,588,500,624,592,487,599,646,614,487,638,616,0,0,0,0,0,0
643,700,633,592,570,633,605,500,609,659,619,488,643,623,0,0,0,0,0,0
643,700,633,592,570,633,605,500,609,659,619,488,643,623,0,0,0,0,0,0
651,706,638,605,609,638,616,552,623,660,626,500,653,645,0,0,0,0,0,0
651,706,638,605,609,638,616,552,623,660,626,500,653,645,0,0,0,0,0,0
659,715,649,616,614,646,619,568,624,698,631,552,656,649,0,0,0,0,0,0
659,715,649,616,614,646,619,568,624,698,631,552,656,649,0,0,0,0,0,0
669,719,660,619,620,649,626,621,643,737,650,568,676,659,0,0,0,0,0,0
669,719,660,619,620,649,626,621,643,737,650,568,676,659,0,0,0,0,0,0
697,726,690,626,621,660,650,651,653,754,694,620,704,688,0,0,0,0,0,0
697,726,690,626,621,660,650,651,653,754,694,620,704,688,0,0,0,0,0,0
699,728,698,650,631,676,690,669,656,758,699,621,714,690,0,0,0,0,0,0
699,728,698,650,631,676,690,669,656,758,699,621,714,690,0,0,0,0,0,0
709,746,720,694,645,688,694,700,661,762,706,651,719,695,0,0,0,0,0,0
709,746,720,694,645,688,694,700,661,762,706,651,719,695,0,0,0,0,0,0
714,753,729,695,656,698,695,703,676,764,708,669,728,702,0,0,0,0,0,0
714,753,729,695,656,698,695,703,676,764,708,669,728,702,0,0,0,0,0,0
738,776,737,697,661,704,699,709,678,775,715,697,738,720,0,0,0,0,0,0
738,776,737,697,661,704,699,709,678,775,715,697,738,720,0,0,0,0,0,0
744,777,754,702,678,720,702,710,688,778,721,700,744,746,0,0,0,0,0,0
744,777,754,702,678,720,702,710,688,778,721,700,744,746,0,0,0,0,0,0
749,778,762,708,703,737,708,718,704,780,729,703,753,754,0,0,0,0,0,0
749,778,762,708,703,737,708,718,704,780,729,703,753,754,0,0,0,0,0,0
766,780,764,710,706,758,715,749,719,782,730,709,756,758,0,0,0,0,0,0
766,780,764,710,706,758,715,749,719,782,730,709,756,758,0,0,0,0,0,0
775,791,769,721,714,762,721,766,726,791,743,710,773,775,0,0,0,0,0,0
775,791,769,721,714,762,721,766,726,791,743,710,773,775,0,0,0,0,0,0
783,805,782,730,718,764,729,769,738,798,752,718,781,777,0,0,0,0,0,0
783,805,782,730,718,764,729,769,738,798,752,718,781,777,0,0,0,0,0,0
799,810,807,743,726,773,730,774,744,805,763,749,785,791,0,0,0,0,0,0
799,810,807,743,726,773,730,774,744,805,763,749,785,791,0,0,0,0,0,0
809,817,824,752,728,781,743,783,753,848,765,766,795,798,0,0,0,0,0,0
809,817,824,752,728,781,743,783,753,848,765,766,795,798,0,0,0,0,0,0
816,821,849,763,746,782,752,792,756,849,776,769,799,805,0,0,0,0,0,0
816,821,849,763,746,782,752,792,756,849,776,769,799,805,0,0,0,0,0,0
820,836,860,765,756,785,763,802,773,866,817,774,810,807,0,0,0,0,0,0
820,836,860,765,756,785,763,802,773,866,817,774,810,807,0,0,0,0,0,0
835,848,887,802,774,795,765,803,777,871,833,783,816,821,0,0,0,0,0,0
835,848,887,802,774,795,765,803,777,871,833,783,816,821,0,0,0,0,0,0
840,855,892,833,776,807,798,809,781,887,844,792,824,836,0,0,0,0,0,0
840,855,892,833,776,807,798,809,781,887,844,792,824,836,0,0,0,0,0,0
846,858,898,844,778,824,833,811,785,892,857,802,835,848,0,0,0,0,0,0
846,858,898,844,778,824,833,811,785,892,857,802,835,848,0,0,0,0,0,0
852,861,912,850,780,849,844,814,795,898,893,803,846,852,0,0,0,0,0,0
852,861,912,850,780,849,844,814,795,898,893,803,846,852,0,0,0,0,0,0
857,865,919,852,792,860,857,820,799,908,905,809,847,862,0,0,0,0,0,0
857,865,919,852,792,860,857,820,799,908,905,809,847,862,0,0,0,0,0,0
863,866,934,862,803,887,862,834,816,912,906,811,860,866,0,0,0,0,0,0
863,866,934,862,803,887,862,834,816,912,906,811,860,866,0,0,0,0,0,0
881,870,937,893,810,892,871,840,821,919,920,814,865,871,0,0,0,0,0,0
881,870,937,893,810,892,871,840,821,919,920,814,865,871,0,0,0,0,0,0
902,900,944,905,811,898,893,847,835,923,928,820,870,900,0,0,0,0,0,0
902,900,944,905,811,898,893,847,835,923,928,820,870,900,0,0,0,0,0,0
909,901,963,906,814,912,905,850,846,925,934,834,878,901,0,0,0,0,0,0
909,901,963,906,814,912,905,850,846,925,934,834,878,901,0,0,0,0,0,0
923,908,964,913,817,934,906,858,855,937,941,840,881,908,0,0,0,0,0,0
923,908,964,913,817,934,906,858,855,937,941,840,881,908,0,0,0,0,0,0
925,914,982,920,834,943,920,863,865,943,951,850,902,914,0,0,0,0,0,0
925,914,982,920,834,943,920,863,865,943,951,850,902,914,0,0,0,0,0,0
928,924,997,930,836,944,928,864,881,944,963,858,909,919,0,0,0,0,0,0
928,924,997,930,836,944,928,864,881,944,963,858,909,919,0,0,0,0,0,0
946,929,1002,935,847,949,935,878,902,949,964,861,930,923,0,0,0,0,0,0
946,929,1002,935,847,949,935,878,902,949,964,861,930,923,0,0,0,0,0,0
954,931,1008,941,855,963,941,894,909,968,970,863,931,925,0,0,0,0,0,0
954,931,1008,941,855,963,941,894,909,968,970,863,931,925,0,0,0,0,0,0
955,949,1015,946,861,982,951,901,924,993,972,864,955,935,0,0,0,0,0,0
955,949,1015,946,861,982,951,901,924,993,972,864,955,935,0,0,0,0,0,0
956,968,1020,951,864,997,964,913,930,999,983,894,957,937,0,0,0,0,0,0
956,968,1020,951,864,997,964,913,930,999,983,894,957,937,0,0,0,0,0,0
957,970,1031,956,870,1002,970,921,955,1002,987,913,967,943,0,0,0,0,0,0
957,970,1031,956,870,1002,970,921,955,1002,987,913,967,943,0,0,0,0,0,0
967,971,1044,972,878,1008,972,929,957,1012,989,921,971,968,0,0,0,0,0,0
967,971,1044,972,878,1008,972,929,957,1012,989,921,971,968,0,0,0,0,0,0
975,980,1047,983,894,1015,983,931,967,1015,1004,929,975,982,0,0,0,0,0,0
975,980,1047,983,894,1015,983,931,967,1015,1004,929,975,982,0,0,0,0,0,0
979,993,1051,987,900,1020,987,936,971,1020,1016,936,980,993,0,0,0,0,0,0
979,993,1051,987,900,1020,987,936,971,1020,1016,936,980,993,0,0,0,0,0,0
981,1005,1058,989,914,1031,989,946,975,1030,1026,954,985,997,0,0,0,0,0,0
981,1005,1058,989,914,1031,989,946,975,1030,1026,954,985,997,0,0,0,0,0,0
985,1007,1068,1004,921,1044,999,954,980,1031,1034,959,988,999,0,0,0,0,0,0
985,1007,1068,1004,921,1044,999,954,980,1031,1034,959,988,999,0,0,0,0,0,0
988,1012,1071,1016,924,1047,1004,956,985,1039,1041,966,992,1005,0,0,0,0,0,0
988,1012,1071,1016,924,1047,1004,956,985,1039,1041,966,992,1005,0,0,0,0,0,0
992,1019,1083,1026,936,1051,1016,959,988,1051,1045,979,1000,1008,0,0,0,0,0,0
992,1019,1083,1026,936,1051,1016,959,988,1051,1045,979,1000,1008,0,0,0,0,0,0
1000,1023,1085,1034,959,1058,1026,966,992,1058,1047,981,1007,1012,0,0,0,0,0,0
1000,1023,1085,1034,959,1058,1026,966,992,1058,1047,981,1007,1012,0,0,0,0,0,0
1040,1030,1098,1041,966,1068,1034,979,1000,1060,1054,991,1023,1019,0,0,0,0,0,0
1040,1030,1098,1041,966,1068,1034,979,1000,1060,1054,991,1023,1019,0,0,0,0,0,0
1046,1050,1107,1045,991,1083,1039,981,1007,1062,1063,1010,1040,1030,0,0,0,0,0,0
1046,1050,1107,1045,991,1083,1039,981,1007,1062,1063,1010,1040,1030,0,0,0,0,0,0
1054,1060,1114,1063,1005,1085,1041,991,1023,1075,1069,1028,1046,1039,0,0,0,0,0,0
1054,1060,1114,1063,1005,1085,1041,991,1023,1075,1069,1028,1046,1039,0,0,0,0,0,0
1057,1080,1116,1069,1010,1098,1045,1010,1040,1078,1094,1035,1057,1044,0,0,0,0,0,0
1057,1080,1116,1069,1010,1098,1045,1010,1040,1078,1094,1035,1057,1044,0,0,0,0,0,0
1062,1082,1119,1094,1019,1107,1054,1028,1046,1083,1109,1037,1087,1050,0,0,0,0,0,0
1062,1082,1119,1094,1019,1107,1054,1028,1046,1083,1109,1037,1087,1050,0,0,0,0,0,0
1075,1087,1123,1108,1028,1114,1063,1035,1057,1085,1130,1048,1098,1060,0,0,0,0,0,0
1075,1087,1123,1108,1028,1114,1063,1035,1057,1085,1130,1048,1098,1060,0,0,0,0,0,0
1078,1093,1126,1109,1035,1119,1069,1037,1087,1107,1147,1056,1105,1062,0,0,0,0,0,0
1078,1093,1126,1109,1035,1119,1069,1037,1087,1107,1147,1056,1105,1062,0,0,0,0,0,0
1105,1111,1127,1130,1037,1120,1071,1048,1093,1114,1154,1064,1112,1068,0,0,0,0,0,0
1105,1111,1127,1130,1037,1120,1071,1048,1093,1114,1154,1064,1112,1068,0,0,0,0,0,0
1108,1113,1135,1147,1048,1123,1094,1056,1105,1119,1160,1080,1118,1071,0,0,0,0,0,0
1108,1113,1135,1147,1048,1123,1094,1056,1105,1119,1160,1080,1118,1071,0,0,0,0,0,0
1112,1118,1154,1148,1050,1126,1109,1064,1108,1120,1169,1100,1129,1075,0,0,0,0,0,0
1112,1118,1154,1148,1050,1126,1109,1064,1108,1120,1169,1100,1129,1075,0,0,0,0,0,0
1129,1121,1166,1160,1056,1135,1130,1080,1112,1123,1181,1104,1148,1078,0,0,0,0,0,0
1129,1121,1166,1160,1056,1135,1130,1080,1112,1123,1181,1104,1148,1078,0,0,0,0,0,0
1152,1125,1167,1169,1064,1154,1147,1100,1118,1125,1185,1116,1152,1082,0,0,0,0,0,0
1152,1125,1167,1169,1064,1154,1147,1100,1118,1125,1185,1116,1152,1082,0,0,0,0,0,0
1164,1138,1168,1181,1082,1167,1148,1104,1121,1126,1186,1127,1164,1111,0,0,0,0,0,0
1164,1138,1168,1181,1082,1167,1148,1104,1121,1126,1186,1127,1164,1111,0,0,0,0,0,0
1178,1142,1172,1186,1093,1168,1160,1116,1129,1135,1188,1142,1171,1113,0,0,0,0,0,0
1178,1142,1172,1186,1093,1168,1160,1116,1129,1135,1188,1142,1171,1113,0,0,0,0,0,0
1182,1143,1173,1188,1100,1172,1169,1127,1138,1144,1191,1151,1173,1120,0,0,0,0,0,0
1182,1143,1173,1188,1100,1172,1169,1127,1138,1144,1191,1151,1173,1120,0,0,0,0,0,0
1192,1144,1184,1191,1104,1184,1181,1142,1152,1146,1196,1156,1192,1125,0,0,0,0,0,0
1192,1144,1184,1191,1104,1184,1181,1142,1152,1146,1196,1156,1192,1125,0,0,0,0,0,0
1193,1146,1185,1196,1111,1185,1186,1151,1164,1153,1204,1163,1206,1143,0,0,0,0,0,0
1193,1146,1185,1196,1111,1185,1186,1151,1164,1153,1204,1163,1206,1143,0,0,0,0,0,0
1198,1153,1187,1198,1113,1195,1188,1156,1171,1168,1207,1166,1210,1144,0,0,0,0,0,0
1198,1153,1187,1198,1113,1195,1188,1156,1171,1168,1207,1166,1210,1144,0,0,0,0,0,0
1201,1171,1195,1205,1121,1204,1191,1163,1192,1176,1208,1175,1213,1146,0,0,0,0,0,0
1201,1171,1195,1205,1121,1204,1191,1163,1192,1176,1208,1175,1213,1146,0,0,0,0,0,0
1206,1176,1204,1212,1138,1206,1196,1166,1194,1178,1211,1179,1217,1153,0,0,0,0,0,0
1206,1176,1204,1212,1138,1206,1196,1166,1194,1178,1211,1179,1217,1153,0,0,0,0,0,0
1207,1179,1220,1221,1143,1217,1200,1173,1213,1184,1219,1182,1226,1167,0,0,0,0,0,0
1207,1179,1220,1221,1143,1217,1200,1173,1213,1184,1219,1182,1226,1167,0,0,0,0,0,0
1210,1194,1223,1222,1151,1220,1205,1175,1217,1187,1221,1198,1228,1172,0,0,0,0,0,0
1210,1194,1223,1222,1151,1220,1205,1175,1217,1187,1221,1198,1228,1172,0,0,0,0,0,0
1213,1200,1250,1224,1156,1223,1207,1182,1226,1193,1222,1201,1231,1176,0,0,0,0,0,0
1213,1200,1250,1224,1156,1223,1207,1182,1226,1193,1222,1201,1231,1176,0,0,0,0,0,0
1218,1208,1260,1230,1163,1260,1210,1201,1228,1195,1223,1205,1234,1178,0,0,0,0,0,0
1218,1208,1260,1230,1163,1260,1210,1201,1228,1195,1223,1205,1234,1178,0,0,0,0,0,0
1225,1211,1272,1243,1175,1272,1211,1212,1231,1218,1224,1225,1241,1187,0,0,0,0,0,0
1225,1211,1272,1243,1175,1272,1211,1212,1231,1218,1224,1225,1241,1187,0,0,0,0,0,0
1231,1219,1275,1246,1179,1275,1221,1225,1234,1220,1230,1233,1251,1193,0,0,0,0,0,0
1231,1219,1275,1246,1179,1275,1221,1225,1234,1220,1230,1233,1251,1193,0,0,0,0,0,0
1234,1226,1279,1251,1194,1287,1222,1233,1241,1229,1246,1240,1257,1200,0,0,0,0,0,0
1234,1226,1279,1251,1194,1287,1222,1233,1241,1229,1246,1240,1257,1200,0,0,0,0,0,0
1240,1228,1287,1254,1208,1294,1224,1240,1258,1255,1249,1250,1258,1212,0,0,0,0,0,0
1240,1228,1287,1254,1208,1294,1224,1240,1258,1255,1249,1250,1258,1212,0,0,0,0,0,0
1258,1229,1294,1256,1219,1295,1230,1250,1262,1260,1256,1261,1262,1218,0,0,0,0,0,0
1258,1229,1294,1256,1219,1295,1230,1250,1262,1260,1256,1261,1262,1218,0,0,0,0,0,0
1266,1238,1295,1261,1233,1311,1243,1254,1273,1264,1263,1269,1271,1229,0,0,0,0,0,0
1266,1238,1295,1261,1233,1311,1243,1254,1273,1264,1263,1269,1271,1229,0,0,0,0,0,0
1271,1241,1311,1263,1238,1317,1246,1261,1278,1266,1265,1274,1273,1238,0,0,0,0,0,0
1271,1241,1311,1263,1238,1317,1246,1261,1278,1266,1265,1274,1273,1238,0,0,0,0,0,0
1273,1249,1317,1265,1249,1321,1251,1269,1280,1272,1268,1276,1278,1243,0,0,0,0,0,0
1273,1249,1317,1265,1249,1321,1251,1269,1280,1272,1268,1276,1278,1243,0,0,0,0,0,0
1277,1255,1321,1266,1257,1327,1256,1271,1283,1279,1289,1277,1280,1254,0,0,0,0,0,0
1277,1255,1321,1266,1257,1327,1256,1271,1283,1279,1289,1277,1280,1254,0,0,0,0,0,0
1278,1257,1327,1268,1262,1338,1263,1276,1284,1281,1297,1290,1283,1255,0,0,0,0,0,0
1278,1257,1327,1268,1262,1338,1263,1276,1284,1281,1297,1290,1283,1255,0,0,0,0,0,0
1281,1264,1328,1276,1269,1341,1265,1277,1288,1285,1299,1319,1284,1264,0,0,0,0,0,0
1281,1264,1328,1276,1269,1341,1265,1277,1288,1285,1299,1319,1284,1264,0,0,0,0,0,0
1284,1274,1338,1289,1274,1347,1268,1290,1304,1286,1302,1330,1288,1275,0,0,0,0,0,0
1284,1274,1338,1289,1274,1347,1268,1290,1304,1286,1302,1330,1288,1275,0,0,0,0,0,0
1288,1280,1341,1297,1290,1354,1289,1319,1309,1287,1305,1333,1295,1279,0,0,0,0,0,0
1288,1280,1341,1297,1290,1354,1289,1319,1309,1287,1305,1333,1295,1279,0,0,0,0,0,0
1309,1283,1347,1299,1296,1367,1297,1330,1315,1294,1307,1334,1304,1281,0,0,0,0,0,0
1309,1283,1347,1299,1296,1367,1297,1330,1315,1294,1307,1334,1304,1281,0,0,0,0,0,0
1315,1285,1354,1302,1316,1377,1299,1333,1320,1310,1313,1335,1309,1285,0,0,0,0,0,0
1315,1285,1354,1302,1316,1377,1299,1333,1320,1310,1313,1335,1309,1285,0,0,0,0,0,0
1319,1286,1361,1305,1330,1390,1302,1334,1328,1311,1318,1339,1315,1286,0,0,0,0,0,0
1319,1286,1361,1305,1330,1390,1302,1334,1328,1311,1318,1339,1315,1286,0,0,0,0,0,0
1337,1296,1367,1307,1332,1394,1305,1339,1345,1317,1322,1349,1320,1296,0,0,0,0,0,0
1337,1296,1367,1307,1332,1394,1305,1339,1345,1317,1322,1349,1320,1296,0,0,0,0,0,0
1343,1304,1377,1313,1334,1398,1307,1349,1351,1326,1323,1360,1345,1310,0,0,0,0,0,0
1343,1304,1377,1313,1334,1398,1307,1349,1351,1326,1323,1360,1345,1310,0,0,0,0,0,0
1345,1310,1383,1318,1339,1414,1313,1360,1358,1327,1329,1363,1351,1316,0,0,0,0,0,0
1345,1310,1383,1318,1339,1414,1313,1360,1358,1327,1329,1363,1351,1316,0,0,0,0,0,0
1351,1316,1386,1322,1349,1419,1318,1363,1359,1338,1337,1367,1358,1321,0,0,0,0,0,0
1351,1316,1386,1322,1349,1419,1318,1363,1359,1338,1337,1367,1358,1321,0,0,0,0,0,0
1360,1320,1392,1323,1358,1422,1322,1365,1361,1341,1340,1370,1359,1326,0,0,0,0,0,0
1360,1320,1392,1323,1358,1422,1322,1365,1361,1341,1340,1370,1359,1326,0,0,0,0,0,0
1362,1326,1398,1329,1362,1426,1323,1370,1362,1342,1347,1373,1361,1328,0,0,0,0,0,0
1362,1326,1398,1329,1362,1426,1323,1370,1362,1342,1347,1373,1361,1328,0,0,0,0,0,0
1363,1332,1413,1333,1364,1429,1329,1373,1366,1352,1348,1385,1364,1332,0,0,0,0,0,0
1363,1332,1413,1333,1364,1429,1329,1373,1366,1352,1348,1385,1364,1332,0,0,0,0,0,0
1365,1342,1414,1335,1368,1434,1335,1385,1379,1353,1375,1387,1366,1342,0,0,0,0,0,0
1365,1342,1414,1335,1368,1434,1335,1385,1379,1353,1375,1387,1366,1342,0,0,0,0,0,0
1376,1352,1419,1337,1370,1436,1340,1387,1381,1354,1377,1390,1379,1343,0,0,0,0,0,0
1376,1352,1419,1337,1370,1436,1340,1387,1381,1354,1377,1390,1379,1343,0,0,0,0,0,0
1380,1353,1422,1340,1379,1438,1343,1395,1388,1372,1386,1395,1384,1352,0,0,0,0,0,0
1380,1353,1422,1340,1379,1438,1343,1395,1388,1372,1386,1395,1384,1352,0,0,0,0,0,0
1385,1359,1426,1348,1381,1447,1348,1397,1392,1376,1389,1397,1394,1353,0,0,0,0,0,0
1385,1359,1426,1348,1381,1447,1348,1397,1392,1376,1389,1397,1394,1353,0,0,0,0,0,0
1395,1364,1429,1369,1384,1456,1369,1402,1394,1380,1399,1402,1404,1365,0,0,0,0,0,0
1395,1364,1429,1369,1384,1456,1369,1402,1394,1380,1399,1402,1404,1365,0,0,0,0,0,0
1404,1366,1434,1373,1387,1463,1375,1403,1404,1383,1407,1403,1411,1368,0,0,0,0,0,0
1404,1366,1434,1373,1387,1463,1375,1403,1404,1383,1407,1403,1411,1368,0,0,0,0,0,0
1408,1368,1438,1375,1388,1468,1386,1408,1411,1396,1413,1408,1417,1369,0,0,0,0,0,0
1408,1368,1438,1375,1388,1468,1386,1408,1411,1396,1413,1408,1417,1369,0,0,0,0,0,0
1410,1372,1447,1389,1397,1473,1389,1409,1417,1398,1415,1409,1424,1372,0,0,0,0,0,0
1410,1372,1447,1389,1397,1473,1389,1409,1417,1398,1415,1409,1424,1372,0,0,0,0,0,0
1417,1381,1456,1399,1402,1476,1399,1410,1424,1418,1420,1410,1427,1376,0,0,0,0,0,0
1417,1381,1456,1399,1402,1476,1399,1410,1424,1418,1420,1410,1427,1376,0,0,0,0,0,0
1424,1384,1463,1407,1403,1484,1407,1416,1427,1419,1430,1416,1433,1380,0,0,0,0,0,0
1424,1384,1463,1407,1403,1484,1407,1416,1427,1419,1430,1416,1433,1380,0,0,0,0,0,0
1427,1388,1465,1415,1405,1487,1413,1423,1433,1421,1437,1423,1436,1383,0,0,0,0,0,0
1427,1388,1465,1415,1405,1487,1413,1423,1433,1421,1437,1423,1436,1383,0,0,0,0,0,0
1431,1390,1468,1420,1409,1491,1415,1431,1436,1422,1439,1431,1440,1392,0,0,0,0,0,0
1431,1390,1468,1420,1409,1491,1415,1431,1436,1422,1439,1431,1440,1392,0,0,0,0,0,0
1432,1396,1471,1430,1416,1497,1420,1432,1440,1429,1444,1432,1443,1396,0,0,0,0,0,0
1432,1396,1471,1430,1416,1497,1420,1432,1440,1429,1444,1432,1443,1396,0,0,0,0,0,0
1440,1405,1476,1437,1423,1504,1430,1442,1443,1451,1445,1442,1455,1405,0,0,0,0,0,0
1440,1405,1476,1437,1423,1504,1430,1442,1443,1451,1445,1442,1455,1405,0,0,0,0,0,0
1443,1411,1480,1439,1428,1508,1437,1448,1455,1456,1449,1448,1469,1414,0,0,0,0,0,0
1443,1411,1480,1439,1428,1508,1437,1448,1455,1456,1449,1448,1469,1414,0,0,0,0,0,0
1455,1418,1487,1444,1442,1511,1439,1454,1469,1459,1450,1454,1471,1418,0,0,0,0,0,0
1455,1418,1487,1444,1442,1511,1439,1454,1469,1459,1450,1454,1471,1418,0,0,0,0,0,0
1469,1421,1491,1445,1448,1513,1444,1465,1471,1463,1458,1465,1473,1421,0,0,0,0,0,0
1469,1421,1491,1445,1448,1513,1444,1465,1471,1463,1458,1465,1473,1421,0,0,0,0,0,0
1474,1428,1497,1449,1454,1519,1445,1472,1473,1468,1464,1472,1477,1426,0,0,0,0,0,0
1474,1428,1497,1449,1454,1519,1445,1472,1473,1468,1464,1472,1477,1426,0,0,0,0,0,0
1477,1433,1504,1450,1462,1523,1449,1483,1475,1474,1466,1483,1480,1428,0,0,0,0,0,0
1477,1433,1504,1450,1462,1523,1449,1483,1475,1474,1466,1483,1480,1428,0,0,0,0,0,0
1478,1451,1508,1458,1472,1525,1450,1489,1480,1476,1478,1489,1482,1434,0,0,0,0,0,0
1478,1451,1508,1458,1472,1525,1450,1489,1480,1476,1478,1489,1482,1434,0,0,0,0,0,0
1489,1459,1511,1464,1475,1531,1458,1494,1482,1487,1486,1494,1484,1438,0,0,0,0,0,0
1489,1459,1511,1464,1475,1531,1458,1494,1482,1487,1486,1494,1484,1438,0,0,0,0,0,0
1498,1462,1513,1466,1483,1538,1464,1498,1484,1496,1488,1498,1490,1447,0,0,0,0,0,0
1498,1462,1513,1466,1483,1538,1464,1498,1484,1496,1488,1498,1490,1447,0,0,0,0,0,0
1499,1475,1519,1477,1486,1540,1466,1499,1490,1497,1492,1499,1502,1451,0,0,0,0,0,0
1499,1475,1519,1477,1486,1540,1466,1499,1490,1497,1492,1499,1502,1451,0,0,0,0,0,0
1502,1486,1523,1482,1501,1557,1478,1501,1502,1504,1500,1501,1507,1459,0,0,0,0,0,0
1502,1486,1523,1482,1501,1557,1478,1501,1502,1504,1500,1501,1507,1459,0,0,0,0,0,0
1506,1490,1525,1488,1503,1562,1488,1506,1507,1511,1505,1506,1509,1462,0,0,0,0,0,0
1506,1490,1525,1488,1503,1562,1488,1506,1507,1511,1505,1506,1509,1462,0,0,0,0,0,0
1516,1496,1531,1492,1510,1568,1492,1510,1509,1519,1513,1510,1534,1474,0,0,0,0,0,0
1516,1496,1531,1492,1510,1568,1492,1510,1509,1519,1513,1510,1534,1474,0,0,0,0,0,0
1534,1503,1538,1494,1517,1575,1500,1524,1534,1522,1516,1524,1539,1491,0,0,0,0,0,0
1534,1503,1538,1494,1517,1575,1500,1524,1534,1522,1516,1524,1539,1491,0,0,0,0,0,0
1537,1507,1540,1500,1524,1576,1505,1528,1539,1523,1520,1528,1542,1496,0,0,0,0,0,0
1537,1507,1540,1500,1524,1576,1505,1528,1539,1523,1520,1528,1542,1496,0,0,0,0,0,0
1543,1517,1557,1505,1528,1580,1516,1537,1545,1525,1527,1537,1545,1503,0,0,0,0,0,0
1543,1517,1557,1505,1528,1580,1516,1537,1545,1525,1527,1537,1545,1503,0,0,0,0,0,0
1544,1522,1562,1509,1530,1587,1520,1542,1547,1531,1532,1543,1547,1508,0,0,0,0,0,0
1544,1522,1562,1509,1530,1587,1520,1542,1547,1531,1532,1543,1547,1508,0,0,0,0,0,0
1545,1530,1568,1520,1546,1598,1527,1543,1553,1538,1536,1544,1553,1517,0,0,0,0,0,0
1545,1530,1568,1520,1546,1598,1527,1543,1553,1538,1536,1544,1553,1517,0,0,0,0,0,0
1547,1539,1575,1527,1552,1601,1532,1544,1556,1548,1563,1546,1560,1522,0,0,0,0,0,0
1547,1539,1575,1527,1552,1601,1532,1544,1556,1548,1563,1546,1560,1522,0,0,0,0,0,0
1553,1542,1576,1532,1554,1610,1536,1546,1560,1557,1569,1552,1565,1530,0,0,0,0,0,0
1553,1542,1576,1532,1554,1610,1536,1546,1560,1557,1569,1552,1565,1530,0,0,0,0,0,0
1555,1548,1580,1536,1556,1613,1563,1552,1566,1568,1577,1555,1566,1540,0,0,0,0,0,0
1555,1548,1580,1536,1556,1613,1563,1552,1566,1568,1577,1555,1566,1540,0,0,0,0,0,0
1559,1554,1587,1563,1564,1615,1569,1555,1570,1575,1582,1559,1570,1548,0,0,0,0,0,0
1559,1554,1587,1563,1564,1615,1569,1555,1570,1575,1582,1559,1570,1548,0,0,0,0,0,0
1566,1556,1589,1569,1565,1618,1577,1559,1571,1576,1588,1564,1571,1554,0,0,0,0,0,0
1566,1556,1589,1569,1565,1618,1577,1559,1571,1576,1588,1564,1571,1554,0,0,0,0,0,0
1570,1560,1595,1577,1572,1626,1582,1564,1573,1581,1592,1572,1573,1562,0,0,0,0,0,0
1570,1560,1595,1577,1572,1626,1582,1564,1573,1581,1592,1572,1573,1562,0,0,0,0,0,0
1573,1565,1601,1582,1574,1630,1588,1572,1579,1586,1596,1578,1579,1574,0,0,0,0,0,0
1573,1565,1601,1582,1574,1630,1588,1572,1579,1586,1596,1578,1579,1574,0,0,0,0,0,0
1578,1571,1608,1584,1592,1638,1596,1578,1585,1587,1605,1584,1585,1580,0,0,0,0,0,0
1578,1571,1608,1584,1592,1638,1596,1578,1585,1587,1605,1584,1585,1580,0,0,0,0,0,0
1585,1574,1613,1588,1593,1642,1605,1584,1598,1599,1606,1593,1598,1581,0,0,0,0,0,0
1585,1574,1613,1588,1593,1642,1605,1584,1598,1599,1606,1593,1598,1581,0,0,0,0,0,0
1599,1579,1615,1596,1597,1643,1606,1589,1610,1601,1608,1594,1602,1586,0,0,0,0,0,0
1599,1579,1615,1596,1597,1643,1606,1589,1610,1601,1608,1594,1602,1586,0,0,0,0,0,0
1602,1581,1626,1602,1603,1644,1608,1594,1614,1615,1612,1595,1610,1589,0,0,0,0,0,0
1602,1581,1626,1602,1603,1644,1608,1594,1614,1615,1612,1595,1610,1589,0,0,0,0,0,0
1611,1586,1630,1605,1612,1649,1609,1595,1617,1619,1620,1597,1617,1599,0,0,0,0,0,0
1611,1586,1630,1605,1612,1649,1609,1595,1617,1619,1620,1597,1617,1599,0,0,0,0,0,0
1622,1592,1638,1606,1623,1653,1619,1597,1618,1626,1625,1611,1618,1603,0,0,0,0,0,0
1622,1592,1638,1606,1623,1653,1619,1597,1618,1626,1625,1611,1618,1603,0,0,0,0,0,0
1624,1593,1643,1609,1625,1658,1620,1611,1623,1634,1627,1622,1623,1609,0,0,0,0,0,0
1624,1593,1643,1609,1625,1658,1620,1611,1623,1634,1627,1622,1623,1609,0,0,0,0,0,0
1628,1594,1645,1614,1632,1661,1627,1622,1624,1636,1631,1628,1629,1613,0,0,0,0,0,0
1628,1594,1645,1614,1632,1661,1627,1622,1624,1636,1631,1628,1629,1613,0,0,0,0,0,0
1633,1603,1649,1617,1640,1663,1631,1628,1629,1638,1639,1632,1633,1614,0,0,0,0,0,0
1633,1603,1649,1617,1640,1663,1631,1628,1629,1638,1639,1632,1633,1614,0,0,0,0,0,0
1637,1612,1653,1620,1648,1666,1639,1632,1633,1643,1648,1640,1637,1619,0,0,0,0,0,0
1641,1625,1658,1627,1655,1669,1645,1640,1633,1647,1650,1651,1637,1619,0,0,0,0,0,0
1644,1629,1661,1631,1660,1671,1650,1651,1637,1649,1654,1655,1641,1624,0,0,0,0,0,0
1647,1634,1669,1639,1668,1675,1654,1655,1641,1657,1664,1660,1644,1630,0,0,0,0,0,0
1651,1636,1675,1646,1673,1687,1664,1660,1642,1661,1667,1674,1646,1634,0,0,0,0,0,0
1656,1648,1687,1650,1677,1691,1667,1674,1646,1669,1672,1677,1652,1636,0,0,0,0,0,0
1667,1652,1691,1654,1678,1694,1672,1677,1652,1681,1683,1679,1656,1642,0,0,0,0,0,0
1672,1657,1694,1662,1679,1696,1683,1679,1656,1687,1688,1684,1658,1645,0,0,0,0,0,0
1680,1668,1696,1664,1684,1698,1688,1684,1662,1696,1692,1689,1662,1647,0,0,0,0,0,0
1685,1673,1698,1670,1686,1705,1692,1689,1663,1697,1699,1693,1663,1653,0,0,0,0,0,0
1689,1674,1701,1683,1693,1712,1699,1693,1666,1698,1710,1701,1666,1657,0,0,0,0,0,0
1695,1678,1705,1688,1702,1723,1706,1701,1670,1705,1715,1702,1671,1668,0,0,0,0,0,0
1703,1681,1721,1692,1704,1728,1710,1702,1671,1712,1724,1708,1680,1670,0,0,0,0,0,0
1708,1686,1725,1699,1716,1729,1715,1708,1678,1717,1725,1720,1685,1673,0,0,0,0,0,0
1709,1690,1728,1710,1720,1742,1717,1721,1680,1726,1727,1721,1690,1675,0,0,0,0,0,0
1711,1697,1736,1726,1722,1748,1724,1722,1685,1728,1729,1722,1695,1681,0,0,0,0,0,0
1712,1704,1742,1727,1730,1750,1725,1733,1690,1736,1732,1733,1703,1686,0,0,0,0,0,0
1715,1706,1748,1732,1738,1757,1727,1735,1695,1740,1737,1735,1709,1691,0,0,0,0,0,0
1724,1720,1750,1737,1741,1761,1732,1738,1703,1742,1743,1738,1716,1694,0,0,0,0,0,0
1726,1730,1757,1743,1747,1764,1737,1745,1709,1748,1746,1744,1723,1697,0,0,0,0,0,0
1729,1734,1761,1745,1749,1766,1743,1747,1711,1750,1758,1745,1730,1704,0,0,0,0,0,0
1733,1735,1762,1758,1754,1769,1744,1752,1716,1755,1763,1752,1734,1706,0,0,0,0,0,0
1740,1741,1766,1763,1756,1776,1746,1753,1723,1761,1770,1753,1747,1711,0,0,0,0,0,0
1744,1749,1769,1770,1765,1779,1758,1754,1734,1762,1777,1756,1757,1717,0,0,0,0,0,0
1746,1753,1774,1777,1771,1782,1763,1759,1741,1764,1781,1759,1760,1736,0,0,0,0,0,0
1752,1756,1776,1783,1778,1789,1770,1767,1760,1765,1783,1767,1768,1740,0,0,0,0,0,0
1755,1760,1779,1787,1780,1793,1777,1771,1768,1766,1787,1771,1772,1749,0,0,0,0,0,0
1759,1765,1786,1803,1781,1800,1783,1780,1772,1775,1803,1780,1774,1754,0,0,0,0,0,0
1767,1768,1793,1808,1785,1805,1787,1786,1774,1776,1808,1786,1789,1755,0,0,0,0,0,0
1772,1775,1800,1815,1788,1813,1803,1788,1778,1779,1815,1788,1796,1762,0,0,0,0,0,0
1790,1778,1814,1817,1792,1814,1808,1795,1789,1790,1817,1795,1798,1764,0,0,0,0,0,0
1791,1781,1822,1818,1796,1822,1815,1797,1791,1793,1818,1799,1802,1769,0,0,0,0,0,0
1796,1782,1824,1819,1799,1824,1817,1804,1792,1811,1819,1804,1805,1775,0,0,0,0,0,0
1798,1785,1836,1821,1809,1836,1818,1809,1798,1813,1821,1809,1806,1782,0,0,0,0,0,0
1802,1792,1839,1825,1812,1839,1819,1816,1802,1814,1825,1816,1822,1785,0,0,0,0,0,0
1804,1795,1845,1830,1823,1845,1821,1830,1805,1832,1827,1830,1823,1790,0,0,0,0,0,0
1811,1797,1847,1835,1827,1847,1825,1837,1806,1836,1828,1837,1826,1791,0,0,0,0,0,0
1816,1799,1850,1837,1828,1850,1829,1838,1812,1839,1829,1838,1833,1797,0,0,0,0,0,0
1827,1806,1852,1846,1834,1852,1832,1840,1826,1847,1834,1840,1844,1800,0,0,0,0,0,0
1828,1812,1858,1849,1838,1858,1835,1841,1833,1848,1835,1841,1854,1811,0,0,0,0,0,0
1833,1813,1860,1851,1840,1860,1843,1842,1844,1850,1843,1842,1857,1824,0,0,0,0,0,0
1841,1823,1862,1853,1842,1862,1846,1855,1854,1860,1846,1852,1859,1832,0,0,0,0,0,0
1843,1826,1865,1856,1854,1865,1848,1867,1857,1861,1849,1855,1864,1845,0,0,0,0,0,0
1849,1829,1868,1863,1855,1868,1853,1873,1859,1862,1851,1867,1866,1848,0,0,0,0,0,0
1851,1834,1869,1866,1867,1869,1856,1874,1864,1865,1853,1872,1873,1858,0,0,0,0,0,0
1857,1844,1871,1870,1874,1871,1863,1875,1866,1868,1856,1874,1875,1861,0,0,0,0,0,0
1859,1861,1876,1881,1877,1878,1872,1877,1876,1879,1863,1877,1878,1870,0,0,0,0,0,0
1864,1873,1879,1886,1882,1880,1881,1882,1878,1880,1869,1882,1883,1871,0,0,0,0,0,0
1870,1875,1880,1888,1885,1883,1886,1888,1883,1884,1881,1888,1887,1876,0,0,0,0,0,0
1872,1885,1889,1890,1894,1887,1889,1890,1885,1892,1886,1890,1895,1879,0,0,0,0,0,0
1884,1887,1893,1898,1895,1893,1898,1894,1895,1893,1889,1894,1896,1884,0,0,0,0,0,0
1896,1892,1897,1899,1900,1897,1899,1900,1896,1897,1899,1900,1898,1892,0,0,0,0,0,0