202,356,672,202,998,113,683,89,970,992,1012,113,0,0,970,656,89,834,685,900
202,356,672,202,998,113,683,89,970,992,1012,113,0,0,970,656,89,834,685,900
202,356,672,202,562,113,685,89,650,1083,1032,113,926,0,973,1092,89,834,702,978
205,356,672,205,562,113,685,89,650,1083,1032,113,926,0,973,1092,89,834,702,978
205,356,672,205,628,113,783,89,1148,961,1078,113,956,643,0,643,89,834,990,453
205,356,672,205,628,113,783,89,1148,961,1078,113,956,643,0,643,89,834,990,453
238,356,672,238,1141,113,926,89,71,891,1082,113,1110,1117,978,861,89,834,735,456
238,356,672,238,1141,113,926,89,71,891,1082,113,1110,1117,978,861,89,834,735,456
238,356,672,238,0,113,1074,89,766,598,1153,113,1117,1117,1048,1067,89,834,459,711
285,356,672,285,0,113,1074,89,766,598,1153,113,1117,1117,1048,1067,89,834,459,711
285,356,672,285,856,113,1079,89,896,421,1136,113,1117,1117,1075,1093,89,834,706,362
285,356,672,285,856,113,1079,89,896,421,1136,113,1117,1117,1075,1093,89,834,706,362
290,356,672,290,1025,113,1088,89,932,1024,1136,113,1117,1117,0,375,89,834,658,683
290,356,672,290,1025,113,1088,89,932,1024,1136,113,1117,1117,0,375,89,834,658,683
290,358,676,290,884,113,0,89,950,601,1136,113,1117,1117,0,1125,89,834,709,566
301,358,676,301,884,113,0,89,950,601,1136,113,1117,1117,0,1125,89,834,709,566
301,358,676,301,529,672,267,643,884,510,1136,0,1117,1117,0,456,838,1111,0,89
301,358,676,301,529,672,267,643,884,510,1136,0,1117,1117,0,456,838,1111,0,89
308,358,676,308,995,672,995,1063,1145,1111,910,89,1117,1117,89,1150,839,1120,992,89
308,358,676,308,995,672,995,1063,1145,1111,910,89,1117,1117,89,1150,839,1120,992,89
308,358,676,308,264,936,998,1068,544,515,913,89,1117,1117,89,729,845,1123,590,89
336,358,676,336,264,936,998,1068,544,515,913,89,1117,1117,89,729,845,1123,590,89
336,358,676,336,663,938,1093,1078,544,515,913,89,1117,1018,89,867,873,1130,712,89
336,358,676,336,663,938,1093,1078,544,515,913,89,1117,1018,89,867,873,1130,712,89
366,358,676,366,359,1068,0,1123,544,515,913,89,1088,0,89,598,894,1140,888,89
366,358,676,366,359,1068,0,1123,544,515,913,89,1088,0,89,598,894,1140,888,89
366,358,676,366,71,971,696,1094,544,515,913,89,0,782,89,421,1024,1148,0,89
378,358,676,378,71,971,696,1094,544,515,913,89,0,782,89,421,1024,1148,0,89
378,651,751,378,729,1083,813,1098,544,515,913,89,0,1063,89,648,1086,1142,995,89
378,651,751,378,729,1083,813,1098,544,515,913,89,0,1063,89,648,1086,1142,995,89
392,651,751,392,943,1035,892,1099,544,515,913,89,0,1064,89,683,0,1142,256,89
392,651,751,392,943,1035,892,1099,544,515,913,89,0,1064,89,683,0,1142,256,89
392,651,751,392,1153,1057,0,1127,544,515,913,89,0,1064,89,571,0,1142,256,0
399,651,751,399,1153,1057,0,1127,544,515,913,89,0,1064,89,571,0,1142,256,0
399,651,751,399,105,697,827,620,544,515,913,1015,719,1064,1105,590,0,1142,256,1034
399,651,751,399,105,697,827,620,544,515,913,1015,719,1064,1105,590,0,1142,256,1034
400,651,751,400,1093,870,0,708,1080,897,256,1015,0,1064,1109,1153,297,113,256,571
400,651,751,400,1093,870,0,708,1080,897,256,1015,0,1064,1109,1153,297,113,256,571
400,651,751,400,896,1086,0,451,509,706,256,1015,783,1064,1111,601,297,113,256,258
401,651,751,401,896,1086,0,451,509,706,256,1015,783,1064,1111,601,297,113,256,258
401,651,751,401,1048,730,820,623,509,1040,256,1015,0,1064,1115,0,297,113,256,737
401,651,751,401,1048,730,820,623,509,1040,256,1015,0,1064,1115,0,297,113,256,737
415,755,771,415,590,777,820,711,509,708,256,1015,0,1064,1115,264,297,113,256,663
415,755,771,415,590,777,820,711,509,708,256,1015,0,1064,1115,264,297,113,256,663
415,755,771,415,888,1072,820,264,509,561,256,1015,0,1064,1115,682,297,113,256,678
416,755,771,416,888,1072,820,264,509,561,256,1015,0,1064,1115,682,297,113,256,678
416,755,771,416,737,1075,820,1139,509,562,256,1015,0,1018,1115,650,297,113,0,1044
416,755,771,416,737,1075,820,1139,509,562,256,1015,0,1018,1115,650,297,113,0,1044
430,755,771,430,543,1095,820,453,509,968,256,1015,113,544,1115,612,297,113,598,679
430,755,771,430,543,1095,820,453,509,968,256,1015,113,544,1115,612,297,113,598,679
430,755,771,430,510,838,820,656,509,711,256,1097,113,544,1115,510,297,113,668,429
438,755,771,438,510,838,820,656,509,711,256,1097,113,544,1115,510,297,113,668,429
438,755,771,438,1105,839,820,1125,509,566,1097,1097,113,544,1115,0,1097,1127,0,1040
438,755,771,438,1105,839,820,1125,509,566,1097,1097,113,544,1115,0,1097,1127,0,1040
447,755,771,447,620,842,820,1141,973,1063,1097,1097,113,544,1115,513,1097,1138,1006,1060
447,755,771,447,620,842,820,1141,973,1063,1097,1097,113,544,1115,513,1097,1138,1006,1060
447,773,791,447,513,847,0,965,1124,258,1097,1097,113,544,1121,1145,1097,1145,730,786
454,773,791,454,513,847,0,965,1124,258,1097,1097,113,544,1121,1145,1097,1145,730,786
454,773,791,454,1079,848,105,777,658,429,1097,1097,113,544,1124,0,1097,1150,612,274
454,773,791,454,1079,848,105,777,658,429,1097,1097,113,544,1124,0,1097,1150,612,274
472,773,791,472,861,866,0,1157,1138,1098,1097,1097,113,544,0,529,1097,1142,1009,1088
472,773,791,472,861,866,0,1157,1138,1098,1097,1097,113,544,0,529,1097,1142,1009,1088
472,773,791,472,1039,872,835,729,180,723,1097,1097,113,544,0,0,1097,1142,738,961
481,773,791,481,1039,872,835,729,180,723,1097,1097,113,544,0,0,1097,1142,738,961
481,773,791,481,466,1097,0,456,668,910,1097,1097,513,0,0,658,1097,1142,620,1098
481,773,791,481,466,1097,0,456,668,910,1097,1097,513,0,0,658,1097,1142,620,1098
483,773,791,483,970,1097,274,921,981,572,1097,0,0,0,910,620,1097,1142,0,782
483,773,791,483,970,1097,274,921,981,572,1097,0,0,0,910,620,1097,1142,0,782
483,773,791,483,1092,1097,0,738,797,1125,492,0,769,509,916,572,0,509,648,1023
497,781,791,497,1092,1097,0,738,797,1125,492,0,769,509,916,572,0,509,648,1023
497,781,817,497,451,1097,0,815,797,1072,492,71,1114,509,921,623,71,509,0,1027
497,781,817,497,451,1097,0,815,797,1072,492,71,1114,509,921,623,71,509,0,1027
508,781,817,508,668,1097,741,956,797,361,492,0,1114,509,1035,1120,820,509,601,0
508,781,817,508,668,1097,741,956,797,361,492,0,1114,509,1035,1120,820,509,601,0
508,781,817,508,606,1097,845,839,797,361,492,0,1114,509,1083,0,820,509,820,710
518,781,817,518,606,1097,845,839,797,361,492,0,1114,509,1083,0,820,509,820,710
518,781,817,518,274,1097,0,847,797,361,492,0,1114,509,0,888,820,509,820,0
518,781,817,518,274,1097,0,847,797,361,492,0,1114,509,0,888,820,509,820,0
525,781,817,525,1135,1097,861,865,797,361,492,0,1114,509,0,892,820,509,820,973
525,781,817,525,1135,1097,861,865,797,361,492,0,1114,509,0,892,820,509,820,973
525,781,817,525,180,492,0,866,797,361,492,820,509,509,0,0,820,509,820,0
536,781,817,536,180,492,0,866,797,361,492,820,509,509,0,0,820,509,820,0
536,812,817,536,453,492,297,889,797,361,492,820,509,509,820,663,820,509,820,636
536,812,817,536,453,492,297,889,797,361,492,820,509,509,820,663,820,509,820,636
545,812,825,545,553,492,297,922,364,361,1143,820,509,801,820,711,820,1135,820,965
545,812,825,545,553,492,297,922,364,361,1143,820,509,801,820,711,820,1135,820,965
545,812,825,545,565,492,297,1117,364,361,1143,820,509,0,820,0,820,1143,820,0
555,812,825,555,565,492,297,1117,364,361,1143,820,509,0,820,0,820,1143,820,0
555,812,825,555,891,492,297,1117,364,938,1143,820,509,803,820,865,1154,1143,820,716
555,812,825,555,891,492,297,1117,364,938,1143,820,509,803,820,865,1154,1143,820,716
567,812,825,567,636,492,297,1117,364,941,1143,820,509,805,820,0,1157,1143,998,834
567,812,825,567,636,492,297,1117,364,941,1143,820,509,805,820,0,1157,1143,998,834
567,812,825,567,867,492,297,1117,364,943,1143,820,509,0,820,678,0,1143,0,834
580,812,825,580,867,492,297,1117,364,943,1143,820,509,0,820,678,0,1143,0,834
580,812,825,580,685,492,297,1117,364,945,1143,820,509,813,820,0,0,1143,896,834
580,818,825,580,685,492,297,1117,364,945,1143,820,509,813,820,0,0,1143,896,834
589,818,825,589,892,1096,297,1117,364,946,1143,894,834,0,820,685,0,1143,0,834
589,818,825,589,892,1096,297,1117,364,946,1143,894,834,0,820,685,0,1143,0,834
589,818,828,589,456,702,1114,1117,364,1027,1143,897,834,0,0,1070,0,1143,572,834
599,818,828,599,456,702,1114,1117,364,1027,1143,897,834,0,0,1070,0,1143,572,834
599,818,828,599,968,710,1114,1117,987,956,835,0,834,492,0,0,0,1143,856,834
599,818,828,599,968,710,1114,1117,987,956,835,0,834,492,0,0,0,1143,856,834
613,818,828,613,813,723,1114,543,893,965,0,0,834,492,0,466,0,105,865,834
613,818,828,613,813,723,1114,543,893,965,0,0,834,492,0,466,0,105,865,834
613,818,828,613,362,738,513,786,988,1067,873,0,834,492,961,0,0,0,0,834
616,818,828,616,362,738,513,786,988,1067,873,0,834,492,961,0,0,0,0,834
616,818,828,616,258,1067,577,925,1082,730,1118,0,834,492,1098,0,0,797,429,723
616,818,828,616,258,1067,577,925,1082,730,1118,0,834,492,1098,0,0,797,429,723
627,819,828,627,561,1100,1146,571,900,582,1118,0,834,492,0,708,816,797,0,0
627,819,828,627,561,1100,1146,571,900,582,1118,0,834,492,0,708,816,797,0,0
627,819,828,627,566,879,1136,971,1086,978,1118,0,834,492,0,362,816,797,656,0
629,819,828,629,566,879,1136,971,1086,978,1118,0,834,492,0,362,816,797,656,0
629,819,829,629,267,282,1136,601,678,1092,1118,816,0,492,0,710,816,797,866,459
629,819,829,629,267,282,1136,601,678,1092,1118,816,0,492,0,710,816,797,866,459
631,819,829,631,827,282,1136,679,1023,769,1118,816,0,492,364,0,816,797,0,0
631,819,829,631,827,282,1136,679,1023,769,1118,816,0,492,364,0,816,797,0,0
631,819,829,631,941,282,732,801,474,606,1118,816,557,702,364,716,816,797,0,729
635,819,829,635,941,282,732,801,474,606,1118,816,557,702,364,716,816,797,0,729
635,819,829,635,1070,282,742,1104,477,924,1118,816,557,708,364,180,816,797,0,331
635,819,829,635,1070,282,742,1104,477,924,1118,816,557,708,364,180,816,797,0,331
638,819,829,638,871,282,743,362,1029,925,1118,816,557,735,364,723,816,797,267,1072
638,824,829,638,871,282,743,362,1029,925,1118,816,557,735,364,723,816,797,267,1072
638,824,829,638,900,282,856,375,936,926,1136,816,557,786,364,274,816,719,971,0
646,824,829,646,900,282,856,375,936,926,1136,816,557,786,364,274,816,719,971,0
646,824,829,646,873,282,0,959,1025,1075,1136,816,557,0,364,730,1099,0,0,668
646,824,829,646,873,282,0,959,1025,1075,1136,816,557,0,364,730,1099,0,0,668
655,824,830,655,1029,282,750,1106,709,928,1136,816,557,797,364,0,0,777,529,889
655,824,830,655,1029,282,750,1106,709,928,1136,816,557,797,364,0,0,777,529,889
655,824,830,655,1140,1128,1006,466,838,1153,1136,0,557,797,364,562,0,922,679,0
660,824,830,660,1140,1128,1006,466,838,1153,1136,0,557,797,364,562,0,922,679,0
660,824,830,660,577,1102,1142,706,1051,966,1136,364,557,797,0,577,0,0,797,732
660,824,830,660,577,1102,1142,706,1051,966,1136,364,557,797,0,577,0,0,797,732
666,824,830,666,1051,1103,1142,803,529,1048,544,364,815,797,913,732,364,0,797,0
666,824,830,666,1051,1103,1142,803,529,1048,544,364,815,797,913,732,364,0,797,0
666,843,830,666,331,1109,1142,1107,1035,782,544,364,816,797,913,105,364,0,797,375
669,843,830,669,331,1109,1142,1107,1035,782,544,364,816,797,913,105,364,0,797,375
669,843,830,669,421,1110,766,910,750,205,544,364,816,797,913,0,364,180,797,0
669,843,830,669,421,1110,766,910,750,205,544,364,816,797,913,0,364,180,797,0
680,843,830,680,1116,676,867,911,783,636,544,364,816,797,913,827,364,361,797,741
680,843,830,680,1116,676,867,911,783,636,544,364,816,797,913,827,364,361,797,741
680,843,831,680,375,676,0,1113,842,643,544,364,816,797,913,0,364,361,797,297
695,843,831,695,375,676,0,1113,842,643,544,364,816,797,913,0,364,361,797,297
695,843,831,695,474,1129,359,915,1130,1123,544,364,816,870,913,453,364,361,797,297
695,843,831,695,474,1129,359,915,1130,1123,544,364,816,870,913,453,364,361,797,297
704,843,831,704,889,323,0,916,612,1030,544,364,816,871,913,1148,364,361,797,297
704,843,831,704,889,323,0,916,612,1030,544,364,816,871,913,1148,364,361,797,297
704,843,831,704,973,323,888,919,663,565,544,1064,816,872,913,0,364,361,815,297
714,844,831,714,973,323,888,919,663,565,544,1064,816,872,913,0,364,361,815,297
714,844,831,714,477,323,0,966,710,916,1135,1064,816,0,544,797,871,361,816,297
714,844,831,714,477,323,0,966,710,916,1135,1064,816,0,544,797,871,361,816,297
718,844,831,718,571,323,769,1126,1060,1032,1139,1064,467,877,544,797,0,361,816,297
718,844,831,718,571,323,769,1126,1060,1032,1139,1064,467,877,544,797,0,361,816,297
718,844,831,718,683,323,918,1102,331,628,1140,1064,467,884,544,797,889,361,816,297
720,844,831,720,683,323,918,1102,331,628,1140,1064,467,884,544,797,889,361,816,297
720,844,832,720,429,323,1012,1103,459,1043,1141,1064,467,891,544,797,1030,0,816,297
720,844,832,720,429,323,1012,1103,459,1043,1141,1064,467,891,544,797,1030,0,816,297
726,844,832,726,959,323,1014,1109,1140,1147,1136,1064,467,0,544,797,0,783,816,1029
726,844,832,726,959,323,1014,1109,1140,1147,1136,1064,467,0,544,797,0,783,816,1029
726,844,832,726,1108,323,1034,1110,648,919,1136,1064,467,1043,544,797,0,938,816,0
727,844,832,727,1108,323,1034,1110,648,919,1136,1064,467,1043,544,797,0,938,816,0
727,863,832,727,648,986,1039,1116,712,1088,1136,1064,467,1051,544,797,0,940,816,364
727,863,832,727,648,986,1039,1116,712,1088,1136,1064,467,1051,544,797,0,940,816,364
739,863,832,739,459,987,1044,1120,719,656,1136,896,467,1018,544,797,0,940,816,364
739,863,832,739,459,987,1044,1120,719,656,1136,896,467,1018,544,797,0,940,816,364
739,863,832,739,682,988,1055,1149,1154,679,1136,1143,467,1018,834,113,361,940,0,364
748,863,832,748,682,988,1055,1149,1154,679,1136,1143,467,1018,834,113,361,940,0,364
748,863,832,748,1120,1155,1070,221,735,805,847,1143,360,838,834,113,361,940,1068,364
748,863,832,748,1120,1155,1070,221,735,805,847,1143,360,838,834,113,361,940,1068,364
752,863,858,752,1006,990,0,221,737,834,877,1143,360,839,834,113,361,940,0,364
752,863,858,752,1006,990,0,221,737,834,877,1143,360,839,834,113,361,940,0,364
752,863,858,752,946,1156,0,221,742,834,0,1143,360,842,834,113,361,940,451,364
754,863,858,754,946,1156,0,221,742,834,0,1143,360,842,834,113,361,940,451,364
754,863,858,754,623,992,219,221,743,834,936,1143,360,848,834,113,361,940,0,364
754,899,858,754,623,992,219,221,743,834,936,1143,360,848,834,113,361,940,0,364
757,899,858,757,658,1159,219,221,1158,834,943,1143,360,893,834,113,361,940,492,364
757,899,858,757,658,1159,219,221,1158,834,943,1143,360,893,834,113,361,940,492,364
757,899,858,757,0,932,219,221,848,834,946,1143,360,1057,834,113,361,1117,492,650
770,899,858,770,0,932,219,221,848,834,946,1143,360,1057,834,113,361,1117,492,650
770,899,858,770,1121,1082,219,221,1081,834,950,1143,360,1018,834,113,361,1117,492,1097
770,899,858,770,1121,1082,219,221,1081,834,950,1143,360,1018,834,113,361,1117,492,1097
774,899,858,774,1009,1100,219,221,696,834,966,0,360,1018,938,361,1110,1117,492,1097
774,899,858,774,1009,1100,219,221,696,834,966,0,360,1018,938,361,1110,1117,492,1097
774,899,860,774,572,945,219,467,697,834,981,0,1143,709,941,361,1121,1117,492,1097
780,899,860,780,572,945,219,467,697,834,981,0,1143,709,941,361,1121,1117,492,1097
780,899,860,780,582,950,219,467,1084,921,1083,0,1143,737,943,361,1124,1117,492,1097
780,899,860,780,582,950,219,467,1084,921,1083,0,1143,737,943,361,1124,1117,492,1097
784,901,860,784,786,0,219,467,702,238,1147,0,1143,1082,966,361,0,1117,492,1097
784,901,860,784,786,0,219,467,702,238,1147,0,1143,1082,966,361,0,1117,492,1097
784,901,860,784,835,981,256,467,894,285,1136,0,1143,1018,1118,361,0,1117,492,1097
785,901,860,785,835,981,256,467,894,285,1136,0,1143,1018,1118,361,0,1117,492,1097
785,901,860,785,877,751,256,467,1090,301,1136,0,1143,1018,1118,361,0,1117,582,1097
785,901,860,785,877,751,256,467,1090,301,1136,0,1143,1018,1118,361,0,1117,582,1097
790,901,860,790,961,751,256,467,716,308,1136,0,1143,297,1118,361,0,1146,682,1097
790,901,860,790,961,751,256,467,716,308,1136,0,1143,297,1118,361,0,1146,682,1097
790,901,860,790,598,1023,256,467,870,336,1136,515,1143,297,1118,361,0,1142,1070,0
792,901,860,792,598,1023,256,467,870,336,1136,515,1143,297,1118,361,0,1142,1070,0
792,901,869,792,893,1024,256,467,871,356,1136,515,1143,297,1118,0,856,1142,0,940
792,901,869,792,893,1024,256,467,871,356,1136,515,1143,297,1118,0,856,1142,0,940
794,901,869,794,612,1027,256,805,872,358,916,515,940,297,1118,258,879,1142,884,940
794,952,869,794,612,1027,256,805,872,358,916,515,940,297,1118,258,879,1142,884,940
794,952,869,794,712,1030,256,1121,873,366,919,515,940,297,1118,1009,0,1142,891,940
804,952,869,804,712,1030,256,1121,873,366,919,515,940,297,1118,1009,0,1142,891,940
804,952,869,804,865,1032,256,290,1132,378,921,515,940,297,1118,1118,913,1142,968,940
804,952,869,804,865,1032,256,290,1132,378,921,515,940,297,1118,1118,913,1142,968,940
806,952,869,806,894,1040,0,816,877,399,1099,515,940,297,0,1118,913,848,986,940
806,952,869,806,894,1040,0,816,877,399,1099,515,940,297,0,1118,913,848,986,940
806,952,869,806,803,1127,553,816,879,401,0,515,940,297,0,1118,913,1060,0,940
823,952,869,823,803,1127,553,816,879,401,0,515,940,297,0,1118,913,1060,0,940
823,952,869,823,1145,1130,590,816,918,416,0,515,940,282,0,1118,913,0,696,940
823,952,869,823,1145,1130,590,816,918,416,0,515,940,282,0,1118,913,0,696,940
846,952,1018,846,1078,1138,650,816,1144,536,0,913,940,282,0,1118,913,0,801,940
846,952,1018,846,1078,1138,650,816,1144,536,0,913,940,282,0,1118,913,0,801,940
846,953,1018,846,735,1139,678,816,728,580,0,913,940,282,297,1118,913,0,0,0
849,953,1018,849,735,1139,678,816,728,580,0,913,940,282,297,1118,913,0,0,0
849,953,1018,849,709,1147,0,816,728,613,0,913,0,282,297,1118,913,282,803,742
849,953,1018,849,709,1147,0,816,728,613,0,913,0,282,297,1118,913,282,803,742
852,953,1018,852,716,1148,0,816,728,616,866,913,0,282,297,1118,913,282,805,743
852,953,1018,852,716,1148,0,816,728,616,866,913,0,282,297,1118,913,282,805,743
852,953,1018,852,719,755,0,816,728,627,879,913,777,282,297,0,928,282,1075,750
854,953,1018,854,719,755,0,816,728,627,879,913,777,282,297,0,928,282,1075,750
854,953,1018,854,1124,755,360,986,728,629,987,913,0,282,297,561,932,282,0,0
854,953,1018,854,1124,755,360,986,728,629,987,913,0,282,297,561,932,282,0,0
855,953,1018,855,732,676,360,990,728,631,988,913,0,282,297,0,0,282,861,0
855,953,1018,855,732,755,360,990,728,631,988,913,0,282,297,0,0,282,861,0
862,953,1021,862,741,897,360,0,728,635,1157,913,0,696,297,582,0,282,988,766
862,1001,1021,862,741,897,360,0,728,635,1157,913,0,696,297,582,0,282,988,766
868,1001,1021,868,845,771,360,1043,728,655,1158,467,0,697,297,0,936,282,0,769
868,1001,1021,868,845,771,360,1043,728,655,1158,467,0,697,297,0,936,282,0,769
874,1001,1021,874,915,771,360,1057,202,672,1136,467,0,0,509,965,0,282,360,0
874,1001,1021,874,915,771,360,1057,202,672,1136,467,0,0,509,965,0,282,360,0
875,1001,1021,875,1146,911,360,1064,202,676,1136,467,282,712,509,1123,941,924,360,421
875,1001,1021,875,1146,911,360,1064,438,676,1136,467,282,712,509,1123,941,924,360,421
880,1001,1021,880,1094,913,360,1064,438,695,1136,467,282,987,509,0,945,925,360,0
880,1001,1021,880,1094,913,360,1064,438,695,1136,467,282,987,509,0,945,925,360,0
882,1001,1021,882,801,913,360,1064,472,714,1136,467,282,0,509,331,959,0,360,0
882,1001,1021,882,801,913,360,1064,472,714,1136,467,282,0,509,331,959,0,360,0
887,1001,1021,887,815,913,0,1064,472,739,1136,467,282,0,509,0,0,0,360,0
887,1001,1021,887,815,913,0,1064,481,739,1136,467,282,0,509,0,0,0,360,0
890,1061,1056,890,922,913,1009,1064,481,748,1136,467,282,992,509,359,1035,1078,360,553
890,1061,1056,890,922,913,1009,1064,481,748,1136,467,282,992,509,359,1035,1078,360,553
895,1061,1056,895,928,913,0,1064,483,751,1136,467,282,1006,509,360,0,1105,360,562
895,1061,1056,895,928,913,0,1064,483,751,1136,467,282,1006,509,360,0,1105,360,562
898,1061,1056,898,978,913,0,1064,483,755,1136,557,282,0,509,360,1102,1109,360,623
898,1061,1056,898,978,913,0,1064,497,755,1136,557,282,0,509,360,1102,1109,360,623
903,1061,1056,903,1150,913,682,1064,497,771,1136,557,282,1024,1154,360,1103,1115,474,1079
903,1061,1056,903,1150,913,682,1064,497,771,1136,557,282,1024,1154,360,1103,1115,474,1079
914,1061,1056,914,1074,913,782,290,508,773,1063,557,361,1027,1158,360,1108,1115,477,0
914,1061,1056,914,1074,913,782,290,508,773,1063,557,361,1027,1158,360,1108,1115,477,0
917,1061,1056,917,1012,1154,924,290,508,791,1064,557,361,1039,0,360,1115,1115,697,451
917,1061,1056,917,1012,1154,924,290,518,791,1064,557,361,1039,0,360,1115,1115,697,451
923,1061,1056,923,1014,1157,0,392,518,812,1064,557,361,1086,0,360,1115,1115,0,561
923,1071,1066,923,1014,1157,0,392,518,812,1064,557,361,1086,0,360,1115,1115,0,561
929,1071,1066,929,1034,1158,557,392,525,817,1064,557,361,1018,0,360,1115,1115,0,565
929,1071,1066,929,1034,1158,557,392,525,817,1064,557,361,1018,0,360,1115,1115,0,565
930,1071,1066,930,1044,773,557,400,525,819,1064,557,361,1018,0,360,1115,1115,0,813
930,1071,1066,930,1044,773,557,400,638,819,1064,557,361,1018,0,360,1115,1115,0,813
939,1071,1066,939,1055,773,557,400,638,824,1064,557,361,742,0,606,1115,1115,543,0
939,1071,1066,939,1055,773,557,400,638,824,1064,557,361,742,0,606,1115,1115,543,0
942,1071,1066,942,1060,791,557,415,646,825,1064,1116,361,743,0,924,1115,1115,544,867
942,1071,1066,942,1060,791,557,415,646,825,1064,1116,361,743,0,924,1115,1115,544,867
944,1071,1066,944,1099,791,557,415,646,828,1064,1117,361,750,835,925,1115,0,544,0
944,1071,1066,944,1099,791,557,430,651,828,1064,1117,361,750,835,925,1115,0,544,0
948,1071,1066,948,356,817,557,430,651,829,1064,1117,928,0,919,926,1115,0,544,474
948,1071,1066,948,356,817,557,430,651,829,1064,1117,928,0,919,926,1115,0,544,474
951,1085,1076,951,356,1118,557,447,666,830,282,1117,1048,766,945,0,467,911,544,606
951,1085,1076,951,356,1118,557,447,666,830,282,1117,1048,766,945,0,467,911,544,606
955,1085,1076,955,356,1118,557,447,666,831,282,1117,1074,1018,1068,959,467,915,544,0
955,1085,1076,955,356,1118,557,454,680,831,282,1117,1074,1018,1068,959,467,915,544,0
957,1085,1076,957,356,1118,1105,454,680,832,282,1117,0,1018,1127,968,467,918,544,577
957,1085,1076,957,356,1118,1105,454,680,832,282,1117,0,1018,1127,968,467,918,544,577
958,1085,1076,958,356,1118,1108,545,704,843,282,1117,1102,1018,1130,981,467,1093,544,0
958,1085,1076,958,358,1118,1108,545,704,843,282,1117,1102,1018,1130,981,467,1093,544,0
960,1085,1076,960,358,1118,1111,545,704,858,282,1117,1103,323,1138,998,467,0,544,477
960,1085,1076,960,358,1118,1111,555,720,858,282,1117,1103,323,1138,998,467,0,544,477
964,1085,1076,964,358,1118,1135,555,720,860,282,1117,1108,323,1139,1025,467,0,0,0
964,1085,1076,964,358,1118,1135,555,720,860,282,1117,1108,323,1139,1025,467,0,0,0
967,1085,1076,967,358,1118,1143,567,726,869,282,0,1115,323,1141,0,467,0,323,1039
967,1095,1087,967,358,1118,1143,567,726,869,282,0,1115,323,1141,0,467,0,323,1039
969,1095,1087,969,358,1118,1143,567,726,890,282,0,1115,323,1147,543,467,557,323,0
969,1095,1087,969,358,1118,1143,589,727,890,282,0,1115,323,1147,543,467,557,323,0
972,1095,1087,972,651,817,1143,589,727,901,323,0,1115,323,0,738,221,557,323,0
972,1095,1087,972,651,817,1143,589,727,901,323,0,1115,323,0,738,221,557,323,0
979,1095,1087,979,651,817,1143,599,757,923,323,0,1115,323,0,741,221,557,323,827
979,1095,1087,979,651,817,1143,599,757,923,323,0,1115,323,0,741,221,557,323,827
980,1095,1087,980,651,825,1143,599,757,939,323,0,1115,323,0,0,221,557,323,892
980,1095,1087,980,651,825,1143,660,780,939,323,0,1115,323,0,0,221,557,323,892
982,1095,1087,982,651,825,1143,660,780,942,323,0,1115,323,0,565,221,557,323,0
982,1095,1087,982,651,825,1143,660,780,942,323,0,1115,323,0,565,221,557,323,0
993,1095,1087,993,651,828,1143,669,781,944,323,0,1115,1014,0,0,221,557,323,466
993,1095,1087,993,781,828,1143,669,781,944,323,0,1115,1014,0,0,221,557,323,466
994,1100,1091,994,781,828,1143,669,781,948,323,219,1115,1015,0,911,221,557,323,510
994,1100,1091,994,781,828,1143,718,790,948,323,219,1115,1015,0,911,221,557,323,510
996,1100,1091,996,781,829,1150,718,790,952,323,219,1114,1015,221,915,221,557,1012,1116
996,1100,1091,996,781,829,1150,718,790,952,323,219,1114,1015,221,915,221,557,1012,1116
997,1100,1091,997,781,829,1114,752,792,953,323,219,219,1015,221,918,221,842,1014,1118
997,1100,1091,997,781,829,1114,752,792,953,323,219,219,1015,221,918,221,842,1014,1118
999,1100,1091,999,781,830,1114,752,792,955,1015,219,219,1015,221,0,986,845,1025,1118
999,1100,1091,999,781,830,1114,754,794,955,1015,219,219,1015,221,0,986,845,1025,1118
1005,1100,1091,1005,812,830,1114,754,794,958,1015,219,219,1015,221,922,990,847,1030,1118
1005,1100,1091,1005,812,830,1114,754,794,958,1015,219,219,1015,221,922,990,847,1030,1118
1007,1100,1091,1007,812,831,940,770,818,972,1015,219,219,1015,221,950,995,0,1032,1118
1007,1100,1091,1007,812,831,940,770,818,972,1015,219,219,1015,221,950,995,0,1032,1118
1016,1100,1091,1016,812,831,940,770,818,982,1015,219,219,1015,221,956,1055,1094,1043,1118
1016,1122,1096,1016,812,831,940,774,823,982,1015,219,219,1015,221,956,1055,1094,1043,1118
1017,1122,1096,1017,812,832,940,774,823,994,1015,219,219,1015,221,0,0,0,1051,1118
1017,1122,1096,1017,812,832,940,774,823,994,1015,219,219,1015,221,0,0,0,1051,1118
1026,1122,1096,1026,812,832,940,784,844,1001,1015,0,219,0,221,971,0,0,0,1118
1026,1122,1096,1026,818,832,940,784,844,1001,1015,0,219,0,221,971,0,0,0,1118
1028,1122,1096,1028,818,843,940,784,844,1005,1015,0,219,706,932,1029,0,0,0,1118
1028,1122,1096,1028,818,843,940,785,846,1005,1015,0,219,706,932,1029,0,0,0,1118
1033,1122,1096,1033,818,843,940,785,846,1021,1015,0,1146,1094,0,1034,0,323,628,264
1033,1122,1096,1033,818,843,940,785,846,1021,1015,0,1146,1094,0,1034,0,323,628,264
1037,1122,1096,1037,818,858,940,804,863,1026,870,0,1114,1018,946,1040,728,323,1067,267
1037,1122,1096,1037,818,858,940,804,863,1026,870,0,1114,1018,946,1040,728,323,1067,267
1045,1122,1096,1045,818,858,940,804,863,1028,872,0,1114,1018,1072,0,728,323,1125,1092
1045,1122,1096,1045,818,858,940,806,868,1028,872,0,1114,1018,1072,0,728,323,1125,1092
1046,1128,1114,1046,819,860,1015,806,868,1037,893,0,1114,1018,0,553,728,323,0,0
1046,1128,1114,1046,819,860,1015,806,868,1037,893,0,1114,1018,0,553,728,323,0,0
1047,1128,1114,1047,819,860,1015,849,874,1045,0,0,1114,1018,0,566,728,323,0,359
1047,1128,1114,1047,819,860,1015,849,874,1045,0,0,1114,1018,0,566,728,323,0,359
1050,1128,1114,1050,819,869,1015,849,874,1046,0,0,1114,219,0,1044,728,323,0,0
1050,1128,1114,1050,819,869,1015,852,875,1046,0,0,1114,219,0,1044,728,323,0,0
1054,1128,1114,1054,819,869,1015,852,875,1047,0,256,1114,219,0,0,728,323,0,897
1054,1128,1114,1054,819,869,1015,852,875,1047,0,256,1114,219,0,0,728,323,0,897
1058,1128,1114,1058,824,952,1015,854,880,1056,0,256,1114,219,728,628,728,323,219,0
1058,1128,1114,1058,824,952,1015,854,880,1056,0,256,1114,219,728,628,728,323,219,0
1062,1128,1114,1062,824,952,1015,854,882,1061,0,256,515,219,728,1055,728,515,219,221
1062,1128,1114,1062,824,952,1015,855,882,1061,0,256,515,219,728,1055,728,515,219,221
1069,1128,1114,1069,824,953,1015,855,887,1062,467,256,515,219,728,1074,0,515,219,221
1069,1136,1129,1069,824,953,1015,855,887,1062,467,256,515,219,728,1074,0,515,219,221
1073,1136,1129,1073,824,953,1015,862,895,1066,467,256,515,219,728,0,970,515,219,221
1073,1136,1129,1073,824,953,1015,862,895,1066,467,256,515,219,728,0,970,515,219,221
1077,1136,1129,1077,844,1001,1115,862,898,1071,467,256,515,219,728,636,1023,515,219,221
1077,1136,1129,1077,844,1001,1115,903,898,1071,467,256,515,219,728,636,1023,515,219,221
1080,1136,1129,1080,844,1001,1115,903,899,1076,467,256,515,219,728,900,1057,515,219,221
1080,1136,1129,1080,844,1001,1115,903,899,1076,467,256,515,219,728,900,1057,515,219,221
1081,1136,1129,1081,844,1021,1115,914,929,1085,467,256,515,360,728,1079,0,515,219,221
1081,1136,1129,1081,844,1021,1115,914,929,1085,467,256,515,360,728,1079,0,515,219,221
1084,1136,1129,1084,844,1021,1115,914,930,1087,467,940,515,360,728,0,0,515,219,221
1084,1136,1129,1084,844,1021,1115,917,930,1087,467,940,515,360,728,0,0,515,219,221
1090,1136,1129,1090,863,1056,1115,917,951,1091,467,940,515,360,515,221,0,515,1015,221
1090,1136,1129,1090,863,1056,1115,917,951,1091,467,940,515,360,515,221,0,515,1015,221
1104,1155,1142,1104,863,1056,1115,980,957,1095,467,940,728,360,515,221,0,728,1015,492
1104,1155,1142,1104,863,1056,1115,980,957,1095,467,940,728,360,515,221,0,728,1015,492
1106,1155,1142,1106,863,1061,1115,980,960,1096,557,940,728,360,515,221,1064,728,1015,492
1106,1155,1142,1106,863,1061,1115,993,960,1096,557,940,728,360,515,221,1064,728,1015,492
1107,1155,1142,1107,863,1061,1115,993,964,1100,557,940,728,360,515,221,1064,728,1015,492
1107,1155,1142,1107,863,1061,1115,993,964,1100,557,940,728,360,515,221,1064,728,1015,492
1113,1155,1142,1113,899,1066,1018,996,967,1122,557,940,728,360,515,221,1064,728,1015,492
1113,1155,1142,1113,899,1066,1018,996,967,1122,557,940,728,360,515,221,1064,728,1015,492
1126,1155,1142,1126,899,1066,1018,996,969,1128,557,940,728,360,515,221,1064,728,1015,492
1126,1155,1142,1126,899,1066,1018,1016,969,1128,557,940,728,360,515,221,1064,728,1015,492
1131,1155,1142,1131,899,1071,1018,1016,979,1129,557,940,728,256,515,221,1064,728,1015,492
1131,1155,1142,1131,899,1071,1018,1016,979,1129,557,940,728,256,515,221,1064,728,1015,492
1132,1155,1142,1132,899,1071,1018,1017,997,1131,557,0,728,256,515,221,1064,728,1015,492
1132,1159,1156,1132,899,1071,1018,1017,997,1131,557,0,728,256,515,221,1064,728,1015,492
1133,1159,1156,1133,901,1076,1018,1017,999,1133,557,0,728,256,0,0,1064,728,0,492
1133,1159,1156,1133,901,1076,1018,1033,999,1133,557,0,728,256,0,0,1064,728,0,492
1134,1159,1156,1134,901,1076,1018,1033,1007,1134,557,0,0,256,0,0,1064,0,0,0
1134,1159,1156,1134,901,1085,1018,1033,1007,1134,557,0,0,256,0,0,1064,0,0,0
1144,1159,1156,1144,901,1085,1018,1054,1050,1151,0,0,0,256,0,0,0,0,0,0
1144,1159,1156,1144,901,1085,1018,1054,1050,1151,0,0,0,256,0,0,0,0,0,0
1149,1159,1156,1149,901,1087,1018,1054,1058,1152,0,0,0,256,0,0,0,0,0,0
1149,1159,1156,1149,901,1087,1018,1077,1058,1152,0,0,0,256,0,0,0,0,0,0
1151,1159,1156,1151,1122,1087,1018,1077,1069,1155,0,0,0,256,0,0,0,0,0,0
1151,1159,1156,1151,1122,1091,1018,1077,1069,1155,0,0,0,256,0,0,0,0,0,0
1152,1159,1156,1152,1122,1091,1018,0,1073,1156,0,0,0,256,0,0,0,0,0,0
1152,1159,1156,1152,1122,1091,1018,0,1073,1159,0,0,0,256,0,0,0,0,0,0