111,356,672,111,998,113,683,89,970,992,1012,113,833,0,970,656,89,834,685,900
111,356,672,111,998,113,683,89,970,992,1012,113,833,0,970,656,89,834,685,900
111,356,672,111,562,113,685,89,650,937,1032,113,926,0,973,450,89,834,702,978
202,356,672,202,562,113,685,89,650,937,1032,113,926,0,973,450,89,834,702,978
202,356,672,202,628,113,783,89,920,961,1053,113,956,643,975,643,89,834,990,453
202,356,672,202,628,113,783,89,920,961,1053,113,956,643,975,643,89,834,990,453
205,356,672,205,386,113,926,89,71,891,0,113,1020,1020,978,861,89,834,735,456
205,356,672,205,386,113,926,89,71,891,0,113,1020,1020,978,861,89,834,735,456
205,356,672,205,500,113,0,89,766,598,0,113,1020,1020,1048,0,89,834,459,711
238,356,672,238,500,113,0,89,766,598,0,113,1020,1020,1048,0,89,834,459,711
238,356,672,238,856,113,0,89,896,421,0,113,1020,1020,0,374,89,834,706,362
238,356,672,238,856,113,0,89,896,421,0,113,1020,1020,0,374,89,834,706,362
285,356,672,285,1025,113,1010,89,932,1024,0,113,1020,1020,0,375,89,834,658,683
285,356,672,285,1025,113,1010,89,932,1024,0,113,1020,1020,0,375,89,834,658,683
285,356,672,285,884,113,0,89,950,601,0,113,1020,1020,0,0,89,834,709,566
290,356,672,290,884,113,0,89,950,601,0,113,1020,1020,0,0,89,834,709,566
290,356,672,290,529,912,267,643,884,510,909,0,1020,1020,0,456,838,1020,0,89
290,358,676,290,529,912,267,643,884,510,909,0,1020,1020,0,456,838,1020,0,89
301,358,676,301,995,934,995,1019,962,512,910,89,1020,1020,89,596,839,1020,992,89
301,358,676,301,995,934,995,1019,962,512,910,89,1020,1020,89,596,839,1020,992,89
301,358,676,301,264,936,998,1019,544,515,913,89,1020,1020,89,729,845,1020,590,89
302,358,676,302,264,936,998,1019,544,515,913,89,1020,1020,89,729,845,1020,590,89
302,358,676,302,663,938,0,1019,544,515,913,89,1052,1018,89,867,873,1020,712,89
302,358,676,302,663,938,0,1019,544,515,913,89,1052,1018,89,867,873,1020,712,89
308,358,676,308,359,1053,0,1019,544,515,913,89,0,724,89,598,894,1020,888,89
308,358,676,308,359,1053,0,1019,544,515,913,89,0,724,89,598,894,1020,888,89
308,358,676,308,71,971,696,1019,544,515,913,89,0,782,89,421,1024,1020,974,89
314,358,676,314,71,971,696,1019,544,515,913,89,0,782,89,421,1024,1020,974,89
314,358,676,314,729,975,813,1019,544,515,913,89,0,1019,89,648,0,1020,995,89
314,358,676,314,729,975,813,1019,544,515,913,89,0,1019,89,648,0,1020,995,89
336,358,676,336,943,1035,892,1019,544,515,913,89,0,1019,89,683,0,1020,256,89
336,358,676,336,943,1035,892,1019,544,515,913,89,0,1019,89,683,0,1020,256,89
336,358,676,336,304,1057,0,1019,544,515,913,89,0,1019,89,571,0,0,256,500
338,358,676,338,304,1057,0,1019,544,515,913,89,0,1019,89,571,0,0,256,500
338,410,684,338,105,697,827,620,544,515,913,1015,719,1019,1020,590,0,0,256,1034
338,410,684,338,105,697,827,620,544,515,913,1015,719,1019,1020,590,0,0,256,1034
352,410,684,352,822,870,0,708,500,897,256,1015,762,1019,1020,0,297,113,256,571
352,410,684,352,822,870,0,708,500,897,256,1015,762,1019,1020,0,297,113,256,571
352,410,684,352,896,985,0,451,509,706,256,1015,783,1019,1020,601,297,113,256,258
366,410,684,366,896,985,0,451,509,706,256,1015,783,1019,1020,601,297,113,256,258
366,410,684,366,1048,730,820,623,509,1040,256,1015,0,1019,1020,905,297,113,256,737
366,410,684,366,1048,730,820,623,509,1040,256,1015,0,1019,1020,905,297,113,256,737
378,410,684,378,590,777,820,711,509,708,256,1015,0,1019,1020,264,297,113,256,663
378,410,684,378,590,777,820,711,509,708,256,1015,0,1019,1020,264,297,113,256,663
378,410,684,378,888,1001,820,264,509,561,256,1015,0,1018,1020,682,297,113,256,678
392,410,684,392,888,1001,820,264,509,561,256,1015,0,1018,1020,682,297,113,256,678
392,410,684,392,737,833,820,908,509,562,256,1015,0,1018,1020,650,297,113,1004,1044
392,410,684,392,737,833,820,908,509,562,256,1015,0,1018,1020,650,297,113,1004,1044
399,410,684,399,543,1021,820,453,509,968,256,1015,113,544,1020,612,297,113,598,679
399,410,684,399,543,1021,820,453,509,968,256,1015,113,544,1020,612,297,113,598,679
399,410,684,399,510,838,820,656,509,711,256,954,113,544,476,510,297,113,668,429
400,651,734,400,510,838,820,656,509,711,256,954,113,544,476,510,297,113,668,429
400,651,734,400,125,839,820,724,509,566,954,954,113,544,476,512,954,581,724,1040
400,651,734,400,125,839,820,724,509,566,954,954,113,544,476,512,954,581,724,1040
401,651,734,401,620,842,820,125,973,974,954,954,113,544,476,513,954,581,1006,0
401,651,734,401,620,842,820,125,973,974,954,954,113,544,476,513,954,581,1006,0
401,651,734,401,513,847,0,965,596,258,954,954,113,544,476,1004,954,581,730,786
415,651,734,415,513,847,0,965,596,258,954,954,113,544,476,1004,954,581,730,786
415,651,734,415,450,848,105,777,658,429,954,954,113,544,476,0,954,581,612,274
415,651,734,415,450,848,105,777,658,429,954,954,113,544,476,0,954,581,612,274
416,651,734,416,861,866,0,659,976,822,954,954,113,544,476,529,954,581,1009,0
416,651,734,416,861,866,0,659,976,822,954,954,113,544,476,529,954,581,1009,0
416,651,734,416,1039,872,835,729,180,723,954,954,113,544,476,647,954,581,738,961
430,651,734,430,1039,872,835,729,180,723,954,954,113,544,476,647,954,581,738,961
430,651,734,430,466,954,0,456,668,910,954,954,513,0,476,658,954,581,620,0
430,651,734,430,466,954,0,456,668,910,954,954,513,0,476,658,954,581,620,0
438,651,734,438,970,954,274,921,981,572,954,0,725,0,910,620,954,581,0,782
438,651,734,438,970,954,274,921,981,572,954,0,725,0,910,620,954,581,0,782
438,755,740,438,318,954,596,738,797,724,492,0,769,509,916,572,0,509,648,1023
447,755,740,447,318,954,596,738,797,724,492,0,769,509,916,572,0,509,648,1023
447,755,740,447,451,954,0,815,797,833,492,71,0,509,921,623,71,509,0,1027
447,755,740,447,451,954,0,815,797,833,492,71,0,509,921,623,71,509,0,1027
454,755,740,454,668,954,741,956,797,361,492,0,0,509,1035,659,820,509,601,0
454,755,740,454,668,954,741,956,797,361,492,0,0,509,1035,659,820,509,601,0
454,755,740,454,606,954,845,839,797,361,492,0,0,509,0,318,820,509,820,710
472,755,740,472,606,954,845,839,797,361,492,0,0,509,0,318,820,509,820,710
472,755,740,472,274,954,0,847,797,361,492,0,0,509,0,888,820,509,820,596
472,755,740,472,274,954,0,847,797,361,492,0,0,509,0,888,820,509,820,596
475,755,740,475,1004,954,861,865,797,361,492,0,0,509,0,892,820,509,820,973
475,755,740,475,1004,954,861,865,797,361,492,0,0,509,0,892,820,509,820,973
475,755,740,475,180,492,0,866,797,361,492,820,509,509,0,0,820,509,820,0
481,755,740,481,180,492,0,866,797,361,492,820,509,509,0,0,820,509,820,0
481,755,740,481,453,492,297,889,797,361,492,820,509,509,820,663,820,509,820,636
481,755,740,481,453,492,297,889,797,361,492,820,509,509,820,663,820,509,820,636
483,755,740,483,553,492,297,922,364,361,698,820,509,801,820,711,820,698,820,965
483,758,751,483,553,492,297,922,364,361,698,820,509,801,820,711,820,698,820,965
483,758,751,483,565,492,297,494,364,361,698,820,509,802,820,304,820,698,820,0
493,758,751,493,565,492,297,494,364,361,698,820,509,802,820,304,820,698,820,0
493,758,751,493,891,492,297,494,364,938,698,820,509,803,820,865,1000,698,820,716
493,758,751,493,891,492,297,494,364,938,698,820,509,803,820,865,1000,698,820,716
497,758,751,497,636,492,297,494,364,941,698,820,509,805,820,0,1002,698,998,834
497,758,751,497,636,492,297,494,364,941,698,820,509,805,820,0,1002,698,998,834
497,758,751,497,867,492,297,494,364,943,698,820,509,807,820,678,1003,698,0,834
508,758,751,508,867,492,297,494,364,943,698,820,509,807,820,678,1003,698,0,834
508,758,751,508,685,492,297,494,364,945,698,820,509,813,820,0,1003,698,896,834
508,758,751,508,685,492,297,494,364,945,698,820,509,813,820,0,1003,698,896,834
518,758,751,518,892,1022,297,494,364,946,698,894,834,0,820,685,1003,698,0,834
518,758,751,518,892,1022,297,494,364,946,698,894,834,0,820,685,1003,698,0,834
518,758,751,518,456,702,386,494,364,1027,698,897,834,0,833,974,1003,698,572,834
525,758,751,525,456,702,386,494,364,1027,698,897,834,0,833,974,1003,698,572,834
525,758,751,525,968,710,0,494,987,956,835,0,834,492,0,0,1003,0,856,834
525,758,751,525,968,710,0,494,987,956,835,0,834,492,0,0,1003,0,856,834
536,773,771,536,813,723,450,543,893,965,0,0,834,492,937,466,1003,105,865,834
536,773,771,536,813,723,450,543,893,965,0,0,834,492,937,466,1003,105,865,834
536,773,771,536,362,738,513,786,988,975,873,0,834,492,961,500,1003,0,0,834
545,773,771,545,362,738,513,786,988,975,873,0,834,492,961,500,1003,0,0,834
545,773,771,545,258,1056,577,925,1000,730,908,0,834,492,0,0,1003,797,429,723
545,773,771,545,258,1056,577,925,1000,730,908,0,834,492,0,0,1003,797,429,723
555,773,771,555,561,807,0,571,900,582,0,0,834,492,0,708,816,797,0,386
555,773,771,555,561,807,0,571,900,582,0,0,834,492,0,708,816,797,0,386
555,773,771,555,566,879,905,971,991,978,0,0,834,492,0,362,816,797,656,0
567,773,771,567,566,879,905,971,991,978,0,0,834,492,0,362,816,797,656,0
567,773,771,567,267,282,0,601,678,318,0,816,0,492,0,710,816,797,866,459
567,773,771,567,267,282,0,601,678,318,0,816,0,492,0,710,816,797,866,459
580,773,771,580,827,282,647,679,1023,769,0,816,125,492,364,0,816,797,0,0
580,773,771,580,827,282,647,679,1023,769,0,816,125,492,364,0,816,797,0,0
580,773,771,580,941,282,732,801,474,606,494,816,557,702,364,716,816,797,125,729
589,773,771,589,941,282,732,801,474,606,494,816,557,702,364,716,816,797,125,729
589,773,771,589,374,282,742,927,477,924,494,816,557,708,364,180,816,797,0,331
589,781,775,589,374,282,742,927,477,924,494,816,557,708,364,180,816,797,0,331
599,781,775,599,871,282,743,362,1029,925,494,816,557,735,364,723,816,797,267,1010
599,781,775,599,871,282,743,362,1029,925,494,816,557,735,364,723,816,797,267,1010
599,781,775,599,900,282,856,375,936,926,494,816,557,786,364,274,816,719,971,0
613,781,775,613,900,282,856,375,936,926,494,816,557,786,364,274,816,719,971,0
613,781,775,613,873,282,0,959,1025,927,494,816,557,0,364,730,0,725,0,668
613,781,775,613,873,282,0,959,1025,927,494,816,557,0,364,730,0,725,0,668
616,781,775,616,1029,282,750,802,709,928,494,816,557,797,364,386,0,777,529,889
616,781,775,616,1029,282,750,802,709,928,494,816,557,797,364,386,0,777,529,889
616,781,775,616,976,476,1006,466,838,934,494,0,557,797,364,562,0,922,679,0
621,781,775,621,976,476,1006,466,838,934,494,0,557,797,364,562,0,922,679,0
621,781,775,621,577,476,0,706,1051,966,494,364,557,797,912,577,0,0,797,732
621,781,775,621,577,476,0,706,1051,966,494,364,557,797,912,577,0,0,797,732
627,781,775,627,1051,476,0,803,529,1048,544,364,815,797,913,732,364,0,797,374
627,781,775,627,1051,476,0,803,529,1048,544,364,815,797,913,732,364,0,797,374
627,781,775,627,331,476,762,909,1035,782,544,364,816,797,913,105,364,0,797,375
629,781,775,629,331,476,762,909,1035,782,544,364,816,797,913,105,364,0,797,375
629,812,791,629,421,476,766,910,750,304,544,364,816,797,913,822,364,180,797,0
629,812,791,629,421,476,766,910,750,304,544,364,816,797,913,822,364,180,797,0
631,812,791,631,647,476,867,911,783,636,544,364,816,797,913,827,364,361,797,741
631,812,791,631,647,476,867,911,783,636,544,364,816,797,913,827,364,361,797,741
631,812,791,631,375,476,0,912,842,643,544,364,816,797,913,0,364,361,797,297
632,812,791,632,375,476,0,912,842,643,544,364,816,797,913,0,364,361,797,297
632,812,791,632,474,476,359,915,1053,659,544,364,816,870,913,453,364,361,797,297
632,812,791,632,474,476,359,915,1053,659,544,364,816,870,913,453,364,361,797,297
635,812,791,635,889,323,374,916,612,1030,544,364,816,871,913,976,364,361,797,297
635,812,791,635,889,323,374,916,612,1030,544,364,816,871,913,976,364,361,797,297
635,812,791,635,973,323,888,919,663,565,544,1019,816,872,913,0,364,361,815,297
638,812,791,638,973,323,888,919,663,565,544,1019,816,872,913,0,364,361,815,297
638,812,791,638,477,323,0,966,710,916,0,1019,816,0,544,797,871,361,816,297
638,812,791,638,477,323,0,966,710,916,0,1019,816,0,544,797,871,361,816,297
646,812,791,646,571,323,769,210,979,1032,581,1019,467,877,544,797,0,361,816,297
646,812,791,646,571,323,769,210,979,1032,581,1019,467,877,544,797,0,361,816,297
646,812,791,646,683,323,918,210,331,628,581,1019,467,884,544,797,889,361,816,297
655,818,817,655,683,323,918,210,331,628,581,1019,467,884,544,797,889,361,816,297
655,818,817,655,429,323,1012,210,459,1043,581,1019,467,891,544,797,1030,762,816,297
655,818,817,655,429,323,1012,210,459,1043,581,1019,467,891,544,797,1030,762,816,297
660,818,817,660,959,323,1014,210,997,1052,581,1019,467,0,544,797,0,783,816,1029
660,818,817,660,959,323,1014,210,997,1052,581,1019,467,0,544,797,0,783,816,1029
660,818,817,660,977,323,1034,210,648,919,581,1019,467,1043,544,797,0,938,816,0
666,818,817,666,977,323,1034,210,648,919,581,1019,467,1043,544,797,0,938,816,0
666,818,817,666,648,986,1039,210,712,1056,581,1019,467,1051,544,797,0,940,816,364
666,818,817,666,648,986,1039,210,712,1056,581,1019,467,1051,544,797,0,940,816,364
667,818,817,667,459,987,1044,210,719,656,581,896,467,1018,544,797,0,940,816,364
667,818,817,667,459,987,1044,210,719,656,581,896,467,1018,544,797,0,940,816,364
667,818,817,667,682,988,1055,210,725,679,581,0,467,1018,834,113,361,940,905,364
669,818,817,669,682,988,1055,210,725,679,581,0,467,1018,834,113,361,940,905,364
669,818,817,669,512,0,0,221,735,805,847,0,360,838,834,113,361,940,975,364
669,818,817,669,512,0,0,221,735,805,847,0,360,838,834,113,361,940,975,364
680,818,817,680,1006,990,0,221,737,834,877,0,360,839,834,113,361,940,0,364
680,818,817,680,1006,990,0,221,737,834,877,0,360,839,834,113,361,940,0,364
680,819,825,680,946,991,0,221,742,834,934,0,360,842,834,113,361,940,451,364
695,819,825,695,946,991,0,221,742,834,934,0,360,842,834,113,361,940,451,364
695,819,825,695,623,992,219,221,743,834,936,0,360,848,834,113,361,940,0,364
695,819,825,695,623,992,219,221,743,834,936,0,360,848,834,113,361,940,0,364
704,819,825,704,658,869,219,221,999,834,943,0,360,893,834,113,361,940,492,364
704,819,825,704,658,869,219,221,999,834,943,0,360,893,834,113,361,940,492,364
704,819,825,704,802,932,219,221,848,834,946,0,360,1057,834,113,361,0,492,650
714,819,825,714,802,932,219,221,848,834,946,0,360,1057,834,113,361,0,492,650
714,819,825,714,905,0,219,221,1007,834,950,698,360,1018,834,113,361,0,492,954
714,819,825,714,905,0,219,221,1007,834,950,698,360,1018,834,113,361,0,492,954
718,819,825,718,1009,937,219,221,696,834,966,698,360,1018,938,361,476,0,492,954
718,819,825,718,1009,937,219,221,696,834,966,698,360,1018,938,361,476,0,492,954
718,819,825,718,572,945,219,467,697,834,981,698,581,709,941,361,476,494,492,954
720,819,825,720,572,945,219,467,697,834,981,698,581,709,941,361,476,494,492,954
720,819,825,720,582,950,219,467,1013,921,0,698,581,737,943,361,476,494,492,954
720,819,825,720,582,950,219,467,1013,921,0,698,581,737,943,361,476,494,492,954
726,819,825,726,786,974,219,467,702,111,0,698,581,1018,966,361,476,494,492,954
726,824,828,726,786,974,219,467,702,111,0,698,581,1018,966,361,476,494,492,954
726,824,828,726,835,981,256,467,894,111,0,698,581,1018,0,361,476,494,492,954
727,824,828,727,835,981,256,467,894,205,0,698,581,1018,0,361,476,494,492,954
727,824,828,727,877,1000,256,467,1041,205,0,698,581,1018,0,361,476,494,582,954
727,824,828,727,877,1000,256,467,1041,205,0,698,581,1018,0,361,476,494,582,954
736,824,828,736,961,1002,256,467,716,238,0,698,581,297,0,361,476,494,682,954
736,824,828,736,961,1002,256,467,716,238,0,698,581,297,0,361,476,494,682,954
736,824,828,736,598,1023,256,467,870,238,0,515,581,297,0,361,476,494,0,0
739,824,828,739,598,1023,256,467,870,285,0,515,581,297,0,361,476,494,0,0
739,824,828,739,893,1024,256,467,871,285,912,515,581,297,494,0,856,494,0,940
739,824,828,739,893,1024,256,467,871,285,912,515,581,297,494,0,856,494,0,940
748,824,828,748,612,1027,256,805,872,301,916,515,940,297,494,258,879,0,884,940
748,824,828,748,612,1027,256,805,872,301,916,515,940,297,494,258,879,0,884,940
748,824,828,748,712,1030,256,807,873,301,919,515,940,297,494,1009,908,0,891,940
752,824,828,752,712,1030,256,807,873,302,919,515,940,297,494,1009,908,0,891,940
752,824,828,752,865,1032,256,977,1050,302,921,515,940,297,494,0,913,776,968,940
752,824,828,752,865,1032,256,977,1050,302,921,515,940,297,494,0,913,776,968,940
754,843,829,754,894,1040,0,816,877,308,0,515,940,297,494,494,913,848,986,940
754,843,829,754,894,1040,0,816,877,308,0,515,940,297,494,494,913,848,986,940
754,843,829,754,803,869,553,816,879,308,0,515,940,297,494,494,913,0,0,940
757,843,829,757,803,869,553,816,879,314,0,515,940,297,494,494,913,0,0,940
757,843,829,757,962,581,590,816,918,314,0,515,940,282,494,494,913,0,696,940
757,843,829,757,962,581,590,816,918,314,0,515,940,282,494,494,913,0,696,940
770,843,829,770,909,581,650,816,1058,336,0,913,940,282,494,494,913,0,801,940
770,843,829,770,909,581,650,816,1058,336,0,913,940,282,494,494,913,0,801,940
770,843,829,770,735,581,678,816,728,336,0,913,940,282,297,494,913,0,802,0
774,843,829,774,735,581,678,816,728,352,0,913,940,282,297,494,913,0,802,0
774,843,829,774,709,581,776,816,728,352,0,913,0,282,297,494,913,282,803,742
774,843,829,774,709,581,776,816,728,352,0,913,0,282,297,494,913,282,803,742
780,843,829,780,716,581,920,816,728,356,866,913,0,282,297,494,913,282,805,743
780,843,829,780,716,581,920,816,728,356,866,913,0,282,297,494,913,282,805,743
780,843,829,780,719,581,0,816,728,358,879,913,777,282,297,494,928,282,807,750
784,843,829,784,719,581,0,816,728,358,879,913,777,282,297,494,928,282,807,750
784,843,829,784,725,581,360,986,728,366,987,913,0,282,297,561,932,282,0,976
784,844,830,784,725,581,360,986,728,366,987,913,0,282,297,561,932,282,0,976
785,844,830,785,732,581,360,990,728,378,988,913,0,282,297,0,934,282,861,0
785,844,830,785,732,581,360,990,728,378,988,913,0,282,297,0,934,282,861,0
790,844,830,790,741,897,360,1002,728,399,991,913,0,696,297,582,0,282,988,766
790,844,830,790,741,897,360,1002,728,399,991,913,0,696,297,582,0,282,988,766
792,844,830,792,845,0,360,1043,728,401,1000,467,0,697,297,0,936,282,0,769
792,844,830,792,845,0,360,1043,728,401,1000,467,0,697,297,0,936,282,0,769
794,844,830,794,915,908,360,1057,202,410,1002,467,0,0,509,965,937,282,360,0
794,844,830,794,915,908,360,1057,202,410,1002,467,0,0,509,965,937,282,360,0
804,844,830,804,762,911,360,290,202,416,1003,467,282,712,509,977,941,924,360,421
804,844,830,804,762,911,360,290,338,416,1003,467,282,712,509,977,941,924,360,421
806,844,830,806,776,913,360,290,338,536,1003,467,282,987,509,0,945,925,360,659
806,844,830,806,776,913,360,290,338,536,1003,467,282,987,509,0,945,925,360,659
823,844,830,823,801,913,360,392,438,580,1003,467,282,0,509,331,959,927,360,0
823,844,830,823,801,913,360,392,438,580,1003,467,282,0,509,331,959,927,360,0
837,844,830,837,815,913,1004,392,438,613,1003,467,282,991,509,0,977,962,360,304
837,844,830,837,815,913,1004,392,472,613,1003,467,282,991,509,0,977,962,360,304
846,863,831,846,922,913,1009,400,472,616,1003,467,282,992,509,359,1035,0,360,553
846,863,831,846,922,913,1009,400,472,616,1003,467,282,992,509,359,1035,0,360,553
849,863,831,849,928,913,0,400,475,627,1003,467,282,1006,509,360,0,0,360,562
849,863,831,849,928,913,0,400,475,627,1003,467,282,1006,509,360,0,0,360,562
852,863,831,852,978,913,0,415,475,629,1003,557,282,1010,509,360,0,0,360,623
852,863,831,852,978,913,0,415,481,629,1003,557,282,1010,509,360,0,0,360,623
854,863,831,854,1052,913,682,415,481,631,1003,557,282,1024,1003,360,0,0,474,0
854,863,831,854,1052,913,682,415,481,631,1003,557,282,1024,1003,360,0,0,474,0
855,863,831,855,1010,913,782,430,483,632,1019,557,361,1027,1003,360,0,476,477,450
855,863,831,855,1010,913,782,430,483,632,1019,557,361,1027,1003,360,0,476,477,450
862,863,831,862,1012,1003,924,430,483,635,1019,557,361,1039,1003,360,210,476,697,451
862,863,831,862,1012,1003,924,430,497,635,1019,557,361,1039,1003,360,210,476,697,451
868,863,831,868,1014,1003,0,447,497,655,1019,557,361,1018,1003,360,210,476,0,561
868,863,831,868,1014,1003,0,447,497,655,1019,557,361,1018,1003,360,210,476,0,561
874,863,831,874,1034,1003,557,447,508,672,1019,557,361,1018,1003,360,210,476,512,565
874,863,831,874,1034,1003,557,447,508,672,1019,557,361,1018,1003,360,210,476,512,565
875,863,831,875,1044,1003,557,454,508,676,1019,557,361,1018,1003,360,210,476,0,813
875,899,832,875,1044,1003,557,454,518,676,1019,557,361,1018,1003,360,210,476,0,813
880,899,832,880,1055,1003,557,454,518,684,1019,557,361,742,1003,606,210,476,543,822
880,899,832,880,1055,1003,557,454,518,684,1019,557,361,742,1003,606,210,476,543,822
882,899,832,882,356,1003,557,493,525,695,1019,476,361,743,1003,924,210,476,544,867
882,899,832,882,356,1003,557,493,525,695,1019,476,361,743,1003,924,210,476,544,867
887,899,832,887,356,1003,557,493,525,714,1019,476,361,750,835,925,210,476,544,0
887,899,832,887,356,1003,557,493,638,714,1019,476,361,750,835,925,210,476,544,0
890,899,832,890,356,1003,557,545,638,734,0,476,928,0,919,926,210,909,544,474
890,899,832,890,356,1003,557,545,638,734,0,476,928,0,919,926,210,909,544,474
895,899,832,895,356,672,557,545,646,739,282,476,1048,766,945,927,467,911,544,606
895,899,832,895,356,672,557,545,646,739,282,476,1048,766,945,927,467,911,544,606
898,899,832,898,358,672,557,555,646,740,282,476,0,0,1053,959,467,915,544,0
898,899,832,898,358,672,557,555,651,740,282,476,0,0,1053,959,467,915,544,0
903,899,832,903,358,672,1020,555,651,748,282,476,0,0,0,968,467,918,544,577
903,899,832,903,358,676,1020,567,651,748,282,476,0,0,0,968,467,918,544,577
906,899,832,906,358,676,1020,567,666,751,282,476,0,0,0,981,467,0,544,0
906,899,832,906,358,676,1020,567,666,751,282,476,0,0,0,981,467,0,544,0
914,901,858,914,358,676,1020,589,666,755,282,476,0,323,0,998,467,0,544,477
914,901,858,914,358,676,1020,589,667,755,282,476,0,323,0,998,467,0,544,477
917,901,858,917,410,684,1020,589,667,771,282,210,0,323,0,1025,467,0,0,0
917,901,858,917,410,684,1020,599,667,771,282,210,0,323,0,1025,467,0,0,0
923,901,858,923,410,684,1020,599,680,773,282,210,0,323,581,0,467,0,323,1039
923,901,858,923,410,684,1020,599,680,773,282,210,0,323,581,0,467,0,323,1039
929,901,858,929,410,684,1020,621,680,775,282,210,210,323,581,543,467,557,323,1052
929,901,858,929,410,734,1020,621,704,775,282,210,210,323,581,543,467,557,323,1052
930,901,858,930,410,734,1020,621,704,791,323,210,210,323,581,738,221,557,323,0
930,901,858,930,410,734,1020,660,704,791,323,210,210,323,581,738,221,557,323,0
939,901,858,939,651,734,1020,660,720,812,323,210,210,323,581,741,221,557,323,827
939,901,858,939,651,734,1020,660,720,812,323,210,210,323,581,741,221,557,323,827
942,901,858,942,651,740,698,669,720,817,323,210,210,323,581,0,221,557,323,892
942,901,858,942,651,740,698,669,726,817,323,210,210,323,581,0,221,557,323,892
944,901,858,944,651,740,698,669,726,819,323,210,210,323,581,565,221,557,323,0
944,901,858,944,651,740,698,718,726,819,323,210,210,323,581,565,221,557,323,0
947,952,860,947,651,740,698,718,727,824,323,210,210,1014,581,0,221,557,323,466
947,952,860,947,651,751,698,718,727,824,323,210,210,1014,581,0,221,557,323,466
948,952,860,948,758,751,698,752,727,825,323,219,210,1015,581,911,221,557,323,510
948,952,860,948,758,751,698,752,736,825,323,219,210,1015,581,911,221,557,323,510
951,952,860,951,758,751,698,752,736,828,323,219,210,1015,221,915,221,557,1012,0
951,952,860,951,758,751,698,754,736,828,323,219,210,1015,221,915,221,557,1012,0
955,952,860,955,758,755,698,754,757,829,323,219,219,1015,221,918,221,842,1014,210
955,952,860,955,758,755,698,754,757,829,323,219,219,1015,221,918,221,842,1014,210
957,952,860,957,758,755,698,770,757,830,1015,219,219,1015,221,920,986,845,1025,210
957,952,860,957,758,755,698,770,758,830,1015,219,219,1015,221,920,986,845,1025,210
958,952,860,958,781,755,698,770,758,831,1015,219,219,1015,221,922,990,847,1030,210
958,952,860,958,781,771,698,774,758,831,1015,219,219,1015,221,922,990,847,1030,210
960,952,860,960,781,771,940,774,780,832,1015,219,219,1015,221,950,995,920,1032,210
960,952,860,960,781,771,940,774,780,832,1015,219,219,1015,221,950,995,920,1032,210
964,952,860,964,781,771,940,784,780,843,1015,219,219,1015,221,956,1055,0,1043,210
964,952,860,964,781,771,940,784,781,843,1015,219,219,1015,221,956,1055,0,1043,210
967,953,869,967,781,773,940,784,781,858,1015,219,219,1015,221,962,0,0,1051,210
967,953,869,967,781,773,940,785,781,858,1015,219,219,1015,221,962,0,0,1051,210
969,953,869,969,812,773,940,785,790,860,1015,1003,219,0,221,971,0,0,0,210
969,953,869,969,812,773,940,785,790,860,1015,1003,219,0,221,971,0,0,0,210
972,953,869,972,812,775,940,804,790,869,1015,1003,219,706,932,1029,0,0,0,210
972,953,869,972,812,775,940,804,792,869,1015,1003,219,706,932,1029,0,0,0,210
979,953,869,979,812,775,940,804,792,890,1015,1003,698,0,0,1034,0,323,628,264
979,953,869,979,812,775,940,806,792,890,1015,1003,698,0,0,1034,0,323,628,264
980,953,869,980,812,791,940,806,794,901,870,1003,698,776,946,1040,728,323,0,267
980,953,869,980,812,791,940,806,794,901,870,1003,698,776,946,1040,728,323,0,267
982,953,869,982,818,791,940,849,794,923,872,1003,698,0,0,0,728,323,0,0
982,953,869,982,818,791,940,849,818,923,872,1003,698,0,0,0,728,323,0,0
983,953,869,983,818,817,1015,849,818,939,893,1003,698,0,0,553,728,323,0,318
983,953,869,983,818,817,1015,852,818,939,893,1003,698,0,0,553,728,323,0,318
993,953,869,993,818,817,1015,852,823,942,0,1003,698,0,0,566,728,323,647,359
993,953,869,993,818,817,1015,852,823,942,0,1003,698,0,0,566,728,323,647,359
994,985,1018,994,818,825,1015,854,823,944,0,1003,698,219,0,1044,728,323,0,0
994,985,1018,994,818,825,1015,854,837,944,0,1003,698,219,0,1044,728,323,0,0
996,985,1018,996,819,825,1015,854,837,947,0,256,698,219,0,0,728,323,0,897
996,985,1018,996,819,825,1015,855,837,947,0,256,698,219,0,0,728,323,0,897
997,985,1018,997,819,828,1015,855,844,948,0,256,698,219,728,628,728,323,219,0
997,985,1018,997,819,828,1015,855,844,948,0,256,698,219,728,628,728,323,219,0
999,985,1018,999,819,828,1015,862,844,952,0,256,515,219,728,1055,728,515,219,221
999,985,1018,999,819,828,1015,862,846,952,0,256,515,219,728,1055,728,515,219,221
1005,985,1018,1005,819,829,1015,862,846,953,467,256,515,219,728,0,0,515,219,221
1005,985,1018,1005,819,829,1015,903,846,953,467,256,515,219,728,0,0,515,219,221
1007,985,1018,1007,824,829,1015,903,863,955,467,256,515,219,728,0,970,515,219,221
1007,985,1018,1007,824,829,1015,903,863,955,467,256,515,219,728,0,970,515,219,221
1011,985,1018,1011,824,830,1018,906,863,958,467,256,515,219,728,636,1023,515,219,221
1011,985,1018,1011,824,830,1018,906,868,958,467,256,515,219,728,636,1023,515,219,221
1013,985,1018,1013,824,830,1018,906,868,972,467,256,515,219,728,900,1057,515,219,221
1013,985,1018,1013,824,830,1018,914,868,972,467,256,515,219,728,900,1057,515,219,221
1016,1001,1021,1016,824,831,1018,914,874,982,467,256,515,360,728,0,0,515,219,221
1016,1001,1021,1016,824,831,1018,914,874,982,467,256,515,360,728,0,0,515,219,221
1017,1001,1021,1017,844,831,1018,917,875,985,467,940,515,360,728,0,0,515,219,221
1017,1001,1021,1017,844,831,1018,917,875,985,467,940,515,360,728,0,0,515,219,221
1026,1001,1021,1026,844,832,1018,917,880,994,467,940,515,360,515,221,0,515,1015,221
1026,1001,1021,1026,844,832,1018,980,880,994,467,940,515,360,515,221,0,515,1015,221
1028,1001,1021,1028,844,832,1018,980,882,1001,467,940,728,360,515,221,0,728,1015,492
1028,1001,1021,1028,844,832,1018,980,882,1001,467,940,728,360,515,221,0,728,1015,492
1033,1001,1021,1033,844,843,1018,983,887,1005,557,940,728,360,515,221,1019,728,1015,492
1033,1001,1021,1033,844,843,1018,983,887,1005,557,940,728,360,515,221,1019,728,1015,492
1036,1001,1021,1036,863,843,1018,983,895,1011,557,940,728,360,515,221,1019,728,1015,492
1036,1001,1021,1036,863,843,1018,993,895,1011,557,940,728,360,515,221,1019,728,1015,492
1037,1001,1021,1037,863,858,1018,993,898,1021,557,940,728,360,515,221,1019,728,1015,492
1037,1001,1021,1037,863,858,1018,993,898,1021,557,940,728,360,515,221,1019,728,1015,492
1038,1001,1021,1038,863,858,1018,996,899,1022,557,940,728,360,515,221,1019,728,1015,492
1038,1001,1021,1038,863,858,1018,996,899,1022,557,940,728,360,515,221,1019,728,1015,492
1041,1022,1056,1041,863,860,1018,996,929,1026,557,940,728,256,515,221,1019,728,1015,492
1041,1022,1056,1041,863,860,1018,1016,929,1026,557,940,728,256,515,221,1019,728,1015,492
1045,1022,1056,1045,899,860,1018,1016,930,1028,557,0,728,256,515,221,1019,728,1015,492
1045,1022,1056,1045,899,860,1018,1016,930,1028,557,0,728,256,515,221,1019,728,1015,492
1046,1022,1056,1046,899,869,1018,1017,951,1036,557,0,728,256,0,0,1019,728,0,492
1046,1022,1056,1046,899,869,1018,1017,951,1036,557,0,728,256,0,0,1019,728,0,492
1047,1022,1056,1047,899,869,1018,1017,957,1037,557,0,0,256,0,0,1019,0,0,0
1047,1022,1056,1047,899,869,1018,1033,957,1037,557,0,0,256,0,0,1019,0,0,0
1049,1022,1056,1049,899,952,1018,1033,960,1038,0,0,0,256,0,0,0,0,0,0
1049,1022,1056,1049,901,952,1018,1033,960,1038,0,0,0,256,0,0,0,0,0,0
1050,1022,1056,1050,901,952,1018,1049,964,1045,0,0,0,256,0,0,0,0,0,0
1050,1022,1056,1050,901,952,1018,1049,964,1045,0,0,0,256,0,0,0,0,0,0
1054,1022,1056,1054,901,953,1018,1049,967,1046,0,0,0,256,0,0,0,0,0,0
1054,1022,1056,1054,901,953,1018,1054,967,1046,0,0,0,256,0,0,0,0,0,0
1058,1022,1056,1058,901,953,1018,1054,969,1047,0,0,0,256,0,0,0,0,0,0
1058,1022,1056,1058,901,953,1018,1054,969,1047,0,0,0,256,0,0,0,0,0,0