2,3,5,2,3,1,6,1,1,1,1,1,28,7,1,7,6,0,7,6
2,3,5,2,3,1,6,1,1,1,1,1,28,7,1,7,6,0,7,6
2,3,5,2,3,4,6,4,4,4,4,4,28,7,4,7,6,0,7,6
2,3,5,2,3,4,6,4,4,4,4,4,28,7,4,7,6,0,7,6
2,3,5,2,3,7,6,8,8,8,7,6,28,7,6,7,6,0,7,6
2,3,5,2,3,7,6,8,8,8,7,6,28,7,6,7,6,0,7,6
2,3,5,2,3,7,6,9,9,9,7,6,28,7,6,7,6,0,7,6
2,3,5,2,3,7,6,9,9,9,7,6,28,7,6,7,6,0,7,6
2,3,5,2,3,7,6,10,10,10,7,6,28,7,6,7,6,0,7,6
2,3,5,2,3,7,6,10,10,10,7,6,28,7,6,7,6,0,7,6
2,3,5,2,3,7,6,11,11,11,7,6,28,7,6,7,6,0,7,6
2,3,5,2,3,7,6,11,11,11,7,6,28,7,6,7,6,0,7,6
2,3,5,2,3,7,6,12,12,12,7,6,28,7,6,7,6,0,7,6
2,3,5,2,3,7,6,12,12,12,7,6,28,7,6,7,6,0,7,6
2,3,5,2,3,7,6,13,13,13,7,6,28,7,6,7,6,0,7,6
2,3,5,2,3,7,6,13,13,13,7,6,28,7,6,7,6,0,7,6
2,3,5,2,3,7,16,14,14,14,7,6,28,20,6,20,16,0,20,16
2,3,5,2,3,7,16,14,14,14,7,6,28,20,6,20,16,0,20,16
2,3,5,2,3,7,16,15,15,15,7,6,28,20,6,20,16,0,20,16
2,3,5,2,3,7,16,15,15,15,7,6,28,20,6,20,16,0,20,16
2,3,5,2,3,8,16,17,17,17,8,8,28,20,8,20,16,0,20,16
2,3,5,2,3,8,16,17,17,17,8,8,28,20,8,20,16,0,20,16
2,3,5,2,3,9,16,19,19,19,9,9,28,20,9,20,16,0,20,16
2,3,5,2,3,9,16,19,19,19,9,9,28,20,9,20,16,0,20,16
2,3,5,2,3,10,16,22,22,22,10,10,28,20,10,20,16,0,20,16
2,3,5,2,3,10,16,22,22,22,10,10,28,20,10,20,16,0,20,16
2,3,5,2,3,11,16,23,23,23,11,11,28,20,11,20,16,0,20,16
2,3,5,2,3,11,16,23,23,23,11,11,28,20,11,20,16,0,20,16
2,3,5,2,3,12,16,24,24,24,12,12,28,20,12,20,16,0,20,16
2,3,5,2,3,12,16,24,24,24,12,12,28,20,12,20,16,0,20,16
2,3,5,2,3,13,16,36,36,36,13,13,28,20,13,20,16,0,20,16
2,3,5,2,3,13,16,36,36,36,13,13,28,20,13,20,16,0,20,16
2,3,5,2,3,14,21,39,39,39,14,14,28,26,14,26,21,0,26,21
2,3,5,2,3,14,21,39,39,39,14,14,28,26,14,26,21,0,26,21
2,3,5,2,3,15,21,40,40,40,15,15,28,26,15,26,21,0,26,21
2,3,5,2,3,15,21,40,40,40,15,15,28,26,15,26,21,0,26,21
2,3,5,2,3,17,21,44,44,44,17,16,28,26,16,26,21,0,26,21
2,3,5,2,3,17,21,44,44,44,17,16,28,26,16,26,21,0,26,21
2,3,5,2,3,19,21,45,45,45,19,16,28,26,16,26,21,0,26,21
2,3,5,2,3,19,21,45,45,45,19,16,28,26,16,26,21,0,26,21
2,3,5,2,3,20,21,48,48,48,20,16,28,26,16,26,21,0,26,21
18,3,5,2,3,20,21,48,48,48,20,16,28,26,16,26,21,0,26,21
18,3,5,2,3,20,21,56,56,56,20,16,28,26,16,26,21,0,26,21
18,3,5,2,3,20,21,56,56,56,20,16,28,26,16,26,21,0,26,21
18,3,5,2,3,20,21,62,62,62,20,16,28,26,16,26,21,0,26,21
18,3,5,2,3,20,21,62,62,62,20,16,28,26,16,26,21,0,26,21
18,25,5,29,3,20,21,68,68,68,20,16,28,26,16,26,21,0,26,21
18,25,5,29,3,20,21,68,68,68,20,16,28,26,16,26,21,0,26,21
18,25,5,29,3,20,30,69,69,69,20,16,28,27,16,27,30,0,27,30
18,25,5,29,3,20,30,69,69,69,20,16,28,27,16,27,30,0,27,30
18,25,5,29,3,20,30,71,71,71,20,16,28,27,16,27,30,0,27,30
18,25,5,29,3,20,30,71,71,71,20,16,28,27,16,27,30,0,27,30
18,25,5,29,3,20,30,74,74,74,20,17,28,27,17,27,30,0,27,30
18,25,28,29,25,20,30,74,74,74,20,17,28,27,17,27,30,0,27,30
18,25,28,29,25,20,30,77,77,77,20,19,28,27,19,27,30,0,27,30
18,25,28,29,25,20,30,77,77,77,20,19,28,27,19,27,30,0,27,30
18,25,28,29,25,22,30,79,79,79,22,21,28,27,21,27,30,0,27,30
18,25,28,29,25,22,30,79,79,79,22,21,28,27,21,27,30,0,27,30
18,25,28,29,25,23,30,80,80,80,23,21,28,27,21,27,30,0,27,30
18,25,28,29,25,23,30,80,80,80,23,21,28,27,21,27,30,0,27,30
18,25,28,29,25,24,30,84,84,84,24,21,28,27,21,27,30,0,27,30
18,25,28,29,25,24,30,84,84,84,24,21,28,27,21,27,30,0,27,30
18,25,28,29,25,26,30,86,86,86,26,21,28,27,21,27,30,0,27,30
18,25,28,29,25,26,30,86,86,86,26,21,28,27,21,27,30,0,27,30
18,25,28,29,25,26,32,87,87,87,26,21,28,33,21,33,32,0,33,32
18,25,28,29,25,26,32,87,87,87,26,21,28,33,21,33,32,0,33,32
18,25,28,29,25,26,32,89,89,89,26,21,28,33,21,33,32,0,33,32
18,25,28,29,25,26,32,89,89,89,26,21,28,33,21,33,32,0,33,32
18,25,28,29,25,26,32,91,91,91,26,21,28,33,21,33,32,0,33,32
18,25,28,29,25,26,32,91,91,91,26,21,28,33,21,33,32,0,33,32
18,25,28,29,25,26,32,2,3,5,26,21,28,33,21,33,32,0,33,32
18,25,28,29,25,26,32,2,3,5,26,21,28,33,21,33,32,0,33,32
18,25,28,29,25,26,32,2,3,5,26,22,28,33,22,33,32,0,33,32
18,25,28,29,25,26,32,2,3,5,26,22,28,33,22,33,32,0,33,32
18,25,28,29,25,26,32,2,3,5,26,23,31,33,23,33,32,0,33,32
18,25,28,29,25,26,32,2,3,5,26,23,31,33,23,33,32,0,33,32
18,25,28,29,25,26,32,2,3,5,26,24,31,33,24,33,32,0,33,32
18,25,28,29,25,26,32,2,3,5,26,24,31,33,24,33,32,0,33,32
18,25,28,29,25,27,32,2,3,5,27,30,31,33,30,33,32,0,33,32
18,25,28,29,25,27,32,2,3,5,27,30,31,33,30,33,32,0,33,32
18,25,28,29,25,27,35,2,3,5,27,30,31,42,30,42,35,0,42,35
18,25,28,29,25,27,35,2,3,5,27,30,31,42,30,42,35,0,42,35
29,25,28,29,25,27,35,2,3,5,27,30,31,42,30,42,35,0,42,35
29,25,28,29,25,27,35,2,3,5,27,30,31,42,30,42,35,0,42,35
29,25,28,29,25,27,35,2,3,5,27,30,31,42,30,42,35,0,42,35
29,25,28,29,25,27,35,2,3,5,27,30,31,42,30,42,35,0,42,35
29,25,28,29,25,27,35,2,3,5,27,30,31,42,30,42,35,0,42,35
29,25,28,29,25,27,35,2,3,5,27,30,31,42,30,42,35,0,42,35
29,25,28,29,25,27,35,2,3,5,27,30,31,42,30,42,35,0,42,35
29,25,28,29,25,27,35,2,3,5,27,30,31,42,30,42,35,0,42,35
29,25,28,29,25,27,35,2,3,5,27,30,31,42,30,42,35,0,42,35
29,25,28,29,25,27,35,2,3,5,27,30,31,42,30,42,35,0,42,35
29,31,28,37,25,27,35,2,3,5,27,30,31,42,30,42,35,0,42,35
29,31,28,37,25,27,35,2,3,5,27,30,31,42,30,42,35,0,42,35
29,31,28,37,25,33,35,2,3,5,33,32,31,42,32,42,35,0,42,35
29,31,28,37,25,33,35,2,3,5,33,32,31,42,32,42,35,0,42,35
29,31,28,37,25,33,43,2,3,5,33,32,31,47,32,47,43,0,47,43
29,31,28,37,25,33,43,2,3,5,33,32,31,47,32,47,43,0,47,43
29,31,28,37,25,33,43,2,3,5,33,32,31,47,32,47,43,0,47,43
29,31,28,37,25,33,43,2,3,5,33,32,31,47,32,47,43,0,47,43
29,31,28,37,25,33,43,2,3,5,33,32,31,47,32,47,43,0,47,43
29,31,28,37,25,33,43,2,3,5,33,32,31,47,32,47,43,0,47,43
29,31,28,37,25,33,43,2,3,5,33,32,31,47,32,47,43,0,47,43
29,31,28,37,25,33,43,2,3,5,33,32,31,47,32,47,43,0,47,43
29,31,28,37,25,33,43,2,3,5,33,32,31,47,32,47,43,0,47,43
29,31,28,37,25,33,43,2,3,5,33,32,31,47,32,47,43,0,47,43
29,31,34,37,38,33,43,2,3,5,33,32,31,47,32,47,43,0,47,43
29,31,34,37,38,33,43,2,3,5,33,32,31,47,32,47,43,0,47,43
29,31,34,37,38,33,43,2,3,5,33,32,31,47,32,47,43,0,47,43
29,31,34,37,38,33,43,2,3,5,33,32,31,47,32,47,43,0,47,43
29,31,34,37,38,36,43,2,3,5,36,35,31,47,35,47,43,0,47,43
29,31,34,37,38,36,43,2,3,5,36,35,31,47,35,47,43,0,47,43
29,31,34,37,38,39,52,2,3,5,39,35,31,54,35,54,52,0,54,52
29,31,34,37,38,39,52,2,3,5,39,35,31,54,35,54,52,0,54,52
29,31,34,37,38,40,52,2,3,5,40,35,31,54,35,54,52,0,54,52
29,31,34,37,38,40,52,2,3,5,40,35,31,54,35,54,52,0,54,52
29,31,34,37,38,42,52,2,3,5,42,35,31,54,35,54,52,0,54,52
29,31,34,37,38,42,52,2,3,5,42,35,31,54,35,54,52,0,54,52
29,31,34,37,38,42,52,2,3,5,42,35,31,54,35,54,52,0,54,52
29,31,34,37,38,42,52,2,3,5,42,35,31,54,35,54,52,0,54,52
29,31,34,37,38,42,52,2,3,5,42,35,31,54,35,54,52,0,54,52
29,31,34,37,38,42,52,2,3,5,42,35,31,54,35,54,52,0,54,52
29,31,34,37,38,42,52,2,3,5,42,35,31,54,35,54,52,0,54,52
37,31,34,37,38,42,52,2,3,5,42,35,31,54,35,54,52,0,54,52
37,31,34,37,38,42,52,2,3,5,42,35,31,54,35,54,52,0,54,52
37,31,34,37,38,42,52,2,3,5,42,35,31,54,35,54,52,0,54,52
37,31,34,37,38,42,52,2,3,5,42,36,31,54,36,54,52,0,54,52
37,31,34,37,38,42,52,2,3,5,42,36,31,54,36,54,52,0,54,52
37,31,34,37,38,42,57,2,3,5,42,39,31,58,39,58,57,0,58,57
37,31,34,37,38,42,57,2,3,5,42,39,31,58,39,58,57,0,58,57
37,31,34,37,38,42,57,2,3,5,42,40,31,58,40,58,57,0,58,57
37,31,34,37,38,42,57,2,3,5,42,40,31,58,40,58,57,0,58,57
37,31,34,37,38,44,57,2,3,5,44,43,31,58,43,58,57,0,58,57
37,31,34,37,38,44,57,2,3,5,44,43,31,58,43,58,57,0,58,57
37,31,34,37,38,45,57,2,3,5,45,43,31,58,43,58,57,0,58,57
37,31,34,37,38,45,57,2,3,5,45,43,31,58,43,58,57,0,58,57
37,31,34,37,38,47,57,2,3,5,47,43,31,58,43,58,57,0,58,57
37,31,34,37,38,47,57,2,3,5,47,43,31,58,43,58,57,0,58,57
37,38,34,46,38,47,57,2,3,5,47,43,31,58,43,58,57,0,58,57
37,38,34,46,38,47,57,2,3,5,47,43,31,58,43,58,57,0,58,57
37,38,34,46,38,47,57,2,3,5,47,43,31,58,43,58,57,0,58,57
37,38,34,46,38,47,57,2,3,5,47,43,31,58,43,58,57,0,58,57
37,38,34,46,38,47,57,2,3,5,47,43,31,58,43,58,57,0,58,57
37,38,34,46,38,47,57,2,3,5,47,43,31,58,43,58,57,0,58,57
37,38,34,46,38,47,60,2,3,5,47,43,31,63,43,63,60,0,63,60
37,38,34,46,38,47,60,37,38,41,47,43,31,63,43,63,60,0,63,60
37,38,34,46,38,47,60,37,38,41,47,43,31,63,43,63,60,0,63,60
37,38,34,46,38,47,60,37,38,41,47,43,31,63,43,63,60,0,63,60
37,38,34,46,38,47,60,37,38,41,47,44,50,63,44,63,60,0,63,60
37,38,34,46,38,47,60,37,38,41,47,44,50,63,44,63,60,0,63,60
37,38,34,46,38,47,60,37,38,41,47,45,50,63,45,63,60,0,63,60
37,38,34,46,38,47,60,37,38,41,47,45,50,63,45,63,60,0,63,60
37,38,34,46,38,48,60,37,38,41,48,48,50,63,48,63,60,0,63,60
37,38,34,46,38,48,60,37,38,41,48,48,50,63,48,63,60,0,63,60
37,38,34,46,38,54,60,37,38,41,54,52,50,63,52,63,60,0,63,60
37,38,34,46,38,54,60,37,38,41,54,52,50,63,52,63,60,0,63,60
37,38,34,46,38,54,60,37,38,41,54,52,50,63,52,63,60,0,63,60
37,38,34,46,38,54,60,37,38,41,54,52,50,63,52,63,60,0,63,60
37,38,34,46,38,54,60,37,38,41,54,52,50,63,52,63,60,0,63,60
37,38,41,46,49,54,60,37,38,41,54,52,50,63,52,63,60,0,63,60
37,38,41,46,49,54,64,37,38,41,54,52,50,67,52,67,64,0,67,64
37,38,41,46,49,54,64,37,38,41,54,52,50,67,52,67,64,0,67,64
37,38,41,46,49,54,64,37,38,41,54,52,50,67,52,67,64,0,67,64
37,38,41,46,49,54,64,37,38,41,54,52,50,67,52,67,64,0,67,64
46,38,41,46,49,54,64,37,38,41,54,52,50,67,52,67,64,0,67,64
46,38,41,46,49,54,64,37,38,41,54,52,50,67,52,67,64,0,67,64
46,38,41,46,49,54,64,37,38,41,54,52,50,67,52,67,64,0,67,64
46,38,41,46,49,54,64,37,38,41,54,52,50,67,52,67,64,0,67,64
46,38,41,46,49,54,64,37,38,41,54,52,50,67,52,67,64,0,67,64
46,38,41,46,49,54,64,37,38,41,54,52,50,67,52,67,64,0,67,64
46,38,41,46,49,56,64,37,38,41,56,56,50,67,56,67,64,0,67,64
46,38,41,46,49,56,64,37,38,41,56,56,50,67,56,67,64,0,67,64
46,38,41,46,49,58,64,37,38,41,58,57,50,67,57,67,64,0,67,64
46,38,41,46,49,58,64,37,38,41,58,57,50,67,57,67,64,0,67,64
46,38,41,46,49,58,64,37,38,41,58,57,50,67,57,67,64,0,67,64
46,38,41,46,49,58,64,37,38,41,58,57,50,67,57,67,64,0,67,64
46,38,41,46,49,58,72,37,38,41,58,57,50,73,57,73,72,0,73,72
46,38,41,46,49,58,72,37,38,41,58,57,50,73,57,73,72,0,73,72
46,38,41,46,49,58,72,37,38,41,58,57,50,73,57,73,72,0,73,72
46,38,41,46,49,58,72,37,38,41,58,57,50,73,57,73,72,0,73,72
46,38,41,46,49,58,72,37,38,41,58,57,50,73,57,73,72,0,73,72
46,38,41,46,49,58,72,37,38,41,58,57,50,73,57,73,72,0,73,72
46,38,41,46,49,58,72,37,38,41,58,57,50,73,57,73,72,0,73,72
46,38,41,46,49,58,72,37,38,41,58,57,50,73,57,73,72,0,73,72
46,49,41,51,49,58,72,37,38,41,58,57,50,73,57,73,72,0,73,72
46,49,41,51,49,58,72,37,38,41,58,57,50,73,57,73,72,0,73,72
46,49,41,51,49,58,72,37,38,41,58,57,50,73,57,73,72,0,73,72
46,49,41,51,49,58,72,37,38,41,58,57,50,73,57,73,72,0,73,72
46,49,41,51,49,62,72,37,38,41,62,60,50,73,60,73,72,0,73,72
46,49,41,51,49,62,72,37,38,41,62,60,50,73,60,73,72,0,73,72
46,49,41,51,49,63,72,37,38,41,63,60,50,73,60,73,72,0,73,72
46,49,41,51,49,63,72,37,38,41,63,60,50,73,60,73,72,0,73,72
46,49,41,51,49,63,75,37,38,41,63,60,50,76,60,76,75,0,76,75
46,49,41,51,49,63,75,37,38,41,63,60,50,76,60,76,75,0,76,75
46,49,41,51,49,63,75,37,38,41,63,60,50,76,60,76,75,0,76,75
46,49,41,51,49,63,75,37,38,41,63,60,50,76,60,76,75,0,76,75
46,49,41,51,49,63,75,37,38,41,63,60,50,76,60,76,75,0,76,75
46,49,41,51,49,63,75,37,38,41,63,60,50,76,60,76,75,0,76,75
46,49,41,51,49,63,75,37,38,41,63,60,50,76,60,76,75,0,76,75
46,49,41,51,49,63,75,37,38,41,63,60,50,76,60,76,75,0,76,75
46,49,41,51,49,63,75,37,38,41,63,60,50,76,60,76,75,0,76,75
46,49,41,51,49,63,75,37,38,41,63,60,50,76,60,76,75,0,76,75
46,49,41,51,49,63,75,37,38,41,63,60,50,76,60,76,75,0,76,75
46,49,41,51,49,63,75,37,38,41,63,60,50,76,60,76,75,0,76,75
46,49,41,51,49,63,75,37,38,41,63,62,50,76,62,76,75,0,76,75
51,49,41,51,49,63,75,37,38,41,63,62,50,76,62,76,75,0,76,75
51,49,41,51,49,67,75,37,38,41,67,64,50,76,64,76,75,0,76,75
51,49,41,51,49,67,75,37,38,41,67,64,50,76,64,76,75,0,76,75
51,49,41,51,49,67,81,37,38,41,67,64,50,82,64,82,81,0,82,81
51,49,41,51,49,67,81,37,38,41,67,64,50,82,64,82,81,0,82,81
51,49,41,51,49,67,81,37,38,41,67,64,50,82,64,82,81,0,82,81
51,49,41,51,49,67,81,37,38,41,67,64,50,82,64,82,81,0,82,81
51,49,50,51,53,67,81,37,38,41,67,64,50,82,64,82,81,0,82,81
51,49,50,51,53,67,81,37,38,41,67,64,50,82,64,82,81,0,82,81
51,49,50,51,53,67,81,37,38,41,67,64,50,82,64,82,81,0,82,81
51,49,50,51,53,67,81,37,38,41,67,64,50,82,64,82,81,0,82,81
51,49,50,51,53,67,81,37,38,41,67,64,50,82,64,82,81,0,82,81
51,49,50,51,53,67,81,37,38,41,67,64,50,82,64,82,81,0,82,81
51,49,50,51,53,67,81,37,38,41,67,64,50,82,64,82,81,0,82,81
51,49,50,51,53,67,81,37,38,41,67,64,50,82,64,82,81,0,82,81
51,49,50,51,53,67,81,51,53,55,67,64,50,82,64,82,81,0,82,81
51,49,50,51,53,67,81,51,53,55,67,64,50,82,64,82,81,0,82,81
51,49,50,51,53,68,81,51,53,55,68,68,59,82,68,82,81,0,82,81
51,49,50,51,53,68,81,51,53,55,68,68,59,82,68,82,81,0,82,81
51,49,50,51,53,69,83,51,53,55,69,69,59,85,69,85,83,0,85,83
51,49,50,51,53,69,83,51,53,55,69,69,59,85,69,85,83,0,85,83
51,49,50,51,53,71,83,51,53,55,71,71,59,85,71,85,83,0,85,83
51,49,50,51,53,71,83,51,53,55,71,71,59,85,71,85,83,0,85,83
51,49,50,51,53,73,83,51,53,55,73,72,59,85,72,85,83,0,85,83
51,49,50,51,53,73,83,51,53,55,73,72,59,85,72,85,83,0,85,83
51,53,50,59,53,73,83,51,53,55,73,72,59,85,72,85,83,0,85,83
51,53,50,59,53,73,83,51,53,55,73,72,59,85,72,85,83,0,85,83
51,53,50,59,53,73,83,51,53,55,73,72,59,85,72,85,83,0,85,83
51,53,50,59,53,73,83,51,53,55,73,72,59,85,72,85,83,0,85,83
51,53,50,59,53,73,83,51,53,55,73,72,59,85,72,85,83,0,85,83
51,53,50,59,53,73,83,51,53,55,73,72,59,85,72,85,83,0,85,83
51,53,50,59,53,73,83,51,53,55,73,72,59,85,72,85,83,0,85,83
51,53,50,59,53,73,83,51,53,55,73,72,59,85,72,85,83,0,85,83
51,53,50,59,53,73,83,51,53,55,73,72,59,85,72,85,83,0,85,83
51,53,50,59,53,73,83,51,53,55,73,72,59,85,72,85,83,0,85,83
51,53,50,59,53,73,88,51,53,55,73,72,59,90,72,90,88,0,90,88
51,53,50,59,53,73,88,51,53,55,73,72,59,90,72,90,88,0,90,88
51,53,50,59,53,73,88,51,53,55,73,72,59,90,72,90,88,0,90,88
51,53,50,59,53,73,88,51,53,55,73,72,59,90,72,90,88,0,90,88
51,53,50,59,53,74,88,51,53,55,74,74,59,90,74,90,88,0,90,88
51,53,50,59,53,74,88,51,53,55,74,74,59,90,74,90,88,0,90,88
59,53,50,59,53,76,88,51,53,55,76,75,59,90,75,90,88,0,90,88
59,53,50,59,53,76,88,51,53,55,76,75,59,90,75,90,88,0,90,88
59,53,50,59,53,76,88,51,53,55,76,75,59,90,75,90,88,0,90,88
59,53,50,59,53,76,88,51,53,55,76,75,59,90,75,90,88,0,90,88
59,53,50,59,53,76,88,51,53,55,76,75,59,90,75,90,88,0,90,88
59,53,50,59,53,76,88,51,53,55,76,75,59,90,75,90,88,0,90,88
59,53,50,59,53,76,88,51,53,55,76,75,59,90,75,90,88,0,90,88
59,53,50,59,53,76,88,51,53,55,76,75,59,90,75,90,88,0,90,88
59,53,50,59,53,76,88,51,53,55,76,75,59,90,75,90,88,0,90,88
59,53,50,59,53,76,88,51,53,55,76,75,59,90,75,90,88,0,90,88
59,53,50,59,53,76,18,51,53,55,76,75,59,29,75,0,0,0,0,0
59,53,50,59,53,76,18,51,53,55,76,75,59,29,75,0,0,0,0,0
59,53,50,59,53,76,18,51,53,55,76,75,59,29,75,0,0,0,0,0
59,53,50,59,53,76,18,51,53,55,76,75,59,29,75,0,0,0,0,0
59,53,50,59,53,76,18,51,53,55,76,75,59,29,75,0,0,0,0,0
59,53,50,59,53,76,18,51,53,55,76,75,59,29,75,0,0,0,0,0
59,53,50,59,53,77,18,51,53,55,77,77,59,29,77,0,0,0,0,0
59,53,50,59,53,77,18,51,53,55,77,77,59,29,77,0,0,0,0,0
59,53,55,59,61,79,18,51,53,55,79,79,59,29,79,0,0,0,0,0
59,53,55,59,61,79,18,51,53,55,79,79,59,29,79,0,0,0,0,0
59,53,55,59,61,80,18,51,53,55,80,80,59,29,80,0,0,0,0,0
59,53,55,59,61,80,18,51,53,55,80,80,59,29,80,0,0,0,0,0
59,53,55,59,61,82,18,51,53,55,82,81,59,29,81,0,0,0,0,0
59,53,55,59,61,82,18,51,53,55,82,81,59,29,81,0,0,0,0,0
59,53,55,59,61,82,18,51,53,55,82,81,59,29,81,0,0,0,0,0
59,53,55,59,61,82,18,51,53,55,82,81,59,29,81,0,0,0,0,0
59,53,55,59,61,82,18,51,53,55,82,81,59,29,81,0,0,0,0,0
59,53,55,59,61,82,18,51,53,55,82,81,59,29,81,0,0,0,0,0
59,53,55,59,61,82,18,51,53,55,82,81,59,29,81,0,0,0,0,0
59,53,55,59,61,82,18,51,53,55,82,81,59,29,81,0,0,0,0,0
59,61,55,65,61,82,18,51,53,55,82,81,59,29,81,0,0,0,0,0
59,61,55,65,61,82,18,51,53,55,82,81,59,29,81,0,0,0,0,0
59,61,55,65,61,82,18,51,53,55,82,81,59,29,81,0,0,0,0,0
59,61,55,65,61,82,28,51,53,55,82,81,59,29,81,0,0,0,0,0
59,61,55,65,61,82,28,51,53,55,82,81,59,29,81,0,0,0,0,0
59,61,55,65,61,82,28,51,53,55,82,81,59,29,81,0,0,0,0,0
59,61,55,65,61,82,28,51,53,55,82,81,59,29,81,0,0,0,0,0
59,61,55,65,61,82,28,51,53,55,82,81,59,29,81,0,0,0,0,0
59,61,55,65,61,84,28,51,53,55,84,83,59,29,83,0,0,0,0,0
59,61,55,65,61,84,28,51,53,55,84,83,59,29,83,0,0,0,0,0
59,61,55,65,61,85,28,51,53,55,85,83,59,29,83,0,0,0,0,0
65,61,55,65,61,85,28,51,53,55,85,83,59,29,83,0,0,0,0,0
65,61,55,65,61,85,28,51,53,55,85,83,59,29,83,0,0,0,0,0
65,61,55,65,61,85,28,51,53,55,85,83,59,29,83,0,0,0,0,0
65,61,55,65,61,85,28,51,53,55,85,83,59,29,83,0,0,0,0,0
65,61,55,65,61,85,28,51,53,55,85,83,59,29,83,0,0,0,0,0
65,61,55,65,61,85,28,51,53,55,85,83,59,29,83,0,0,0,0,0
65,61,55,65,61,85,28,51,53,55,85,83,59,29,83,0,0,0,0,0
65,61,55,65,61,85,28,65,66,78,85,83,59,34,83,0,0,0,0,0
65,61,55,65,61,85,28,65,66,78,85,83,70,34,83,0,0,0,0,0
65,61,55,65,61,85,28,65,66,78,85,83,70,34,83,0,0,0,0,0
65,61,55,65,61,85,28,65,66,78,85,83,70,34,83,0,0,0,0,0
65,61,55,65,61,85,28,65,66,78,85,83,70,34,83,0,0,0,0,0
65,61,55,65,61,85,28,65,66,78,85,83,70,34,83,0,0,0,0,0
65,61,55,65,61,85,28,65,66,78,85,84,70,34,84,0,0,0,0,0
65,61,55,65,61,85,28,65,66,78,85,84,70,34,84,0,0,0,0,0
65,61,55,65,61,86,34,65,66,78,86,86,70,34,86,0,0,0,0,0
65,61,55,65,61,86,34,65,66,78,86,86,70,34,86,0,0,0,0,0
65,61,55,65,61,87,34,65,66,78,87,87,70,34,87,0,0,0,0,0
65,61,55,65,61,87,34,65,66,78,87,87,70,34,87,0,0,0,0,0
65,61,55,65,61,89,34,65,66,78,89,88,70,34,88,0,0,0,0,0
65,61,55,65,61,89,34,65,66,78,89,88,70,34,88,0,0,0,0,0
65,61,55,65,61,90,34,65,66,78,90,88,70,34,88,0,0,0,0,0
65,61,55,65,61,90,34,65,66,78,90,88,70,34,88,0,0,0,0,0
65,61,55,65,61,90,34,65,66,78,90,88,70,34,88,0,0,0,0,0
65,61,55,65,61,90,34,65,66,78,90,88,70,34,88,0,0,0,0,0
65,61,55,65,61,90,34,65,66,78,90,88,70,34,88,0,0,0,0,0
65,61,55,65,61,90,34,65,66,78,90,88,70,34,88,0,0,0,0,0
65,61,55,65,61,90,34,65,66,78,90,88,70,34,88,0,0,0,0,0
65,61,55,65,61,90,34,65,66,78,90,88,70,34,88,0,0,0,0,0
65,61,70,65,66,90,34,65,66,78,90,88,70,34,88,0,0,0,0,0
65,61,70,65,66,90,34,65,66,78,90,88,70,34,88,0,0,0,0,0
65,61,70,65,66,90,34,65,66,78,90,88,70,34,88,0,0,0,0,0
65,61,70,65,66,90,34,65,66,78,90,88,70,34,88,0,0,0,0,0
65,61,70,65,66,90,34,65,66,78,90,88,70,34,88,0,0,0,0,0
65,61,70,65,66,90,34,65,66,78,90,88,70,34,88,0,0,0,0,0
65,66,70,78,66,90,34,65,66,78,90,89,70,34,89,0,0,0,0,0
65,66,70,78,66,90,34,65,66,78,90,89,70,34,89,0,0,0,0,0
65,66,70,78,66,91,50,65,66,78,91,91,70,34,91,0,0,0,0,0
65,66,70,78,66,91,50,65,66,78,91,91,70,34,91,0,0,0,0,0
65,66,70,78,66,5,50,65,66,78,18,25,70,34,0,0,0,0,0,0
65,66,70,78,66,5,50,65,66,78,18,25,70,34,0,0,0,0,0,0
78,66,70,78,66,5,50,65,66,78,18,25,70,34,0,0,0,0,0,0
78,66,70,78,66,5,50,65,66,78,18,25,70,34,0,0,0,0,0,0
78,66,70,78,66,5,50,65,66,78,18,25,70,34,0,0,0,0,0,0
78,66,70,78,66,5,50,65,66,78,18,25,70,61,0,0,0,0,0,0
78,66,70,78,66,5,50,65,66,78,18,25,70,61,0,0,0,0,0,0
78,66,70,78,66,5,50,65,66,78,18,25,70,61,0,0,0,0,0,0
78,66,70,78,66,5,50,65,66,78,18,25,70,61,0,0,0,0,0,0
78,66,70,78,66,5,50,65,66,78,18,25,70,61,0,0,0,0,0,0
78,66,70,78,66,5,50,65,66,78,18,25,70,61,0,0,0,0,0,0
78,66,70,78,66,31,50,65,66,78,18,25,70,61,0,0,0,0,0,0
78,66,70,78,66,31,50,65,66,78,18,25,70,61,0,0,0,0,0,0
78,66,70,78,66,31,50,65,66,78,18,25,70,61,0,0,0,0,0,0
78,66,70,78,66,31,50,65,66,78,18,25,70,61,0,0,0,0,0,0
78,66,70,78,66,31,50,65,66,78,18,25,70,61,0,0,0,0,0,0
78,66,70,78,66,31,50,65,66,78,18,25,70,61,0,0,0,0,0,0
78,66,70,78,66,31,50,65,66,78,18,25,70,61,0,0,0,0,0,0
78,66,70,78,66,31,50,65,66,78,18,25,70,61,0,0,0,0,0,0
78,66,70,78,66,31,50,65,66,78,18,25,70,61,0,0,0,0,0,0
78,66,70,78,66,31,70,65,66,78,18,25,70,61,0,0,0,0,0,0
78,66,70,78,66,31,70,65,66,78,46,49,70,61,0,0,0,0,0,0
78,66,70,78,66,41,70,65,66,78,46,49,70,61,0,0,0,0,0,0
78,66,70,78,66,41,70,65,66,78,46,49,70,61,0,0,0,0,0,0
78,66,70,78,66,41,70,65,66,78,46,49,70,61,0,0,0,0,0,0
78,66,70,78,66,41,70,65,66,78,46,49,70,61,0,0,0,0,0,0
78,66,70,78,66,41,70,65,66,78,46,49,70,61,0,0,0,0,0,0
78,66,70,78,66,41,70,65,66,78,46,49,70,61,0,0,0,0,0,0
78,66,70,78,66,41,70,65,66,78,46,49,70,61,0,0,0,0,0,0
78,66,70,78,66,41,70,65,66,78,46,49,70,61,0,0,0,0,0,0
78,66,70,78,66,41,70,65,66,78,46,49,70,61,0,0,0,0,0,0
78,66,70,78,66,41,70,65,66,78,46,49,70,61,0,0,0,0,0,0
78,66,70,78,66,55,70,65,66,78,46,49,70,61,0,0,0,0,0,0
78,66,70,78,66,55,70,65,66,78,46,49,70,61,0,0,0,0,0,0
78,66,70,78,66,55,70,65,66,78,46,49,70,61,0,0,0,0,0,0
78,66,70,78,66,55,70,65,66,78,46,49,70,61,0,0,0,0,0,0
78,66,70,78,66,55,70,65,66,78,46,49,70,61,0,0,0,0,0,0
78,66,70,78,66,55,70,65,66,78,46,49,70,61,0,0,0,0,0,0
78,66,70,78,66,55,70,65,66,78,46,49,70,61,0,0,0,0,0,0
78,66,70,78,66,55,70,65,66,78,46,49,70,61,0,0,0,0,0,0
78,66,70,78,66,55,70,65,66,78,46,49,70,61,0,0,0,0,0,0
78,66,70,78,66,55,70,65,66,78,46,49,70,61,0,0,0,0,0,0