67,272,583,67,823,1108,0,680,47,1060,0,0,745,0,878,768,1115,745,797,558
67,272,583,67,823,1108,0,680,47,1060,0,0,745,0,878,768,1115,745,797,558
67,272,583,67,784,47,671,1039,990,1061,47,0,745,0,878,768,0,745,797,558
189,272,583,189,784,47,671,1039,990,1061,47,0,745,0,878,768,0,745,797,558
189,272,583,189,1124,890,719,1013,991,1089,1162,346,745,838,878,768,857,745,797,558
189,272,583,189,1124,890,719,1013,991,1089,1162,346,745,838,878,768,857,745,797,558
222,272,583,222,857,1122,1130,103,991,786,1164,862,745,0,878,768,0,745,797,558
222,272,583,222,857,1122,1130,103,991,786,1164,862,745,0,878,768,0,745,797,558
222,272,583,222,943,895,0,1008,991,906,1166,862,745,0,878,768,865,745,797,558
303,272,583,303,943,895,0,1008,991,906,1166,862,745,0,878,768,865,745,797,558
303,272,583,303,103,959,740,683,991,936,1168,862,745,797,878,768,870,745,797,558
303,272,583,303,103,959,740,683,991,936,1168,862,745,797,878,768,870,745,797,558
343,272,583,343,989,967,1189,1031,991,1117,1171,862,745,797,878,768,1130,745,797,558
343,272,583,343,989,967,1189,1031,991,1117,1171,862,745,797,878,768,1130,745,797,558
343,368,631,343,1066,987,0,1061,991,604,1189,862,745,797,878,768,0,745,797,558
365,368,631,365,1066,987,0,1061,991,604,1189,862,745,797,878,768,0,745,797,558
365,368,631,365,1007,1028,1110,131,991,1122,1174,862,0,797,916,745,0,0,872,1028
365,368,631,365,1007,1028,1110,131,991,1122,1174,862,0,797,916,745,0,0,872,1028
367,368,631,367,1185,1154,1139,823,991,917,1174,862,0,797,0,745,1136,873,0,1057
367,368,631,367,1185,1154,1139,823,991,917,1174,862,0,797,0,745,1136,873,0,1057
367,368,631,367,1013,797,0,839,1048,1170,797,862,0,797,0,745,1140,943,0,1204
394,368,631,394,1013,797,0,839,1048,1170,797,862,0,797,0,745,1140,943,0,1204
394,368,631,394,1104,797,911,1162,745,1187,797,877,273,797,925,745,0,0,670,0
394,368,631,394,1104,797,911,1162,745,1187,797,877,273,797,925,745,0,0,670,0
403,368,631,403,1008,797,0,1164,745,1128,797,878,273,797,0,745,47,0,1170,346
403,368,631,403,1008,797,0,1164,745,1128,797,878,273,797,0,745,47,0,1170,346
403,368,631,403,680,797,346,1198,745,1066,797,878,273,0,936,745,76,0,0,347
419,368,631,419,680,797,346,1198,745,1066,797,878,273,0,936,745,76,0,0,347
419,572,637,419,224,797,347,1204,745,1131,797,878,273,0,0,745,76,0,0,0
419,572,637,419,224,797,347,1204,745,1131,797,878,273,0,0,745,76,0,0,0
432,572,637,432,1026,797,838,67,745,998,797,878,273,1181,0,745,76,0,1152,1008
432,572,637,432,1026,797,838,67,745,998,797,878,273,1181,0,745,76,0,1152,1008
432,572,637,432,1014,797,904,67,745,1191,797,878,273,1181,0,671,76,374,0,1014
447,572,637,447,1014,797,904,67,745,1191,797,878,273,1181,0,671,76,374,0,1014
447,572,637,447,131,797,0,447,745,1141,797,878,273,1181,0,714,76,374,0,1192
447,572,637,447,131,797,0,447,745,1141,797,878,273,1181,0,714,76,374,0,1192
495,572,637,495,1059,1162,652,447,745,398,0,878,273,1181,625,0,76,374,604,1193
495,572,637,495,1059,1162,652,447,745,398,0,878,273,1181,625,0,76,374,604,1193
495,572,637,495,488,1170,0,995,1052,605,810,878,0,1181,625,719,76,374,0,1194
499,572,637,499,488,1170,0,995,1052,605,810,878,0,1181,625,719,76,374,0,1194
499,572,637,499,861,1186,857,1177,842,1028,826,990,0,1181,625,740,76,374,0,0
499,572,637,499,861,1186,857,1177,842,1028,826,990,0,1181,625,740,76,374,0,0
514,599,689,514,1136,1188,1140,670,1188,1149,0,995,0,1181,625,838,259,374,103,0
514,599,689,514,1136,1188,1140,670,1188,1149,0,995,0,1181,625,838,259,374,103,0
514,599,689,514,601,1191,0,890,1077,895,0,1008,190,1181,625,874,1162,374,0,500
521,599,689,521,601,1191,0,890,1077,895,0,1008,190,1181,625,874,1162,374,0,500
521,599,689,521,380,1201,251,1180,190,1157,538,1035,0,0,625,1163,1164,374,0,1065
521,599,689,521,380,1201,251,1180,190,1157,538,1035,0,0,625,1163,1164,374,0,1065
533,599,689,533,1071,1203,0,834,873,956,0,1043,911,0,625,1163,1186,1163,951,0
533,599,689,533,1071,1203,0,834,873,956,0,1043,911,0,625,1163,1186,1163,951,0
533,599,689,533,1130,1128,380,1195,954,1160,0,0,943,1077,625,1163,1189,1163,0,0
535,599,689,535,1130,1128,380,1195,954,1160,0,0,943,1077,625,1163,1189,1163,0,0
535,599,689,535,159,806,861,694,961,516,273,1047,956,0,0,1163,1193,1163,0,797
535,599,689,535,159,806,861,694,961,516,273,1047,956,0,0,1163,1193,1163,0,797
546,599,689,546,1015,810,1193,76,972,1168,273,1175,998,0,0,1163,1204,1163,906,797
546,599,689,546,1015,810,1193,76,972,1168,273,1175,998,0,0,1163,1204,1163,906,797
546,690,716,546,346,1039,0,76,1185,1203,273,1175,0,772,679,1163,0,1163,953,797
550,690,716,550,346,1039,0,76,1185,1203,273,1175,0,772,679,1163,0,1163,953,797
550,690,716,550,605,1058,488,76,1007,1167,273,1175,1089,0,679,1163,0,1163,1015,797
550,690,716,550,605,1058,488,76,1007,1167,273,1175,1089,0,679,1163,0,1163,1015,797
561,690,716,561,190,1073,0,76,1014,964,273,1175,1104,0,679,1163,0,1163,0,797
561,690,716,561,190,1073,0,76,1014,964,273,1175,1104,0,679,1163,0,1163,0,797
561,690,716,561,1192,1101,766,76,1199,1015,273,1175,1108,0,679,0,538,1163,1080,797
564,690,716,564,1192,1101,766,76,1199,1015,273,1175,1108,0,679,0,538,1163,1080,797
564,690,716,564,786,1101,0,76,1154,1026,273,1175,1135,558,679,0,745,0,0,797
564,690,716,564,786,1101,0,76,1154,1026,273,1175,1135,558,679,0,745,0,0,797
568,690,716,568,1139,873,865,76,1057,1071,273,1175,1135,558,679,865,745,916,0,797
568,690,716,568,1139,873,865,76,1057,1071,273,1175,1135,558,679,865,745,916,0,797
568,690,716,568,1164,1117,943,76,726,1074,103,1175,1135,558,679,0,745,0,273,0
589,690,716,589,1164,1117,943,76,726,1074,103,1175,1135,558,679,0,745,0,273,0
589,703,750,589,449,1117,0,768,766,1173,479,0,1135,558,679,0,745,0,273,1066
589,703,750,589,449,1117,0,768,766,1173,479,0,1135,558,679,0,745,0,273,1066
594,703,750,594,1171,927,113,768,1045,965,788,0,1135,558,862,224,745,927,273,1086
594,703,750,594,1171,927,113,768,1045,965,788,0,1135,558,862,224,745,927,273,1086
594,703,750,594,1198,961,113,768,1058,1196,0,0,1135,558,862,653,745,0,273,0
597,703,750,597,1198,961,113,768,1058,1196,0,0,1135,558,862,653,745,0,273,0
597,703,750,597,369,973,113,768,479,159,0,0,1135,558,862,1136,745,0,273,0
597,703,750,597,369,973,113,768,479,159,0,0,1135,558,862,1136,745,0,273,0
602,703,750,602,671,1131,113,768,911,670,558,0,1135,558,862,1139,745,0,273,259
602,703,750,602,671,1131,113,768,911,670,558,0,1135,558,862,1139,745,0,273,259
602,703,750,602,834,1035,113,768,1059,343,558,0,1143,0,862,0,1144,0,273,0
617,703,750,617,834,1035,113,768,1059,343,558,0,1143,0,862,0,1144,0,273,0
617,703,750,617,251,1141,113,768,1166,343,558,0,1154,0,862,0,0,0,273,380
617,703,750,617,251,1141,113,768,1166,343,558,0,1154,0,862,0,0,0,273,380
638,723,796,638,552,625,113,768,959,924,558,76,1163,76,862,676,398,0,0,0
638,723,796,638,552,625,113,768,959,924,558,76,1163,76,862,676,398,0,0,0
638,723,796,638,1168,625,113,953,1135,924,558,76,1163,76,862,1034,806,131,558,0
645,723,796,645,1168,625,113,953,1135,924,558,76,1163,76,862,1034,806,131,558,0
645,723,796,645,714,625,678,693,1135,924,558,76,1163,76,1078,0,0,190,558,76
645,723,796,645,714,625,678,693,1135,924,558,76,1163,76,1078,0,0,190,558,76
659,723,796,659,259,625,678,259,1135,924,558,76,1163,76,0,0,1070,0,558,76
659,723,796,659,259,625,678,259,1135,924,558,76,1163,76,0,0,1070,0,558,76
659,723,796,659,1193,625,678,1104,1135,924,558,76,1163,76,0,757,0,0,558,76
677,723,796,677,1193,625,678,1104,1135,924,558,76,1163,76,0,757,0,0,558,76
677,723,796,677,1065,625,678,522,1135,924,0,76,1163,76,0,0,0,761,558,76
677,723,796,677,1065,625,678,522,1135,924,0,76,1163,76,0,0,0,761,558,76
705,723,796,705,976,625,678,538,1135,924,0,76,1163,76,0,761,823,761,558,76
705,723,796,705,976,625,678,538,1135,924,0,76,1163,76,0,761,823,761,558,76
705,820,815,705,500,625,678,1000,1135,924,398,76,1163,76,374,761,0,761,558,76
707,820,815,707,500,625,678,1000,1135,924,398,76,1163,76,374,761,0,761,558,76
707,820,815,707,1115,1157,678,1034,1135,967,0,536,0,961,374,761,0,761,558,76
707,820,815,707,1115,1157,678,1034,1135,967,0,536,0,961,374,761,0,761,558,76
713,820,815,713,950,694,678,653,1186,1099,989,536,0,0,374,761,0,761,0,76
713,820,815,713,950,694,678,653,1186,1099,989,536,0,0,374,761,0,761,0,76
713,820,815,713,636,1160,273,1108,1085,1102,1015,536,131,964,374,761,786,761,605,0
728,820,815,728,636,1160,273,1108,1085,1102,1015,536,131,964,374,761,786,761,605,0
728,820,815,728,683,1089,273,973,579,1150,0,536,904,967,374,761,1104,761,0,652
728,820,815,728,683,1089,273,973,579,1150,0,536,904,967,374,761,1104,761,0,652
734,820,815,734,319,1092,273,1136,1035,1150,1031,536,917,972,374,761,0,761,784,1121
734,820,815,734,319,1092,273,1136,1035,1150,1031,536,917,972,374,761,0,761,784,1121
734,820,815,734,579,1095,273,1197,1047,1150,0,536,0,0,374,761,0,1099,978,0
736,820,815,736,579,1095,273,1197,1047,1150,0,536,0,0,374,761,0,1099,978,0
736,837,817,736,639,1096,273,1068,1095,1150,0,536,923,0,374,1007,671,1102,978,1139
736,837,817,736,639,1096,273,1068,1095,1150,0,536,923,0,374,1007,671,1102,978,1139
739,837,817,739,740,1099,273,514,652,1150,625,536,923,0,0,0,861,1124,978,0
739,837,817,739,740,1099,273,514,652,1150,625,536,923,0,0,0,861,1124,978,0
739,837,817,739,1187,1102,273,514,1096,1150,625,1078,923,380,0,1121,862,1194,978,0
749,837,817,749,1187,1102,273,514,1096,1150,625,1078,923,380,0,1121,862,1194,978,0
749,837,817,749,653,1160,273,906,369,1150,625,0,923,839,806,1192,862,0,978,522
749,837,817,749,653,1160,273,906,369,1150,625,0,923,839,806,1192,862,0,978,522
763,837,817,763,1199,822,636,319,1194,1150,625,0,923,0,950,0,862,0,978,873
763,837,817,763,1199,822,636,319,1194,1150,625,0,923,0,950,0,862,0,978,873
763,837,817,763,1068,822,639,916,1201,676,625,0,923,0,991,0,862,0,978,0
773,837,817,773,1068,822,639,916,1201,676,625,0,923,0,991,0,862,0,978,0
773,837,817,773,347,822,0,917,1143,1034,625,0,923,0,991,842,862,0,978,954
773,837,817,773,347,822,0,917,1143,1034,625,0,923,0,991,842,862,0,978,954
785,848,844,785,953,822,666,1070,1184,1173,625,0,923,625,991,870,862,0,0,972
785,848,844,785,953,822,666,1070,1184,1173,625,0,923,625,991,870,862,0,0,972
785,848,844,785,1140,822,0,1144,772,757,625,0,0,625,991,1099,862,0,0,1076
792,848,844,792,1140,822,0,1144,772,757,625,0,0,625,991,1099,862,0,0,1076
792,848,844,792,1000,822,870,986,810,784,0,0,1026,625,991,1102,862,0,768,0
792,848,844,792,1000,822,870,986,810,784,0,0,1026,625,991,1102,862,0,768,0
799,848,844,799,870,822,950,925,1190,1040,0,251,0,625,991,1150,0,159,768,0
799,848,844,799,870,822,950,925,1190,1040,0,251,0,625,991,1150,0,159,768,0
799,848,844,799,865,822,0,927,203,0,953,0,0,625,991,1150,874,0,768,714
812,848,844,812,865,822,0,927,203,0,953,0,0,625,991,1150,874,0,768,714
812,848,844,812,398,0,360,936,203,449,1199,927,0,625,991,1150,951,0,768,861
812,848,844,812,398,0,360,936,203,449,1199,927,0,625,991,1150,951,0,768,861
827,848,844,827,916,852,360,951,203,1086,1174,0,0,625,0,1150,0,923,768,862
827,848,844,827,916,852,360,951,203,1086,1174,0,0,625,0,1150,0,923,768,862
827,855,846,827,719,852,360,1200,203,1182,1174,954,768,625,0,1150,0,923,768,862
835,855,846,835,719,852,360,1200,203,1182,1174,954,768,625,0,1150,0,923,768,862
835,855,846,835,838,852,360,788,203,394,768,1014,768,990,0,1150,834,923,768,862
835,855,846,835,838,852,360,788,203,394,768,1014,768,990,0,1150,834,923,768,862
836,855,846,836,693,852,360,1152,203,394,768,1040,768,991,0,1150,0,923,768,862
836,855,846,836,693,852,360,1152,203,394,768,1040,768,991,0,1150,0,923,768,862
836,855,846,836,874,852,360,957,203,522,768,1058,768,991,113,1150,0,923,991,862
841,855,846,841,874,852,360,957,203,522,768,1058,768,991,113,1150,0,923,991,862
841,855,846,841,1194,852,360,1195,203,1078,768,1061,768,991,113,0,113,923,991,862
841,855,846,841,1194,852,360,1195,203,1078,768,1061,768,991,113,0,113,923,991,862
864,855,846,864,1086,852,360,806,224,0,768,1203,768,991,113,0,113,923,991,862
864,855,846,864,1086,852,360,806,224,0,768,1203,768,991,113,0,113,923,991,862
864,855,846,864,1057,852,1043,1060,666,216,768,0,768,991,113,678,113,923,991,862
867,855,846,867,1057,852,1043,1060,666,216,768,0,768,991,113,678,113,923,991,862
867,888,847,867,676,1143,0,1076,1065,216,768,0,768,991,113,678,113,0,991,1154
867,888,847,867,676,1143,0,1076,1065,216,768,0,768,991,113,678,113,0,991,1154
869,888,847,869,839,1117,1045,516,1073,216,768,0,0,991,113,678,113,1085,991,0
869,888,847,869,839,1117,1045,516,1073,216,768,0,0,991,113,678,113,1085,991,0
869,888,847,869,1121,990,1047,0,1205,216,0,0,0,991,113,678,113,1135,991,0
880,888,847,880,1121,990,1047,0,1205,216,0,0,0,991,113,678,113,1135,991,0
880,888,847,880,1110,1040,1048,1080,500,216,0,0,0,1028,113,678,113,1135,991,766
880,888,847,880,1110,1040,1048,1080,500,216,0,0,0,1028,113,678,113,1135,991,766
882,888,847,882,1031,0,1052,987,189,216,159,0,0,1066,923,678,113,1135,1150,1085
882,888,847,882,1031,0,1052,987,189,216,159,0,0,1066,923,678,113,1135,1150,1085
882,888,847,882,479,726,1202,1171,189,216,0,0,113,0,923,678,1095,1135,1150,0
884,888,847,884,479,726,1202,1171,189,216,0,0,113,0,923,678,1095,1135,1150,0
884,888,847,884,972,0,0,1178,1206,216,0,678,113,0,923,678,1096,1135,1150,0
884,888,847,884,972,0,0,1178,1206,216,0,678,113,0,923,678,1096,1135,1150,0
893,930,875,893,826,842,923,1178,826,552,986,678,113,0,923,347,1108,1135,1150,113
893,930,875,893,826,842,923,1178,826,552,986,678,113,0,923,347,1108,1135,1150,113
893,930,875,893,1144,951,923,1178,0,788,987,678,113,0,923,0,0,1135,1150,113
898,930,875,898,1144,951,923,1178,0,788,987,678,113,0,923,0,0,1135,1150,113
898,930,875,898,1182,964,923,1178,374,872,996,678,113,826,923,0,0,1135,1150,113
898,930,875,898,1182,964,923,1178,374,872,996,678,113,826,923,0,0,1135,1150,113
899,930,875,899,1152,0,923,1178,374,1080,1202,678,113,1150,923,986,679,0,1150,113
899,930,875,899,1152,0,923,1178,374,1080,1202,678,113,1150,923,986,679,0,1150,113
899,930,875,899,604,995,923,1178,374,0,1174,678,113,1150,923,987,679,0,1150,113
900,930,875,900,604,995,923,1178,374,0,1174,678,113,1150,923,987,679,0,1150,113
900,930,875,900,1070,1076,923,1178,374,601,1174,678,113,1150,360,989,679,0,1187,113
900,930,875,900,1070,1076,923,1178,374,601,1174,678,113,1150,360,989,679,0,1187,113
902,930,875,902,954,941,923,1178,374,0,757,678,924,1150,360,995,679,0,0,113
902,930,875,902,954,941,923,1178,374,0,757,678,924,1150,360,995,679,0,0,113
902,932,941,902,925,757,923,1092,374,877,1174,679,924,1150,360,1073,679,0,0,113
907,932,941,907,925,757,923,1092,374,877,1174,679,924,1150,360,1073,679,0,0,113
907,932,941,907,1166,761,989,1181,374,878,1174,679,924,1150,360,1130,679,0,579,0
907,932,941,907,1166,761,989,1181,374,878,1174,679,924,1150,360,1130,679,0,579,0
909,932,941,909,0,761,1115,1181,374,878,1174,679,924,1150,360,0,679,0,1168,0
909,932,941,909,0,761,1115,1181,374,878,1174,679,924,1150,360,0,679,0,1168,0
909,932,941,909,538,761,0,1181,222,878,516,679,924,1150,360,0,679,676,1191,251
922,932,941,922,538,761,0,1181,222,878,516,679,924,1150,360,0,679,676,1191,251
922,932,941,922,1189,761,0,1181,222,878,0,679,924,0,360,1166,0,678,0,1163
922,932,941,922,1189,761,0,1181,222,878,0,679,924,0,360,1166,0,678,0,1163
926,932,941,926,998,761,0,1181,272,878,978,679,924,0,360,0,0,678,0,1163
926,932,941,926,998,761,0,1181,272,878,978,679,924,0,360,0,0,678,0,1163
926,932,941,926,872,761,1121,1181,272,878,978,679,924,0,0,0,0,678,911,1163
928,932,941,928,872,761,1121,1181,272,878,978,679,924,0,0,0,0,678,911,1163
928,940,947,928,877,761,1124,1181,303,878,978,679,536,890,0,273,0,678,1199,1163
928,940,947,928,877,761,1124,1181,303,878,978,679,536,890,0,273,0,678,1199,1163
929,940,947,929,1074,761,1192,1181,303,878,978,0,536,957,605,273,579,678,0,1163
929,940,947,929,1074,761,1192,1181,303,878,978,0,536,957,605,273,579,678,0,1163
929,940,947,929,904,957,0,521,365,679,978,0,536,959,1135,273,0,678,0,1163
931,940,947,931,904,957,0,521,365,679,978,0,536,959,1135,273,0,678,0,1163
931,940,947,931,1202,965,0,521,365,679,978,0,536,965,1135,273,601,678,224,1163
931,940,947,931,1202,965,0,521,365,679,978,0,536,965,1135,273,601,678,224,1163
935,940,947,935,1077,986,714,568,367,679,978,0,536,0,1135,273,678,678,0,1163
935,940,947,935,1077,986,714,568,367,679,978,0,536,0,1135,273,678,678,0,1163
935,940,947,935,996,0,956,568,367,679,978,0,536,973,1135,273,678,1095,319,0
937,940,947,937,996,0,956,568,367,679,978,0,536,973,1135,273,678,1095,319,0
937,940,947,937,1043,1078,976,597,368,679,0,0,536,978,1135,273,678,1096,1203,0
937,940,947,937,1043,1078,976,597,368,679,0,0,536,978,1135,273,678,1096,1203,0
939,946,958,939,1085,947,0,597,368,679,0,0,536,978,1135,273,678,1150,0,369
939,946,958,939,1085,947,0,597,368,679,0,0,536,978,1135,273,678,1150,0,369
939,946,958,939,1204,558,772,617,419,679,0,0,761,978,1135,0,678,1150,0,653
955,946,958,955,1204,558,772,617,419,679,0,0,761,978,1135,0,678,1150,0,653
955,946,958,955,272,558,0,617,419,679,488,761,761,978,1135,680,678,1150,842,1188
955,946,958,955,272,558,0,617,419,679,488,761,761,978,1135,680,678,1150,842,1188
974,946,958,974,272,558,874,659,495,403,961,761,761,978,956,1144,678,1150,0,0
974,946,958,974,272,558,874,659,495,403,961,761,761,978,956,1144,678,1150,0,0
974,946,958,974,272,558,996,659,495,403,964,761,761,978,0,0,678,1150,0,0
981,946,958,981,272,558,996,659,499,403,964,761,761,978,0,0,678,1150,0,0
981,946,958,981,272,558,0,705,499,432,967,761,761,978,0,0,680,1150,0,772
981,946,958,981,368,558,0,705,499,432,967,761,761,978,0,0,680,1150,0,772
992,946,958,992,368,558,536,705,546,432,0,761,761,978,0,872,0,1150,786,1198
992,946,958,992,368,558,536,713,546,432,0,761,761,978,0,872,0,1150,786,1198
992,994,1090,992,368,558,536,713,546,533,976,761,761,1065,0,0,1031,1150,0,0
993,994,1090,993,368,558,536,713,550,533,976,761,761,1065,0,0,1031,1150,0,0
993,994,1090,993,368,558,536,728,550,533,0,761,761,1086,369,0,1039,0,0,0
993,994,1090,993,368,558,536,728,550,533,0,761,761,1086,369,0,1039,0,0,0
1019,994,1090,1019,572,1163,536,728,572,535,1013,761,374,0,978,0,1152,0,0,0
1019,994,1090,1019,572,1163,536,734,572,535,1013,761,374,0,978,0,1152,0,0,0
1019,994,1090,1019,572,1163,536,734,572,535,0,360,374,0,978,683,0,536,625,0
1022,994,1090,1022,572,1163,536,734,589,535,0,360,374,0,978,683,0,536,625,0
1022,994,1090,1022,572,1163,536,736,589,561,0,360,374,0,978,877,0,536,625,0
1022,994,1090,1022,572,1163,536,736,589,561,0,360,374,0,978,877,0,536,625,0
1023,994,1090,1023,572,1163,536,736,599,561,0,360,374,479,978,1188,652,536,625,604
1023,994,1090,1023,599,1163,536,739,599,561,0,360,374,479,978,1188,652,536,625,604
1023,994,1090,1023,599,1163,536,739,599,564,906,360,374,976,978,0,694,536,625,683
1029,994,1090,1029,599,1163,536,739,602,564,906,360,374,976,978,0,694,536,625,683
1029,1004,1094,1029,599,1163,978,749,602,564,0,360,374,0,978,0,1089,536,625,0
1029,1004,1094,1029,599,1163,978,749,602,564,0,360,374,0,978,0,1089,536,625,0
1033,1004,1094,1033,599,1163,978,749,638,583,0,360,374,0,978,0,0,536,625,0
1033,1004,1094,1033,599,1163,978,763,638,583,0,360,374,0,978,0,0,536,625,0
1033,1004,1094,1033,690,1163,978,763,638,583,1068,360,374,0,978,1000,0,536,625,839
1037,1004,1094,1037,690,1163,978,763,645,583,1068,360,374,0,978,1000,0,536,625,839
1037,1004,1094,1037,690,583,978,773,645,594,1077,360,1198,670,0,0,449,536,625,890
1037,1004,1094,1037,690,583,978,773,645,594,1077,360,1198,670,0,0,449,536,625,890
1041,1004,1094,1041,690,583,978,773,703,594,1143,203,0,693,0,1039,0,822,636,895
1041,1004,1094,1041,690,583,978,792,703,631,1143,203,0,693,0,1039,0,822,636,895
1041,1004,1094,1041,690,583,978,792,703,631,1182,203,0,0,822,1182,878,822,639,959
1042,1004,1094,1042,703,583,978,792,723,631,1182,203,0,0,822,1182,878,822,639,959
1042,1004,1094,1042,703,631,978,799,723,637,1174,203,0,766,822,1185,878,822,0,0
1042,1006,1101,1042,703,631,978,799,723,637,1174,203,0,766,822,1185,878,822,0,0
1046,1006,1101,1046,703,631,978,799,855,637,1174,203,0,784,822,1191,878,822,0,965
1046,1006,1101,1046,703,631,978,812,855,677,1174,203,0,784,822,1191,878,822,0,965
1046,1006,1101,1046,703,631,862,812,855,677,1174,203,0,0,822,0,878,822,788,0
1049,1006,1101,1049,703,631,862,812,869,677,1174,203,0,0,822,0,878,822,788,0
1049,1006,1101,1049,723,637,862,835,869,689,449,203,0,0,822,0,878,822,0,973
1049,1006,1101,1049,723,637,862,835,869,689,449,203,0,0,822,0,878,822,0,973
1050,1006,1101,1050,723,637,862,835,880,689,998,203,0,0,822,0,878,822,895,1026
1050,1006,1101,1050,723,637,862,836,880,690,998,203,0,0,822,0,878,822,895,1026
1050,1006,1101,1050,723,637,862,836,880,690,1000,203,203,203,822,666,878,822,957,0
1051,1006,1101,1051,723,637,862,836,882,690,1000,203,203,203,822,666,878,822,957,0
1051,1006,1101,1051,723,689,862,884,882,707,1007,923,203,203,822,0,878,552,1047,0
1051,1006,1101,1051,837,689,862,884,882,707,1007,923,203,203,822,0,878,552,1047,0
1062,1009,1117,1062,837,689,862,884,899,707,1185,923,203,203,1045,0,0,0,1048,636
1062,1009,1117,1062,837,689,862,898,899,716,1185,923,203,203,1045,0,0,0,1048,636
1062,1009,1117,1062,837,689,862,898,899,716,1174,923,203,203,1048,0,0,852,1052,639
1063,1009,1117,1063,837,689,862,898,902,716,1174,923,203,203,1048,0,0,852,1052,639
1063,1009,1117,1063,837,716,862,909,902,750,1174,923,203,203,1052,857,0,852,1178,0
1063,1009,1117,1063,837,716,862,909,902,750,1174,923,203,203,1052,857,0,852,1178,0
1072,1009,1117,1072,855,716,1175,909,907,750,1174,923,203,203,1175,917,1092,852,1178,1040
1072,1009,1117,1072,855,716,1175,926,907,785,1174,923,203,203,1175,917,1092,852,1178,1040
1072,1009,1117,1072,855,716,1175,926,907,785,360,923,203,203,1175,0,0,852,1178,0
1079,1009,1117,1079,855,716,1175,926,930,785,360,923,203,203,1175,0,0,852,1178,0
1079,1009,1117,1079,855,750,1175,928,930,796,360,923,203,203,1175,924,0,852,1178,0
1079,1009,1117,1079,855,750,1175,928,930,796,360,923,203,203,1175,924,0,852,1178,0
1081,1009,1117,1081,855,750,1175,928,932,796,360,923,852,216,1175,924,203,852,1178,666
1081,1010,1122,1081,930,750,1175,929,932,815,360,923,852,216,1175,924,203,852,1178,666
1081,1010,1122,1081,930,750,1175,929,932,815,360,925,852,216,1175,924,203,852,1178,1201
1082,1010,1122,1082,930,750,1175,929,940,815,360,925,852,216,1175,924,203,852,1178,1201
1082,1010,1122,1082,930,796,1175,931,940,817,360,0,852,216,1175,924,203,852,1178,0
1082,1010,1122,1082,930,796,1175,931,940,817,360,0,852,216,1175,924,203,852,1178,0
1084,1010,1122,1084,930,796,1175,931,946,817,360,950,852,216,1175,924,203,1076,1178,0
1084,1010,1122,1084,930,796,1175,935,946,820,360,950,852,216,1175,924,203,1076,1178,0
1084,1010,1122,1084,932,796,1175,935,946,820,360,0,852,216,1175,924,203,1171,516,319
1087,1010,1122,1087,932,796,1175,935,974,820,360,0,852,216,1175,924,203,1171,516,319
1087,1010,1122,1087,932,815,1174,937,974,827,360,0,852,216,0,924,203,1181,834,0
1087,1010,1122,1087,932,815,1174,937,974,827,360,0,852,216,0,924,203,1181,834,0
1097,1010,1122,1097,932,815,1174,937,1009,827,822,0,852,216,0,924,203,1181,0,0
1097,1010,1122,1097,932,815,1174,939,1009,837,822,0,852,216,0,924,203,1181,0,0
1097,1053,1128,1097,932,815,1174,939,1009,837,822,0,852,216,0,0,203,1181,0,360
1100,1053,1128,1100,940,815,1174,939,1010,837,822,0,852,216,0,0,203,1181,0,360
1100,1053,1128,1100,940,817,1174,955,1010,841,822,0,936,823,0,216,216,1181,216,360
1100,1053,1128,1100,940,817,1174,955,1010,841,822,0,936,823,0,216,216,1181,216,360
1105,1053,1128,1105,940,817,1174,955,1019,841,822,0,0,0,904,216,216,1181,216,360
1105,1053,1128,1105,940,817,1174,992,1019,844,822,0,0,0,904,216,216,1181,216,360
1105,1053,1128,1105,940,817,1174,992,1019,844,822,0,996,0,0,216,216,1181,216,360
1107,1053,1128,1107,940,817,1174,992,1041,844,822,0,996,0,0,216,216,1181,216,360
1107,1053,1128,1107,946,820,1174,1022,1041,846,822,0,1034,0,0,216,216,1181,216,360
1107,1053,1128,1107,946,820,1174,1022,1041,846,822,0,1034,0,0,216,216,1181,216,360
1109,1053,1128,1109,946,820,1174,1022,1042,846,822,991,0,536,0,216,216,1181,216,360
1109,1053,1128,1109,946,820,1174,1023,1042,847,822,991,0,536,0,216,216,1181,216,360
1109,1053,1128,1109,946,820,1174,1023,1042,847,822,991,0,536,0,216,216,0,216,360
1111,1114,1131,1111,946,820,1174,1023,1049,847,822,991,0,536,0,216,216,0,216,360
1111,1114,1131,1111,946,844,1174,1029,1049,848,719,991,0,536,0,216,216,0,216,360
1111,1114,1131,1111,1004,844,1174,1029,1049,848,719,991,0,536,0,216,216,0,216,360
1116,1114,1131,1116,1004,844,1174,1029,1050,848,1186,991,0,536,500,216,216,0,216,0
1116,1114,1131,1116,1004,844,1174,1033,1050,864,1186,991,0,536,500,216,216,0,216,0
1116,1114,1131,1116,1004,844,1174,1033,1050,864,1174,991,1178,536,1059,0,0,0,552,822
1126,1114,1131,1126,1004,844,1174,1033,1051,864,1174,991,1178,536,1059,0,0,0,552,822
1126,1114,1131,1126,1004,846,1174,1046,1051,867,1174,991,1178,536,1060,693,1057,0,810,822
1126,1114,1131,1126,1004,846,1174,1046,1051,867,1174,991,1178,536,1060,693,1057,0,810,822
1129,1114,1131,1129,1006,846,1174,1046,1053,867,1174,991,1178,536,1070,694,1058,0,0,822
1129,1114,1131,1129,1006,846,1174,1079,1053,875,1174,991,1178,536,1070,694,1058,0,0,822
1132,1114,1131,1132,1006,846,1174,1079,1053,875,852,991,1178,536,1074,0,1060,924,0,822
1132,1114,1131,1132,1006,846,1174,1079,1062,875,852,991,1178,536,1074,0,1060,924,0,822
1137,1118,1141,1137,1006,847,1174,1084,1062,888,852,1181,1178,488,1178,1092,1068,924,601,822
1137,1118,1141,1137,1006,847,1174,1084,1062,888,852,1181,1178,488,1178,1092,1068,924,601,822
1138,1118,1141,1138,1006,847,1174,1084,1063,888,852,1181,1178,522,1178,0,1110,924,0,822
1138,1118,1141,1138,1009,847,1174,1087,1063,893,852,1181,1178,522,1178,0,1110,924,0,822
1145,1118,1141,1145,1009,847,1174,1087,1063,893,852,1181,1178,0,1178,1110,0,924,1043,822
1145,1118,1141,1145,1009,848,1174,1087,1072,893,852,1181,1178,0,1178,1110,0,924,1043,822
1146,1118,1141,1146,1009,848,1174,1097,1072,900,852,1181,1178,1013,1178,1115,0,924,1045,822
1146,1118,1141,1146,1009,848,1174,1097,1072,900,852,1181,1178,1013,1178,1115,0,924,1045,822
1148,1118,1141,1148,1009,848,1174,1097,1081,900,852,1181,0,1035,1178,1124,726,924,0,1175
1148,1118,1141,1148,1009,848,1174,1105,1081,922,852,1181,0,1035,1178,1124,726,924,0,1175
1149,1118,1141,1149,1010,875,1174,1105,1081,922,852,1181,0,1073,1178,0,0,924,1059,1175
1149,1118,1141,1149,1010,875,1174,1105,1082,922,852,1181,0,1073,1178,0,0,924,1059,1175
1153,1118,1141,1153,1010,875,1174,1107,1082,941,852,1181,0,1201,1178,0,740,924,1061,1175
1153,1127,1157,1153,1010,875,1174,1107,1082,941,852,1181,0,1201,1178,0,740,924,1061,1175
1155,1127,1157,1155,1010,875,1174,1107,1111,941,0,1181,0,0,1178,0,1202,0,1071,1175
1155,1127,1157,1155,1010,888,1174,1109,1111,947,0,1181,0,0,1178,0,1202,0,1071,1175
1156,1127,1157,1156,1010,888,1174,1109,1111,947,0,0,0,0,0,1080,0,0,1074,1175
1156,1127,1157,1156,1053,888,1174,1109,1114,947,0,0,0,0,0,1080,0,0,1074,1175
1158,1127,1157,1158,1053,888,1174,1126,1114,958,0,0,0,0,0,0,0,0,0,1175
1158,1127,1157,1158,1053,888,1174,1126,1114,958,0,0,0,0,0,0,0,0,0,1175
1159,1127,1157,1159,1053,941,1174,1126,1116,958,726,0,0,0,0,0,0,0,0,1175
1159,1127,1157,1159,1053,941,1174,1129,1116,981,726,0,0,0,0,0,0,0,0,1175
1167,1127,1157,1167,1053,941,1174,1129,1116,981,1071,0,0,0,852,0,0,0,0,1175
1167,1127,1157,1167,1053,941,1174,1129,1118,981,1071,0,0,0,852,0,0,0,0,1175
1169,1127,1157,1169,1114,941,1174,1137,1118,993,1140,0,0,1178,852,878,1181,0,1135,0
1169,1127,1157,1169,1114,947,1174,1137,1118,993,1140,0,0,1178,852,878,1181,0,1135,0
1173,1133,1160,1173,1114,947,1174,1137,1127,993,1170,0,0,1178,852,878,1181,679,1135,0
1173,1133,1160,1173,1114,947,1174,1138,1127,994,1170,0,0,1178,852,878,1181,679,1135,0
1176,1133,1160,1176,1114,947,1174,1138,1127,994,1187,374,0,1178,852,878,1181,679,1135,924
1176,1133,1160,1176,1114,947,1174,1138,1132,994,1187,374,0,1178,852,878,1181,679,1135,924
1177,1133,1160,1177,1118,958,1174,1145,1132,1004,1174,374,0,1178,852,878,1181,679,1135,924
1177,1133,1160,1177,1118,958,1174,1145,1132,1004,1174,374,0,1178,852,878,1181,679,1135,924
1179,1133,1160,1179,1118,958,1174,1145,1133,1004,1174,374,0,1178,852,878,1181,679,1135,924
1179,1133,1160,1179,1118,958,1174,1146,1133,1006,1174,374,0,1178,852,878,1181,679,1135,924
1180,1133,1160,1180,1118,958,1174,1146,1133,1006,1174,374,0,1178,852,878,1181,679,1135,924
1180,1133,1160,1180,1118,994,1174,1146,1148,1006,1174,374,0,1178,852,878,1181,679,1135,924
1183,1133,1160,1183,1127,994,1174,1155,1148,1037,1175,374,0,1178,852,878,1181,679,1135,924
1183,1133,1160,1183,1127,994,1174,1155,1148,1037,1175,374,0,1178,852,878,1181,679,1135,924
1190,1133,1160,1190,1127,994,1174,1155,1153,1037,1175,374,0,1178,0,878,1181,679,1135,924
1190,1184,1174,1190,1127,994,1174,1156,1153,1090,1175,374,0,1178,0,878,1181,679,1135,924
1195,1184,1174,1195,1127,1090,1174,1156,1153,1090,1175,374,0,0,0,0,0,679,0,924
1195,1184,1174,1195,1127,1090,1174,1156,1169,1090,1175,374,0,0,0,0,0,679,0,924
1196,1184,1174,1196,1133,1090,1174,1158,1169,1094,1175,374,0,0,0,0,0,0,0,924
1196,1184,1174,1196,1133,1090,1174,1158,1169,1094,1175,374,0,0,0,0,0,0,0,924
1197,1184,1174,1197,1133,1090,1174,1158,1179,1094,1175,0,0,0,0,0,0,0,0,0
1197,1184,1174,1197,1133,1094,1174,1159,1179,1100,1175,0,0,0,0,0,0,0,0,0
1200,1184,1174,1200,1133,1094,1174,1159,1179,1100,1175,0,0,0,0,0,0,0,0,0
1200,1184,1174,1200,1133,1094,1174,1159,1183,1100,1175,0,0,0,0,0,0,0,0,0
1205,1184,1174,1205,1184,1094,1174,1176,1183,1101,1175,0,0,0,0,0,0,0,0,0
1205,1184,1174,1205,1184,1094,1174,1176,1183,1101,1175,0,0,0,0,0,0,0,0,0
1206,1184,1174,1206,1184,0,1174,1176,0,1101,1175,0,0,0,0,0,0,0,0,0
1206,1184,1174,1206,1184,0,1174,0,0,0,1175,0,0,0,0,0,0,0,0,0