75,28,68,125,28,68,79,61,44,68,61,62,44,67,61,62,44,28,67,62
75,28,68,125,28,68,79,61,44,68,61,62,44,67,61,62,44,28,67,62
75,28,68,125,28,68,79,61,44,68,61,62,44,67,61,62,44,28,67,62
75,28,68,125,28,68,79,61,44,68,61,62,44,67,61,62,44,28,67,62
75,28,68,125,28,68,79,61,44,68,61,62,44,67,61,62,44,28,67,62
75,28,68,125,28,68,79,61,44,68,61,62,44,67,61,62,44,28,67,62
75,28,68,125,28,68,79,61,44,68,61,62,44,67,61,62,44,28,67,62
75,28,68,125,28,68,79,61,44,68,61,62,44,67,61,62,44,28,67,62
75,28,68,125,28,68,79,61,44,68,61,62,44,67,61,62,44,28,67,62
75,28,68,125,28,68,79,61,44,68,61,62,44,67,61,62,44,28,67,62
75,28,68,125,28,68,79,61,44,68,61,62,44,67,61,62,44,28,67,62
75,28,68,125,28,68,79,61,44,68,61,62,44,67,61,62,44,28,67,62
84,57,97,149,57,68,79,72,57,68,61,72,74,67,61,72,74,28,67,62
84,57,97,149,57,97,95,72,57,79,95,72,74,75,67,72,74,75,84,93
84,57,97,149,57,97,95,72,57,79,95,72,74,75,67,72,74,75,84,93
84,57,97,149,57,97,95,72,57,79,95,72,74,75,67,72,74,75,84,93
84,57,97,149,57,97,95,72,57,79,95,72,74,75,67,72,74,75,84,93
84,57,97,149,57,97,95,72,57,79,95,72,74,75,67,72,74,75,84,93
84,57,97,149,57,97,95,72,57,79,95,72,74,75,67,72,74,75,84,93
84,57,97,149,57,97,95,72,57,79,95,72,74,75,67,72,74,75,84,93
84,57,97,149,57,97,95,72,57,79,95,72,74,75,67,72,74,75,84,93
84,57,97,149,57,97,95,72,57,79,95,72,74,75,67,72,74,75,84,93
84,57,97,149,57,97,95,72,57,79,95,72,74,75,67,72,74,75,84,93
84,57,97,149,57,97,95,72,57,79,95,72,74,75,67,72,74,75,84,93
141,63,114,157,63,97,95,122,63,79,95,122,102,75,67,122,79,75,84,93
141,63,114,157,63,97,95,122,63,79,95,122,102,75,67,122,79,75,84,93
141,63,114,157,63,114,99,122,63,97,99,122,102,102,84,122,79,106,99,116
141,63,114,157,63,114,99,122,63,97,99,122,102,102,84,122,79,106,99,116
141,63,114,157,63,114,99,122,63,97,99,122,102,102,84,122,79,106,99,116
141,63,114,157,63,114,99,122,63,97,99,122,102,102,84,122,79,106,99,116
141,63,114,157,63,114,99,122,63,97,99,122,102,102,84,122,79,106,99,116
141,63,114,157,63,114,99,122,63,97,99,122,102,102,84,122,79,106,99,116
141,63,114,157,63,114,99,122,63,97,99,122,102,102,84,122,79,106,99,116
141,63,114,157,63,114,99,122,63,97,99,122,102,102,84,122,79,106,99,116
141,63,114,157,63,114,99,122,63,97,99,122,102,102,84,122,79,106,99,116
141,63,114,157,63,114,99,122,63,97,99,122,102,102,84,122,79,106,99,116
161,93,129,161,93,114,99,145,74,97,99,145,110,102,84,176,102,106,99,116
161,93,129,161,93,114,99,145,74,97,99,145,110,102,84,176,102,106,99,116
161,93,129,161,93,114,99,145,74,97,99,145,110,102,84,176,102,106,99,116
161,93,129,161,93,129,125,145,74,114,125,145,110,131,95,176,102,131,141,176
161,93,129,161,93,129,125,145,74,114,125,145,110,131,95,176,102,131,141,176
161,93,129,161,93,129,125,145,74,114,125,145,110,131,95,176,102,131,141,176
161,93,129,161,93,129,125,145,74,114,125,145,110,131,95,176,102,131,141,176
161,93,129,161,93,129,125,145,74,114,125,145,110,131,95,176,102,131,141,176
161,93,129,161,93,129,125,145,74,114,125,145,110,131,95,176,102,131,141,176
161,93,129,161,93,129,125,145,74,114,125,145,110,131,95,176,102,131,141,176
161,93,129,161,93,129,125,145,74,114,125,145,110,131,95,176,102,131,141,176
161,93,129,161,93,129,125,145,74,114,125,145,110,131,95,176,102,131,141,176
173,106,156,182,106,129,125,150,110,114,125,150,123,131,95,185,110,131,141,176
173,106,156,182,106,129,125,150,110,114,125,150,123,131,95,185,110,131,141,176
173,106,156,182,106,129,125,150,110,114,125,150,123,131,95,185,110,131,141,176
173,106,156,182,106,129,125,150,110,114,125,150,123,131,95,185,110,131,141,176
173,106,156,182,106,156,149,150,110,129,149,150,123,152,141,185,110,152,154,184
173,106,156,182,106,156,149,150,110,129,149,150,123,152,141,185,110,152,154,184
173,106,156,182,106,156,149,150,110,129,149,150,123,152,141,185,110,152,154,184
173,106,156,182,106,156,149,150,110,129,149,150,123,152,141,185,110,152,154,184
173,106,156,182,106,156,149,150,110,129,149,150,123,152,141,185,110,152,154,184
173,106,156,182,106,156,149,150,110,129,149,150,123,152,141,185,110,152,154,184
173,106,156,182,106,156,149,150,110,129,149,150,123,152,141,185,110,152,154,184
173,106,156,182,106,156,149,150,110,129,149,150,123,152,141,185,110,152,154,184
176,116,162,196,116,156,149,185,123,129,149,162,136,152,141,200,123,152,154,184
176,116,162,196,116,156,149,185,123,129,149,162,136,152,141,200,123,152,154,184
176,116,162,196,116,156,149,185,123,129,149,162,136,152,141,200,123,152,154,184
176,116,162,196,116,156,149,185,123,129,149,162,136,152,141,200,123,152,154,184
176,116,162,196,116,156,149,185,123,129,149,162,136,152,141,200,123,152,154,184
176,116,162,196,116,162,157,185,123,136,157,162,136,160,152,200,123,160,161,197
176,116,162,196,116,162,157,185,123,136,157,162,136,160,152,200,123,160,161,197
176,116,162,196,116,162,157,185,123,136,157,162,136,160,152,200,123,160,161,197
176,116,162,196,116,162,157,185,123,136,157,162,136,160,152,200,123,160,161,197
176,116,162,196,116,162,157,185,123,136,157,162,136,160,152,200,123,160,161,197
176,116,162,196,116,162,157,185,123,136,157,162,136,160,152,200,123,160,161,197
176,116,162,196,116,162,157,185,123,136,157,162,136,160,152,200,123,160,161,197
182,131,174,206,145,162,157,200,139,136,157,175,139,160,152,214,136,160,161,197
182,131,174,206,145,162,157,200,139,136,157,175,139,160,152,214,136,160,161,197
182,131,174,206,145,162,157,200,139,136,157,175,139,160,152,214,136,160,161,197
182,131,174,206,145,162,157,200,139,136,157,175,139,160,152,214,136,160,161,197
182,131,174,206,145,162,157,200,139,136,157,175,139,160,152,214,136,160,161,197
182,131,174,206,145,162,157,200,139,136,157,175,139,160,152,214,136,160,161,197
182,131,174,206,145,173,203,200,139,156,203,175,139,174,160,214,136,178,173,203
182,131,174,206,145,173,203,200,139,156,203,175,139,174,160,214,136,178,173,203
182,131,174,206,145,173,203,200,139,156,203,175,139,174,160,214,136,178,173,203
182,131,174,206,145,173,203,200,139,156,203,175,139,174,160,214,136,178,173,203
182,131,174,206,145,173,203,200,139,156,203,175,139,174,160,214,136,178,173,203
182,131,174,206,145,173,203,200,139,156,203,175,139,174,160,214,136,178,173,203
196,154,178,208,150,173,203,216,151,156,203,185,151,174,160,217,139,178,173,203
196,154,178,208,150,173,203,216,151,156,203,185,151,174,160,217,139,178,173,203
196,154,178,208,150,173,203,216,151,156,203,185,151,174,160,217,139,178,173,203
196,154,178,208,150,173,203,216,151,156,203,185,151,174,160,217,139,178,173,203
196,154,178,208,150,173,203,216,151,156,203,185,151,174,160,217,139,178,173,203
196,154,178,208,150,173,203,216,151,156,203,185,151,174,160,217,139,178,173,203
196,154,178,208,150,173,203,216,151,156,203,185,151,174,160,217,139,178,173,203
196,154,178,208,150,178,206,216,151,174,206,185,151,202,175,217,139,182,175,212
196,154,178,208,150,178,206,216,151,174,206,185,151,202,175,217,139,182,175,212
196,154,178,208,150,178,206,216,151,174,206,185,151,202,175,217,139,182,175,212
196,154,178,208,150,178,206,216,151,174,206,185,151,202,175,217,139,182,175,212
196,154,178,208,150,178,206,216,151,174,206,185,151,202,175,217,139,182,175,212
202,184,190,222,154,178,206,217,159,174,206,200,159,202,175,218,151,182,175,212
202,184,190,222,154,178,206,217,159,174,206,200,159,202,175,218,151,182,175,212
202,184,190,222,154,178,206,217,159,174,206,200,159,202,175,218,151,182,175,212
202,184,190,222,154,178,206,217,159,174,206,200,159,202,175,218,151,182,175,212
202,184,190,222,154,178,206,217,159,174,206,200,159,202,175,218,151,182,175,212
202,184,190,222,154,178,206,217,159,174,206,200,159,202,175,218,151,182,175,212
202,184,190,222,154,178,206,217,159,174,206,200,159,202,175,218,151,182,175,212
202,184,190,222,154,178,206,217,159,174,206,200,159,202,175,218,151,182,175,212
202,184,190,222,154,190,220,217,159,190,220,200,159,219,220,218,151,202,196,214
202,184,190,222,154,190,220,217,159,190,220,200,159,219,220,218,151,202,196,214
202,184,190,222,154,190,220,217,159,190,220,200,159,219,220,218,151,202,196,214
202,184,190,222,154,190,220,217,159,190,220,200,159,219,220,218,151,202,196,214
208,197,198,223,184,190,220,224,218,190,220,217,216,219,220,224,159,202,196,214
208,197,198,223,184,190,220,224,218,190,220,217,216,219,220,224,159,202,196,214
208,197,198,223,184,190,220,224,218,190,220,217,216,219,220,224,159,202,196,214
208,197,198,223,184,190,220,224,218,190,220,217,216,219,220,224,159,202,196,214
208,197,198,223,184,190,220,224,218,190,220,217,216,219,220,224,159,202,196,214
208,197,198,223,184,190,220,224,218,190,220,217,216,219,220,224,159,202,196,214
208,197,198,223,184,190,220,224,218,190,220,217,216,219,220,224,159,202,196,214
208,197,198,223,184,190,220,224,218,190,220,217,216,219,220,224,159,202,196,214
208,197,198,223,184,198,222,224,218,198,222,217,216,226,220,224,159,238,204,232
208,197,198,223,184,198,222,224,218,198,222,217,216,226,238,224,159,238,204,232
208,197,198,223,184,198,222,224,218,198,222,217,216,226,238,224,159,238,204,232
208,197,198,223,184,198,222,224,218,198,222,217,216,226,238,224,159,238,204,232
234,204,215,226,197,198,222,233,256,198,222,218,219,226,238,234,216,238,204,232
234,204,215,226,197,198,222,233,256,198,222,218,219,226,238,234,216,238,204,232
234,204,215,226,197,198,222,233,256,198,222,218,219,226,238,234,216,238,204,232
234,204,215,226,197,198,222,233,256,198,222,218,219,226,238,234,216,238,204,232
234,204,215,226,197,198,222,233,256,198,222,218,219,226,238,234,216,238,204,232
234,204,215,226,197,198,222,233,256,198,222,218,219,226,238,234,216,238,204,232
234,204,215,226,197,198,222,233,256,198,222,218,219,226,238,234,216,238,204,232
234,204,215,226,197,198,222,233,256,198,222,218,219,226,238,234,216,238,204,232
234,204,215,226,197,215,223,233,256,215,223,218,219,238,238,234,216,242,208,248
234,204,215,226,197,215,223,233,256,215,223,218,219,238,238,234,216,242,208,248
234,204,215,226,197,215,223,233,256,215,223,218,219,238,252,234,216,242,208,248
234,204,215,226,197,215,223,233,256,215,223,218,219,238,252,234,216,242,208,248
240,212,231,232,204,215,223,240,261,215,223,224,237,238,252,239,219,242,208,248
240,212,231,232,204,215,223,240,261,215,223,224,237,238,252,239,219,242,208,248
240,212,231,232,204,215,223,240,261,215,223,224,237,238,252,239,219,242,208,248
240,212,231,232,204,215,223,240,261,215,223,224,237,238,252,239,219,242,208,248
240,212,231,232,204,215,223,240,261,215,223,224,237,238,252,239,219,242,208,248
240,212,231,232,204,215,223,240,261,215,223,224,237,238,252,239,219,242,208,248
240,212,231,232,204,215,223,240,261,215,223,224,237,238,252,239,219,242,208,248
240,212,231,232,204,215,223,240,261,215,223,224,237,238,252,239,219,242,208,248
240,212,231,232,204,231,232,240,261,237,246,224,237,241,252,239,219,249,226,259
240,212,231,232,204,231,232,240,261,237,246,224,237,241,252,239,219,249,226,259
240,212,231,232,204,231,232,240,261,237,246,224,237,241,252,239,219,249,226,259
240,212,231,232,204,231,232,240,261,237,246,224,237,241,258,239,219,249,226,259
242,214,265,234,212,231,232,255,268,237,246,233,256,241,258,241,237,249,226,259
242,214,265,234,212,231,232,255,268,237,246,233,256,241,258,241,237,249,226,259
242,214,265,234,212,231,232,255,268,237,246,233,256,241,258,241,237,249,226,259
242,214,265,234,212,231,232,255,268,237,246,233,256,241,258,241,237,249,226,259
242,214,265,234,212,231,232,255,268,237,246,233,256,241,258,241,237,249,226,259
242,214,265,234,212,231,232,255,268,237,246,233,256,241,258,241,237,249,226,259
242,214,265,234,212,231,232,255,268,237,246,233,256,241,258,241,237,249,226,259
242,214,265,234,212,231,232,255,268,237,246,233,256,241,258,241,237,249,226,259
242,214,265,234,212,265,246,255,268,251,252,233,256,249,258,241,237,257,231,263
242,214,265,234,212,265,246,255,268,251,252,233,256,249,258,241,237,257,231,263
242,214,265,234,212,265,246,255,268,251,252,233,256,249,258,241,237,257,231,263
242,214,265,234,212,265,246,255,268,251,252,233,256,249,258,241,237,257,231,263
248,239,274,242,233,265,246,277,272,251,252,240,259,249,270,248,256,257,231,263
248,239,274,242,233,265,246,277,272,251,252,240,259,249,270,248,256,257,231,263
248,239,274,242,233,265,246,277,272,251,252,240,259,249,270,248,256,257,231,263
248,239,274,242,233,265,246,277,272,251,252,240,259,249,270,248,256,257,231,263
248,239,274,242,233,265,246,277,272,251,252,240,259,249,270,248,256,257,231,263
248,239,274,242,233,265,246,277,272,251,252,240,259,249,270,248,256,257,231,263
248,239,274,242,233,265,246,277,272,251,252,240,259,249,270,248,256,257,231,263
248,239,274,242,233,265,246,277,272,251,252,240,259,249,270,248,256,257,231,263
248,239,274,242,233,274,251,277,272,257,254,240,259,251,270,248,256,270,241,271
248,239,274,242,233,274,251,277,272,257,254,240,259,251,270,248,256,270,241,271
248,239,274,242,233,274,251,277,272,257,254,240,259,251,270,248,256,270,241,271
248,239,274,242,233,274,251,277,272,257,254,240,259,251,270,248,256,270,241,271
258,249,280,254,239,274,251,282,290,257,254,246,262,251,270,259,262,270,241,271
258,249,280,254,239,274,251,282,290,257,254,246,262,251,301,259,262,270,241,271
258,249,280,254,239,274,251,282,290,257,254,246,262,251,301,259,262,270,241,271
258,249,280,254,239,274,251,282,290,257,254,246,262,251,301,259,262,270,241,271
258,249,280,254,239,274,251,282,290,257,254,246,262,251,301,259,262,270,241,271
258,249,280,254,239,274,251,282,290,257,254,246,262,251,301,259,262,270,241,271
258,249,280,254,239,274,251,282,290,257,254,246,262,251,301,259,262,270,241,271
258,249,280,254,239,274,251,282,290,257,254,246,262,251,301,259,262,270,241,271
258,249,280,254,239,280,254,282,290,265,266,246,262,257,301,259,262,276,258,272
258,249,280,254,239,280,254,282,290,265,266,246,262,257,301,259,262,276,258,272
258,249,280,254,239,280,254,282,290,265,266,246,262,257,301,259,262,276,258,272
258,249,280,254,239,280,254,282,290,265,266,246,262,257,301,259,262,276,258,272
271,252,287,262,255,280,254,293,292,265,266,255,268,257,301,263,268,276,258,272
271,252,287,262,255,280,254,293,292,265,266,255,268,257,301,263,268,276,258,272
271,252,287,262,255,280,254,293,292,265,266,255,268,257,306,263,268,276,258,272
271,252,287,262,255,280,254,293,292,265,266,255,268,257,306,263,268,276,258,272
271,252,287,262,255,280,254,293,292,265,266,255,268,257,306,263,268,276,258,272
271,252,287,262,255,280,254,293,292,265,266,255,268,257,306,263,268,276,258,272
271,252,287,262,255,280,254,293,292,265,266,255,268,257,306,263,268,276,258,272
271,252,287,262,255,280,254,293,292,265,266,255,268,257,306,263,268,276,258,272
271,252,287,262,255,287,266,293,292,274,275,255,268,270,306,263,268,279,273,280
271,252,287,262,255,287,266,293,292,274,275,255,268,270,306,263,268,279,273,280
271,252,287,262,255,287,266,293,292,274,275,255,268,270,306,263,268,279,273,280
271,252,287,262,255,287,266,293,292,274,275,255,268,270,306,263,268,279,273,280
276,261,296,266,261,287,266,305,300,274,275,277,290,270,306,271,290,279,273,280
276,261,296,266,261,287,266,305,300,274,275,277,290,270,306,271,290,279,273,280
276,261,296,266,261,287,266,305,300,274,275,277,290,270,306,271,290,279,273,280
276,261,296,266,261,287,266,305,300,274,275,277,290,270,310,271,290,279,273,280
276,261,296,266,261,287,266,305,300,274,275,277,290,270,310,271,290,279,273,280
276,261,296,266,261,287,266,305,300,274,275,277,290,270,310,271,290,279,273,280
276,261,296,266,261,287,266,305,300,274,275,277,290,270,310,271,290,279,273,280
276,261,296,266,261,287,266,305,300,274,275,277,290,270,310,271,290,279,273,280
276,261,296,266,261,296,275,305,300,287,297,277,290,294,310,271,290,294,295,286
276,261,296,266,261,296,275,305,300,287,297,277,290,294,310,271,290,294,295,286
276,261,296,266,261,296,275,305,300,287,297,277,290,294,310,271,290,294,295,286
276,263,296,266,273,296,275,305,300,287,297,277,290,294,310,271,290,294,295,286
279,263,311,275,273,296,275,313,315,287,297,282,304,294,310,272,307,294,295,286
279,263,311,275,273,296,275,313,315,287,297,282,304,294,310,272,307,294,295,286
279,263,311,275,273,296,275,313,315,287,297,282,304,294,310,272,307,294,295,286
279,263,311,275,273,296,275,313,315,287,297,282,304,294,310,272,307,294,295,286
279,263,311,275,273,296,275,313,315,287,297,282,304,294,312,272,307,294,295,286
279,263,311,275,273,296,275,313,315,287,297,282,304,294,312,272,307,294,295,286
279,263,311,275,273,296,275,313,315,287,297,282,304,294,312,272,307,294,295,286
279,263,311,275,273,296,275,313,315,287,297,282,304,294,312,272,307,294,295,286
279,263,311,275,273,302,297,313,315,302,311,282,304,306,312,272,307,306,301,296
279,263,311,275,273,302,297,313,315,302,311,282,304,306,312,272,307,306,301,296
279,273,311,275,286,302,297,313,315,302,311,282,304,306,312,272,307,306,301,296
279,273,311,275,286,302,297,313,315,302,311,282,304,306,312,272,307,306,301,296
294,273,313,276,286,302,297,314,319,302,311,293,315,306,312,282,320,306,301,296
294,273,313,276,286,302,297,314,319,302,311,293,315,306,312,282,320,306,301,296
294,273,313,276,286,302,297,314,319,302,311,293,315,306,312,282,320,306,301,296
294,273,313,276,286,302,297,314,319,302,311,293,315,306,312,282,320,306,301,296
294,273,313,276,286,302,297,314,319,302,311,293,315,306,312,282,320,306,301,296
294,273,313,276,286,302,297,314,319,302,311,293,315,306,318,282,320,306,301,296
294,273,313,276,286,302,297,314,319,302,311,293,315,306,318,282,320,306,301,296
294,273,313,276,286,302,297,314,319,302,311,293,315,306,318,282,320,306,301,296
294,273,313,276,286,311,312,314,319,317,318,293,315,307,318,282,320,310,304,307
294,286,313,276,292,311,312,314,319,317,318,293,315,307,318,282,320,310,304,307
294,286,313,276,292,311,312,314,319,317,318,293,315,307,318,282,320,310,304,307
294,286,313,276,292,311,312,314,319,317,318,293,315,307,318,282,320,310,304,307
301,286,323,277,292,311,312,318,332,317,318,305,320,307,318,293,325,310,304,307
301,286,323,277,292,311,312,318,332,317,318,305,320,307,318,293,325,310,304,307
301,286,323,277,292,311,312,318,332,317,318,305,320,307,318,293,325,310,304,307
301,286,323,277,292,311,312,318,332,317,318,305,320,307,318,293,325,310,304,307
301,286,323,277,292,311,312,318,332,317,318,305,320,307,318,293,325,310,304,307
301,286,323,277,292,311,312,318,332,317,318,305,320,307,318,293,325,310,304,307
301,286,323,277,292,311,312,318,332,317,318,305,320,307,324,293,325,310,304,307
301,286,323,277,292,311,312,318,332,317,318,305,320,307,324,293,325,310,304,307
301,292,323,277,295,316,317,318,332,323,321,305,320,316,324,293,325,314,308,315
301,292,323,277,295,316,317,318,332,323,321,305,320,316,324,293,325,314,308,315
301,292,323,277,295,316,317,318,332,323,321,305,320,316,324,293,325,314,308,315
301,292,323,277,295,316,317,318,332,323,321,305,320,316,324,293,325,314,308,315
308,292,328,279,295,316,317,327,340,323,321,310,332,316,324,304,332,314,308,315
308,292,328,279,295,316,317,327,340,323,321,310,332,316,324,304,332,314,308,315
308,292,328,279,295,316,317,327,340,323,321,310,332,316,324,304,332,314,308,315
308,292,328,279,295,316,317,327,340,323,321,310,332,316,324,304,332,314,308,315
308,292,328,279,295,316,317,327,340,323,321,310,332,316,324,304,332,314,308,315
308,292,328,279,295,316,317,327,340,323,321,310,332,316,324,304,332,314,308,315
308,292,328,279,295,316,317,327,340,323,321,310,332,316,324,304,332,314,308,315
308,295,328,279,300,316,317,327,340,323,321,310,332,316,330,304,332,314,308,315
308,295,328,279,300,323,321,327,340,326,324,310,332,317,330,304,332,326,328,316
308,295,328,279,300,323,321,327,340,326,324,310,332,317,330,304,332,326,328,316
308,295,328,279,300,323,321,327,340,326,324,310,332,317,330,304,332,326,328,316
308,295,328,279,300,323,321,327,340,326,324,310,332,317,330,304,332,326,328,316
320,295,344,297,300,323,321,331,348,326,324,319,340,317,330,305,340,326,328,316
320,295,344,297,300,323,321,331,348,326,324,319,340,317,330,305,340,326,328,316
320,295,344,297,300,323,321,331,348,326,324,319,340,317,330,305,340,326,328,316
320,295,344,297,300,323,321,331,348,326,324,319,340,317,330,305,340,326,328,316
320,295,344,297,300,323,321,331,348,326,324,319,340,317,330,305,340,326,328,316
320,295,344,297,300,323,321,331,348,326,324,319,340,317,330,305,340,326,328,316
320,300,344,297,314,323,321,331,348,326,324,319,340,317,330,305,340,326,328,316
320,300,344,297,314,323,321,331,348,326,324,319,340,317,330,305,340,326,328,316
320,300,344,297,314,328,324,331,348,344,329,319,340,325,334,305,340,330,334,321
320,300,344,297,314,328,324,331,348,344,329,319,340,325,334,305,340,330,334,321
320,300,344,297,314,328,324,331,348,344,329,319,340,325,334,305,340,330,334,321
320,300,344,297,314,328,324,331,348,344,329,319,340,325,334,305,340,330,334,321
334,300,352,308,314,328,324,337,350,344,329,327,350,325,334,313,350,330,334,321
334,300,352,308,314,328,324,337,350,344,329,327,350,325,334,313,350,330,334,321
334,300,352,308,314,328,324,337,350,344,329,327,350,325,334,313,350,330,334,321
334,300,352,308,314,328,324,337,350,344,329,327,350,325,334,313,350,330,334,321
334,300,352,308,314,328,324,337,350,344,329,327,350,325,334,313,350,330,334,321
334,302,352,308,327,328,324,337,350,344,329,327,350,325,334,313,350,330,334,321
334,302,352,308,327,328,324,337,350,344,329,327,350,325,334,313,350,330,334,321
334,302,352,308,327,328,324,337,350,344,329,327,350,325,334,313,350,330,334,321
334,302,352,308,327,344,329,337,350,352,338,327,350,330,341,313,350,341,337,325
334,302,352,308,327,344,329,337,350,352,338,327,350,330,341,313,350,341,337,325
334,302,352,308,327,344,329,337,350,352,338,327,350,330,341,313,350,341,337,325
334,302,352,308,327,344,329,337,350,352,338,327,350,330,341,313,350,341,337,325
337,302,359,329,327,344,329,339,351,352,338,331,351,330,341,319,351,341,337,325
337,302,359,329,327,344,329,339,351,352,338,331,351,330,341,319,351,341,337,325
337,302,359,329,327,344,329,339,351,352,338,331,351,330,341,319,351,341,337,325
337,302,359,329,327,344,329,339,351,352,338,331,351,330,341,319,351,341,337,325
337,312,359,329,331,344,329,339,351,352,338,331,351,330,341,319,351,341,337,325
337,312,359,329,331,344,329,339,351,352,338,331,351,330,341,319,351,341,337,325
337,312,359,329,331,344,329,339,351,352,338,331,351,330,341,319,351,341,337,325
337,312,359,329,331,344,329,339,351,352,338,331,351,330,341,319,351,341,337,325
337,312,359,329,331,352,338,339,351,357,345,331,351,341,348,319,351,355,343,335
337,312,359,329,331,352,338,339,351,357,345,331,351,341,348,319,351,355,343,335
337,312,359,329,331,352,338,339,351,357,345,331,351,341,348,319,351,355,343,335
337,312,359,329,331,352,338,339,351,357,345,331,351,341,348,319,351,355,343,335
342,312,361,338,331,352,338,346,354,357,345,339,354,341,348,335,354,355,343,335
342,312,361,338,331,352,338,346,354,357,345,339,354,341,348,335,354,355,343,335
342,312,361,338,331,352,338,346,354,357,345,339,354,341,348,335,354,355,343,335
342,326,361,338,339,352,338,346,354,357,345,339,354,341,348,335,354,355,343,335
342,326,361,338,339,352,338,346,354,357,345,339,354,341,348,335,354,355,343,335
342,326,361,338,339,352,338,346,354,357,345,339,354,341,348,335,354,355,343,335
342,326,361,338,339,352,338,346,354,357,345,339,354,341,348,335,354,355,343,335
342,326,361,338,339,352,338,346,354,357,345,339,354,341,348,335,354,355,343,335
342,326,361,338,339,361,345,346,354,361,356,339,354,355,355,335,354,357,348,342
342,326,361,338,339,361,345,346,354,361,356,339,354,355,355,335,354,357,348,342
342,326,361,338,339,361,345,346,354,361,356,339,354,355,355,335,354,357,348,342
342,326,361,338,339,361,345,346,354,361,356,339,354,355,355,335,354,357,348,342
353,326,368,345,339,361,345,347,364,361,356,346,364,355,355,342,364,357,348,342
353,326,368,345,339,361,345,347,364,361,356,346,364,355,355,342,364,357,348,342
353,335,368,345,343,361,345,347,364,361,356,346,364,355,355,342,364,357,348,342
353,335,368,345,343,361,345,347,364,361,356,346,364,355,355,342,364,357,348,342
353,335,368,345,343,361,345,347,364,361,356,346,364,355,355,342,364,357,348,342
353,335,368,345,343,361,345,347,364,361,356,346,364,355,355,342,364,357,348,342
353,335,368,345,343,361,345,347,364,361,356,346,364,355,355,342,364,357,348,342
353,335,368,345,343,361,345,347,364,361,356,346,364,355,355,342,364,357,348,342
353,335,368,345,343,368,356,347,364,375,359,346,364,357,362,342,364,365,353,360
353,335,368,345,343,368,356,347,364,375,359,346,364,357,362,342,364,365,353,360
353,335,368,345,343,368,356,347,364,375,359,346,364,357,362,342,364,365,353,360
353,335,368,345,343,368,356,347,364,375,359,346,364,357,362,342,364,365,353,360
358,335,376,353,343,368,356,366,367,375,359,347,367,357,362,346,367,365,353,360
358,343,376,353,360,368,356,366,367,375,359,347,367,357,362,346,367,365,353,360
358,343,376,353,360,368,356,366,367,375,359,347,367,357,362,346,367,365,353,360
358,343,376,353,360,368,356,366,367,375,359,347,367,357,362,346,367,365,353,360
358,343,376,353,360,368,356,366,367,375,359,347,367,357,362,346,367,365,353,360
358,343,376,353,360,368,356,366,367,375,359,347,367,357,362,346,367,365,353,360
358,343,376,353,360,368,356,366,367,375,359,347,367,357,362,346,367,365,353,360
358,343,376,353,360,368,356,366,367,375,359,347,367,357,362,346,367,365,353,360
358,343,376,353,360,376,359,366,367,376,362,347,367,365,374,346,367,374,358,368
358,343,376,353,360,376,359,366,367,376,362,347,367,365,374,346,367,374,358,368
358,343,376,353,360,376,359,366,367,376,362,347,367,365,374,346,367,374,358,368
358,343,376,353,360,376,359,366,367,376,362,347,367,365,374,346,367,374,358,368
365,360,378,356,372,376,359,372,373,376,362,366,373,365,374,347,373,374,358,368
365,360,378,356,372,376,359,372,373,376,362,366,373,365,374,347,373,374,358,368
365,360,378,356,372,376,359,372,373,376,362,366,373,365,374,347,373,374,358,368
365,360,378,356,372,376,359,372,373,376,362,366,373,365,374,347,373,374,358,368
365,360,378,356,372,376,359,372,373,376,362,366,373,365,374,347,373,374,358,368
365,360,378,356,372,376,359,372,373,376,362,366,373,365,374,347,373,374,358,368
365,360,378,356,372,376,359,372,373,376,362,366,373,365,374,347,373,374,358,368
365,360,378,356,372,376,359,372,373,376,362,366,373,365,374,347,373,374,358,368
365,360,378,356,372,378,362,372,373,378,371,366,373,374,377,347,373,377,366,375
365,360,378,356,372,378,362,372,373,378,371,366,373,374,377,347,373,377,366,375
365,360,378,356,372,378,362,372,373,378,371,366,373,374,377,347,373,377,366,375
380,375,382,358,381,378,362,379,385,378,371,372,386,374,377,379,386,377,366,375
380,375,382,358,381,378,362,379,385,378,371,372,386,374,377,379,386,377,366,375
380,375,382,358,381,378,362,379,385,378,371,372,386,374,377,379,386,377,366,375
380,375,382,358,381,378,362,379,385,378,371,372,386,374,377,379,386,377,366,375
380,375,382,358,381,378,362,379,385,378,371,372,386,374,377,379,386,377,366,375
380,375,382,358,381,378,362,379,385,378,371,372,386,374,377,379,386,377,366,375
380,375,382,358,381,378,362,379,385,378,371,372,386,374,377,379,386,377,366,375
380,375,382,358,381,378,362,379,385,378,371,372,386,374,377,379,386,377,366,375
380,375,382,358,381,378,362,379,385,378,371,372,386,374,377,379,386,377,366,375
380,375,382,358,381,382,371,379,385,383,379,372,386,377,384,379,386,380,381,382
380,375,382,358,381,382,371,379,385,383,379,372,386,377,384,379,386,380,381,382
386,381,390,371,387,382,371,384,387,383,379,385,388,377,384,385,388,380,381,382
386,381,390,371,387,382,371,384,387,383,379,385,388,377,384,385,388,380,381,382
386,381,390,371,387,382,371,384,387,383,379,385,388,377,384,385,388,380,381,382
386,381,390,371,387,382,371,384,387,383,379,385,388,377,384,385,388,380,381,382
386,381,390,371,387,382,371,384,387,383,379,385,388,377,384,385,388,380,381,382
386,381,390,371,387,382,371,384,387,383,379,385,388,377,384,385,388,380,381,382
386,381,390,371,387,382,371,384,387,383,379,385,388,377,384,385,388,380,381,382
386,381,390,371,387,382,371,384,387,383,379,385,388,377,384,385,388,380,381,382
386,381,390,371,387,382,371,384,387,383,379,385,388,377,384,385,388,380,381,382
386,381,390,371,387,382,371,384,387,383,379,385,388,377,384,385,388,380,381,382
386,381,390,371,387,390,383,384,387,390,384,385,388,383,393,385,388,389,393,387
388,389,393,380,389,390,383,391,392,390,384,391,392,383,393,391,392,389,393,387
388,389,393,380,389,390,383,391,392,390,384,391,392,383,393,391,392,389,393,387
388,389,393,380,389,390,383,391,392,390,384,391,392,383,393,391,392,389,393,387
388,389,393,380,389,390,383,391,392,390,384,391,392,383,393,391,392,389,393,387
388,389,393,380,389,390,383,391,392,390,384,391,392,383,393,391,392,389,393,387
388,389,393,380,389,390,383,391,392,390,384,391,392,383,393,391,392,389,393,387
388,389,393,380,389,390,383,391,392,390,384,391,392,383,393,391,392,389,393,387
388,389,393,380,389,390,383,391,392,390,384,391,392,383,393,391,392,389,393,387
388,389,393,380,389,390,383,391,392,390,384,391,392,383,393,391,392,389,393,387
388,389,393,380,389,390,383,391,392,390,384,391,392,383,393,391,392,389,393,387
388,389,393,380,389,390,383,391,392,390,384,391,392,383,393,391,392,389,393,387