2,4,5,2,4,1,3,1,1,1,1,1,3,3,1,3,6,6,3,6
2,4,5,2,4,1,3,1,1,1,1,1,3,3,1,3,6,6,3,6
2,4,5,2,4,7,3,7,7,7,6,7,3,3,6,3,6,6,3,6
2,4,5,2,4,7,3,7,7,7,6,7,3,3,6,3,6,6,3,6
2,4,5,2,4,9,3,10,10,10,6,9,3,3,6,3,6,6,3,6
2,4,5,2,4,9,3,10,10,10,6,9,3,3,6,3,6,6,3,6
8,12,5,16,12,9,3,11,11,11,6,9,3,3,6,3,6,6,3,6
8,12,5,16,12,9,3,11,11,11,6,9,3,3,6,3,6,6,3,6
8,12,5,16,12,9,3,14,14,14,6,9,3,3,6,3,6,6,3,6
8,12,5,16,12,9,3,14,14,14,6,9,3,3,6,3,6,6,3,6
8,12,5,16,12,9,3,15,17,17,6,9,3,3,6,3,6,6,3,6
8,12,5,16,12,9,3,15,17,17,6,9,3,3,6,3,6,6,3,6
16,19,13,26,34,9,3,15,18,18,6,9,3,3,6,3,6,6,3,6
16,19,13,26,34,9,3,15,18,18,6,9,3,3,6,3,6,6,3,6
16,19,13,26,34,9,3,15,20,20,6,9,3,3,6,3,6,6,3,6
16,19,13,26,34,9,3,15,20,20,6,9,3,3,6,3,6,6,3,6
16,19,13,26,34,9,17,15,21,21,6,9,7,9,6,7,9,11,9,10
16,19,13,26,34,9,17,15,21,21,6,9,7,9,6,7,9,11,9,10
26,34,13,41,46,9,18,15,23,23,14,9,11,9,10,10,9,14,9,15
26,34,13,41,46,9,18,15,23,23,14,9,11,9,10,10,9,14,9,15
26,34,13,41,46,10,21,15,24,24,17,11,15,9,14,15,9,15,9,15
26,34,13,41,46,10,21,15,24,24,17,11,15,9,14,15,9,15,9,15
26,34,13,41,46,11,24,15,25,25,18,17,15,9,17,15,9,15,9,15
26,34,13,41,46,11,24,15,25,25,18,17,15,9,17,15,9,15,9,15
46,50,22,59,62,14,25,15,27,28,20,18,15,9,18,15,9,15,9,15
46,50,22,59,62,14,25,15,27,28,20,18,15,9,18,15,9,15,9,15
46,50,22,59,62,20,35,20,27,29,21,20,15,9,20,15,9,15,9,15
46,50,22,59,62,20,35,20,27,29,21,20,15,9,20,15,9,15,9,15
46,50,22,59,62,23,36,23,27,29,23,21,15,9,21,15,9,15,9,15
46,50,22,59,62,23,36,23,27,29,23,21,15,9,21,15,9,15,9,15
59,62,22,68,70,28,36,28,27,29,24,23,15,9,23,15,9,15,9,15
59,62,22,68,70,28,36,28,27,29,24,23,15,9,23,15,9,15,9,15
59,62,22,68,70,30,36,30,27,29,25,24,15,21,24,15,17,15,18,15
59,62,22,68,70,30,36,30,27,29,25,24,15,21,24,15,17,15,18,15
59,62,22,68,70,31,36,31,27,29,27,27,15,25,25,15,27,15,25,24
59,62,22,68,70,31,36,31,27,29,27,27,15,25,25,15,27,15,25,24
68,70,39,74,87,32,36,32,27,29,27,27,28,27,29,29,27,28,28,28
68,70,39,74,87,32,36,32,27,29,27,27,28,27,29,29,27,28,28,28
68,70,39,74,87,33,36,33,27,29,27,27,29,27,29,29,27,29,30,30
68,70,39,74,87,33,36,33,27,29,27,27,29,27,29,29,27,29,30,30
68,70,39,74,87,37,36,38,30,29,27,27,29,27,29,29,27,29,31,31
68,70,39,74,87,37,36,38,30,29,27,27,29,27,29,29,27,29,31,31
74,87,39,95,98,37,36,40,31,30,27,27,29,27,29,29,27,29,32,32
74,87,39,95,98,37,36,40,31,30,27,27,29,27,29,29,27,29,32,32
74,87,39,95,98,37,44,42,32,31,27,27,29,27,29,29,27,29,33,33
74,87,39,95,98,37,44,42,32,31,27,27,29,27,29,29,27,29,33,33
74,87,39,95,98,37,47,43,33,32,27,27,29,27,29,29,27,29,35,35
74,87,39,95,98,37,47,43,33,32,27,27,29,27,29,29,27,29,35,35
95,98,63,100,103,37,47,45,35,33,27,27,29,27,29,29,27,29,36,37
95,98,63,100,103,37,47,45,35,33,27,27,29,27,29,29,27,29,36,37
95,98,63,100,103,37,47,45,38,35,35,36,29,27,29,29,36,29,36,37
95,98,63,100,103,37,47,45,38,35,35,36,29,27,29,29,36,29,36,37
95,98,63,100,103,37,47,45,40,38,37,36,29,30,31,36,36,29,36,37
95,98,63,100,103,37,47,45,40,38,37,36,29,30,31,36,36,29,36,37
100,103,63,108,109,37,47,45,42,40,37,36,32,33,35,36,36,37,36,37
100,103,63,108,109,37,47,45,42,40,37,36,32,33,35,36,36,37,36,37
100,103,63,108,109,38,47,45,43,42,37,36,38,38,37,36,36,37,36,37
100,103,63,108,109,38,47,45,43,42,37,36,38,38,37,36,36,37,36,37
100,103,63,108,109,40,47,45,44,43,37,36,40,40,37,36,36,37,36,37
100,103,63,108,109,40,47,45,44,43,37,36,40,40,37,36,36,37,36,37
108,109,64,114,118,42,47,45,48,44,37,36,42,42,37,36,36,37,36,37
108,109,64,114,118,42,47,45,48,44,37,36,42,42,37,36,36,37,36,37
108,109,64,114,118,43,51,45,49,48,37,36,43,43,37,36,36,37,36,37
108,109,64,114,118,43,51,45,49,48,37,36,43,43,37,36,36,37,36,37
108,109,64,114,118,48,51,48,49,52,37,36,44,44,37,36,36,37,38,40
108,109,64,114,118,48,51,48,49,52,37,36,44,44,37,36,36,37,38,40
114,118,64,119,120,54,51,53,49,52,37,42,45,45,37,36,43,37,44,44
114,118,64,119,120,54,51,53,49,52,37,42,45,45,37,36,43,37,44,44
114,118,64,119,120,54,51,53,49,52,45,47,45,45,37,45,47,37,48,47
114,118,64,119,120,54,51,53,49,52,45,47,45,45,37,45,47,37,48,47
114,118,64,119,120,54,51,53,49,52,45,47,45,45,37,45,47,48,49,47
114,118,64,119,120,54,51,53,49,52,45,47,45,45,37,45,47,48,49,47
119,120,88,125,130,54,51,53,49,52,45,47,45,45,47,45,47,49,49,47
119,120,88,125,130,54,51,53,49,52,45,47,45,45,47,45,47,49,49,47
119,120,88,125,130,54,51,53,49,52,45,47,45,45,47,45,47,49,49,47
119,120,88,125,130,54,51,53,49,52,45,47,45,45,47,45,47,49,49,47
119,120,88,125,130,54,51,53,49,52,45,47,45,45,47,45,47,49,49,47
119,120,88,125,130,54,51,53,49,52,45,47,45,45,47,45,47,49,49,47
125,130,88,133,137,54,56,53,55,52,45,47,45,45,47,45,47,49,49,47
125,130,88,133,137,54,56,53,55,52,45,47,45,45,47,45,47,49,49,47
125,130,88,133,137,54,56,53,57,55,45,47,45,45,47,45,47,49,49,47
125,130,88,133,137,54,56,53,57,55,45,47,45,45,47,45,47,49,49,47
125,130,88,133,137,55,56,55,58,57,45,47,48,49,47,45,47,49,49,47
125,130,88,133,137,55,56,55,58,57,45,47,48,49,47,45,47,49,49,47
133,137,106,139,146,57,56,57,60,58,52,51,51,49,47,49,51,49,49,51
133,137,106,139,146,57,56,57,60,58,52,51,51,49,47,49,51,49,49,51
133,137,106,139,146,58,56,58,61,60,52,51,51,49,47,49,51,49,52,51
133,137,106,139,146,58,56,58,61,60,52,51,51,49,47,49,51,49,52,51
133,137,106,139,146,60,56,60,61,65,52,51,51,49,52,49,51,53,52,51
133,137,106,139,146,60,56,60,61,65,52,51,51,49,52,49,51,53,52,51
139,146,106,149,152,65,56,65,61,67,52,51,51,49,52,49,51,53,52,51
139,146,106,149,152,65,56,65,61,67,52,51,51,49,52,49,51,53,52,51
139,146,106,149,152,66,56,69,61,67,52,51,51,49,52,49,51,53,52,51
139,146,106,149,152,66,56,69,61,67,52,51,51,49,52,49,51,53,52,51
139,146,106,149,152,66,71,69,61,67,52,51,51,49,52,49,51,53,52,51
139,146,106,149,152,66,71,69,61,67,52,51,51,49,52,49,51,53,52,51
149,152,112,151,154,66,71,69,61,67,52,51,51,49,52,49,51,53,52,51
149,152,112,151,154,66,71,69,61,67,52,51,51,49,52,49,51,53,52,51
149,152,112,151,154,66,71,69,61,67,52,51,51,52,52,49,51,53,52,51
149,152,112,151,154,66,71,69,61,67,52,51,51,52,52,49,51,53,52,51
149,152,112,151,154,66,71,69,61,67,53,54,53,52,52,53,54,53,52,54
149,152,112,151,154,66,71,69,61,67,53,54,53,52,52,53,54,53,52,54
151,154,112,155,165,66,71,69,65,67,53,54,53,52,52,53,54,53,55,54
151,154,112,155,165,66,71,69,65,67,53,54,53,52,52,53,54,53,55,54
151,154,112,155,165,66,71,69,72,67,53,54,53,52,54,53,54,55,56,54
151,154,112,155,165,66,71,69,72,67,53,54,53,52,54,53,54,55,56,54
151,154,112,155,165,66,71,69,73,72,53,54,53,52,54,53,54,56,56,54
151,154,112,155,165,66,71,69,73,72,53,54,53,52,54,53,54,56,56,54
155,165,113,169,170,72,71,72,75,73,53,54,53,52,54,53,54,56,56,54
155,165,113,169,170,72,71,72,75,73,53,54,53,52,54,53,54,56,56,54
155,165,113,169,170,73,76,73,75,77,53,54,53,52,54,53,54,56,56,54
155,165,113,169,170,73,76,73,75,77,53,54,53,52,54,53,54,56,56,54
155,165,113,169,170,78,76,78,75,77,53,54,53,52,54,53,54,56,56,54
155,165,113,169,170,78,76,78,75,77,53,54,53,52,54,53,54,56,56,54
169,170,113,172,179,79,76,79,75,77,53,54,53,55,54,53,54,56,56,54
169,170,113,172,179,79,76,79,75,77,53,54,53,55,54,53,54,56,56,54
169,170,113,172,179,80,76,80,75,77,57,57,58,56,54,56,57,56,56,58
169,170,113,172,179,80,76,80,75,77,57,57,58,56,54,56,57,56,56,58
169,170,113,172,179,81,76,81,75,77,60,58,61,56,54,56,60,56,56,61
169,170,113,172,179,81,76,81,75,77,60,58,61,56,54,56,60,56,56,61
172,179,121,174,182,83,76,82,75,77,65,60,61,56,61,56,61,56,65,61
172,179,121,174,182,83,76,82,75,77,65,60,61,56,61,56,61,56,65,61
172,179,121,174,182,83,76,82,75,77,66,65,61,56,61,56,61,66,66,61
172,179,121,174,182,83,76,82,75,77,66,65,61,56,61,56,61,66,66,61
172,179,121,174,182,83,76,82,78,77,66,67,61,56,61,56,61,66,66,61
172,179,121,174,182,83,76,82,78,77,66,67,61,56,61,56,61,66,66,61
174,182,121,183,185,83,85,82,79,78,66,67,61,56,61,56,61,66,66,61
174,182,121,183,185,83,85,82,79,78,66,67,61,56,61,56,61,66,66,61
174,182,121,183,185,83,85,82,80,79,66,67,61,56,61,56,61,66,66,61
174,182,121,183,185,83,85,82,80,79,66,67,61,56,61,56,61,66,66,61
174,182,121,183,185,83,85,82,81,80,66,67,61,56,61,56,61,66,66,61
174,182,121,183,185,83,85,82,81,80,66,67,61,56,61,56,61,66,66,61
183,185,123,186,192,83,85,82,84,81,66,67,61,66,61,67,61,66,66,61
183,185,123,186,192,83,85,82,84,81,66,67,61,66,61,67,61,66,66,61
183,185,123,186,192,83,85,82,86,84,66,67,69,66,61,67,61,66,66,67
183,185,123,186,192,83,85,82,86,84,66,67,69,66,61,67,61,66,66,67
183,185,123,186,192,84,85,84,86,89,66,67,69,66,67,67,69,66,66,67
183,185,123,186,192,84,85,84,86,89,66,67,69,66,67,67,69,66,66,67
186,192,123,190,201,89,85,89,86,90,71,67,69,66,67,67,69,69,69,67
186,192,123,190,201,89,85,89,86,90,71,67,69,66,67,67,69,69,69,67
186,192,123,190,201,90,85,90,86,92,71,71,69,66,67,67,69,69,69,67
186,192,123,190,201,90,85,90,86,92,71,71,69,66,67,67,69,69,69,67
186,192,123,190,201,92,93,91,86,94,71,71,69,66,67,67,69,69,69,67
186,192,123,190,201,92,93,91,86,94,71,71,69,66,67,67,69,69,69,67
190,201,157,203,209,96,93,91,86,94,71,71,69,66,67,67,69,69,69,67
190,201,157,203,209,96,93,91,86,94,71,71,69,66,67,67,69,69,69,67
190,201,157,203,209,97,93,91,86,94,71,71,69,66,67,67,69,69,69,67
190,201,157,203,209,97,93,91,86,94,71,71,69,66,67,67,69,69,69,67
190,201,157,203,209,97,93,91,86,94,71,71,69,71,67,71,69,69,69,67
190,201,157,203,209,97,93,91,86,94,71,71,69,71,67,71,69,69,69,67
203,209,157,210,216,97,93,91,89,94,71,71,72,71,67,71,69,69,69,72
203,209,157,210,216,97,93,91,89,94,71,71,72,71,67,71,69,69,69,72
203,209,157,210,216,97,93,91,90,94,71,71,75,71,73,71,73,69,69,75
203,209,157,210,216,97,93,91,90,94,71,71,75,71,73,71,73,69,69,75
203,209,157,210,216,97,93,91,92,94,76,71,75,71,75,71,75,73,72,75
203,209,157,210,216,97,93,91,92,94,76,71,75,71,75,71,75,73,72,75
210,216,196,220,222,97,93,91,96,94,76,76,75,71,75,71,75,76,77,75
210,216,196,220,222,97,93,91,96,94,76,76,75,71,75,71,75,76,77,75
210,216,196,220,222,97,104,92,99,96,76,76,75,71,75,71,75,76,77,75
210,216,196,220,222,97,104,92,99,96,76,76,75,71,75,71,75,76,77,75
210,216,196,220,222,97,104,96,101,99,76,76,75,71,75,71,75,76,77,75
210,216,196,220,222,97,104,96,101,99,76,76,75,71,75,71,75,76,77,75
220,222,196,227,229,99,104,99,102,101,76,76,75,71,75,71,75,76,77,75
220,222,196,227,229,99,104,99,102,101,76,76,75,71,75,71,75,76,77,75
220,222,196,227,229,101,104,101,105,102,76,76,75,77,75,76,75,76,77,75
220,222,196,227,229,101,104,101,105,102,76,76,75,77,75,76,75,76,77,75
220,222,196,227,229,102,104,102,110,105,76,76,75,77,75,76,75,76,77,75
220,222,196,227,229,102,104,102,110,105,76,76,75,77,75,76,75,76,77,75
227,229,214,231,233,105,104,105,110,111,76,76,77,77,75,76,75,76,77,78
227,229,214,231,233,105,104,105,110,111,76,76,77,77,75,76,75,76,77,78
227,229,214,231,233,115,104,107,110,111,78,76,77,77,77,76,79,76,77,80
227,229,214,231,233,115,104,107,110,111,78,76,77,77,77,76,79,76,77,80
227,229,214,231,233,116,104,107,110,111,79,78,77,77,77,76,81,79,82,82
227,229,214,231,233,116,104,107,110,111,79,78,77,77,77,76,81,79,82,82
231,233,214,238,242,117,124,107,110,111,80,80,77,77,77,76,82,81,82,82
231,233,214,238,242,117,124,107,110,111,80,80,77,77,77,76,82,81,82,82
231,233,214,238,242,122,124,107,110,111,81,83,77,77,77,76,82,83,82,82
231,233,214,238,242,122,124,107,110,111,81,83,77,77,77,76,82,83,82,82
231,233,214,238,242,126,124,107,110,111,83,83,77,77,77,76,82,83,82,82
231,233,214,238,242,126,124,107,110,111,83,83,77,77,77,76,82,83,82,82
238,242,224,246,248,127,124,107,110,111,83,83,77,82,77,83,82,83,82,82
238,242,224,246,248,127,124,107,110,111,83,83,77,82,77,83,82,83,82,82
238,242,224,246,248,128,124,107,115,111,83,83,77,82,77,83,82,83,82,82
238,242,224,246,248,128,124,107,115,111,83,83,77,82,77,83,82,83,82,82
238,242,224,246,248,129,124,107,116,115,83,83,84,82,77,83,82,83,82,82
238,242,224,246,248,129,124,107,116,115,83,83,84,82,77,83,82,83,82,82
246,248,224,250,252,129,124,115,117,116,83,83,85,82,85,83,82,83,82,82
246,248,224,250,252,129,124,115,117,116,83,83,85,82,85,83,82,83,82,82
246,248,224,250,252,129,124,116,122,117,83,83,85,82,85,83,82,83,84,84
246,248,224,250,252,129,124,116,122,117,83,83,85,82,85,83,82,83,84,84
246,248,224,250,252,129,131,117,126,122,83,83,85,82,85,83,85,83,86,85
246,248,224,250,252,129,131,117,126,122,83,83,85,82,85,83,85,83,86,85
250,252,247,258,261,129,131,122,127,126,83,89,85,82,85,83,85,86,86,85
250,252,247,258,261,129,131,122,127,126,83,89,85,82,85,83,85,86,86,85
250,252,247,258,261,129,131,126,128,127,89,90,85,82,85,83,85,86,86,85
250,252,247,258,261,129,131,126,128,127,89,90,85,82,85,83,85,86,86,85
250,252,247,258,261,129,131,127,132,128,90,91,85,86,85,86,85,86,86,85
250,252,247,258,261,129,131,127,132,128,90,91,85,86,85,86,85,86,86,85
258,261,247,266,267,129,131,128,132,134,91,91,85,86,85,86,85,86,86,85
258,261,247,266,267,129,131,128,132,134,91,91,85,86,85,86,85,86,86,85
258,261,247,266,267,134,131,134,132,136,91,91,85,86,85,86,85,86,86,85
258,261,247,266,267,134,131,134,132,136,91,91,85,86,85,86,85,86,86,85
258,261,247,266,267,136,131,135,132,138,91,91,90,86,89,86,85,86,86,85
258,261,256,266,267,136,131,135,132,138,91,91,90,86,89,86,85,86,86,85
266,267,256,268,272,140,131,135,132,138,91,91,91,86,92,86,85,86,86,85
266,267,256,268,272,140,131,135,132,138,91,91,91,86,92,86,85,86,86,85
266,267,256,268,272,140,141,135,132,138,91,91,91,86,93,86,91,86,92,92
266,267,256,268,272,140,141,135,132,138,91,91,91,86,93,86,91,86,92,92
266,267,256,268,272,140,141,135,132,138,91,91,91,86,93,86,91,93,94,93
266,267,256,268,272,140,141,135,132,138,91,91,91,86,93,86,91,93,94,93
268,272,256,276,281,140,141,135,132,138,91,91,91,86,93,86,91,93,94,93
268,272,256,276,281,140,141,135,132,138,91,91,91,86,93,86,91,93,94,93
268,272,256,276,281,140,141,135,134,138,91,93,91,94,93,94,91,93,94,93
268,272,256,276,281,140,141,135,134,138,91,93,91,94,93,94,91,93,94,93
268,272,271,276,281,140,141,135,136,138,94,93,91,94,93,94,91,93,94,93
268,272,271,276,281,140,141,135,136,138,94,93,91,94,93,94,91,93,94,93
276,281,271,282,283,140,141,135,142,138,94,93,91,94,93,94,91,93,94,93
276,281,271,282,283,140,141,135,142,138,94,93,91,94,93,94,91,93,94,93
276,281,271,282,283,140,141,136,143,142,94,93,91,94,93,94,91,93,94,93
276,281,271,282,283,140,141,136,143,142,94,93,91,94,93,94,91,93,94,93
276,281,271,282,283,142,141,142,143,144,94,93,96,94,93,94,91,93,94,93
276,281,271,282,283,142,141,142,143,144,94,93,96,94,93,94,91,93,94,93
282,283,271,288,294,144,147,144,143,148,94,93,97,94,97,94,96,93,94,93
282,283,271,288,294,144,147,144,143,148,94,93,97,94,97,94,96,93,94,93
282,283,271,288,294,148,147,145,143,150,94,93,97,94,97,94,97,96,99,97
282,283,286,288,294,148,147,145,143,150,94,93,97,94,97,94,97,96,99,97
282,283,286,288,294,153,147,145,143,150,94,93,97,94,97,94,97,99,101,97
282,283,286,288,294,153,147,145,143,150,94,93,97,94,97,94,97,99,101,97
288,294,286,295,301,156,147,145,143,150,94,99,97,101,97,102,97,101,104,97
288,294,286,295,301,156,147,145,143,150,94,99,97,101,97,102,97,101,104,97
288,294,286,295,301,158,147,145,143,150,102,102,97,104,97,104,97,104,104,97
288,294,286,295,301,158,147,145,143,150,102,102,97,104,97,104,97,104,104,97
288,294,286,295,301,158,147,145,143,150,105,105,97,104,97,104,97,104,104,97
288,294,286,295,301,158,147,145,143,150,105,105,97,104,97,104,97,104,104,97
295,301,286,303,307,158,147,145,144,150,107,107,97,104,97,104,97,104,104,97
295,301,286,303,307,158,147,145,144,150,107,107,97,104,97,104,97,104,104,97
295,301,305,303,307,158,147,145,148,150,107,107,97,104,97,104,97,104,104,97
295,301,305,303,307,158,147,145,148,150,107,107,97,104,97,104,97,104,104,97
295,301,305,303,307,158,159,145,153,150,107,107,107,104,105,104,97,104,104,97
295,301,305,303,307,158,159,145,153,150,107,107,107,104,105,104,97,104,104,97
303,307,305,316,317,158,159,148,156,153,107,107,107,104,110,104,107,104,104,110
303,307,305,316,317,158,159,148,156,153,107,107,107,104,110,104,107,104,104,110
303,307,305,316,317,158,159,153,161,156,107,107,107,104,110,104,107,104,104,110
303,307,305,316,317,158,159,153,161,156,107,107,107,104,110,104,107,104,104,110
303,307,305,316,317,158,159,156,162,161,107,107,107,104,110,104,107,104,111,110
303,307,305,316,317,158,159,156,162,161,107,107,107,104,110,104,107,104,111,110
316,317,305,319,324,161,159,161,163,162,107,107,107,110,110,110,107,111,111,110
316,317,330,319,324,161,159,161,163,162,107,107,107,110,110,110,107,111,111,110
316,317,330,319,324,162,159,162,166,163,107,107,107,110,110,110,107,111,111,110
316,317,330,319,324,162,159,162,166,163,107,107,107,110,110,110,107,111,111,110
316,317,330,319,324,163,159,163,167,166,115,115,107,110,110,110,107,111,111,110
316,317,330,319,324,163,159,163,167,166,115,115,107,110,110,110,107,111,111,110
319,324,330,339,346,166,159,166,168,167,116,116,107,110,110,110,107,111,111,110
319,324,330,339,346,166,159,166,168,167,116,116,107,110,110,110,107,111,111,110
319,324,330,339,346,167,8,167,173,168,117,117,111,110,110,110,107,111,111,110
319,324,330,339,346,167,8,167,173,168,117,117,111,110,110,110,107,111,111,110
319,324,330,339,346,168,8,168,175,173,122,122,111,110,111,110,115,111,111,116
319,324,330,339,346,168,8,168,175,173,122,122,111,110,111,110,115,111,111,116
339,346,363,350,362,173,8,173,177,175,124,124,111,110,111,110,117,111,111,122
339,346,363,350,362,173,8,173,177,175,124,124,111,110,111,110,117,111,111,122
339,346,363,350,362,175,8,175,181,177,124,124,111,110,111,110,126,111,124,128
339,346,363,350,362,175,8,175,181,177,124,124,111,110,111,110,126,111,124,128
339,346,363,350,362,177,8,177,4,181,124,124,111,126,111,124,127,126,124,129
339,346,363,350,362,177,8,177,4,181,124,124,111,126,111,124,127,126,124,129
350,362,363,367,369,181,8,181,4,5,124,124,111,127,111,124,129,127,124,129
350,362,363,367,369,181,8,181,46,5,124,124,111,127,111,124,129,127,124,129
350,362,363,367,369,5,8,2,46,5,124,124,111,128,111,124,129,129,124,129
350,362,363,367,369,5,13,2,46,50,124,124,111,128,111,124,129,129,124,129
350,362,363,367,369,5,13,2,100,50,124,124,111,131,111,124,129,129,124,129
350,362,388,367,369,5,13,59,100,50,124,124,111,131,111,124,129,129,124,129
367,369,388,382,383,19,13,59,100,103,124,124,128,131,111,124,129,129,124,129
367,369,388,382,383,19,13,59,109,103,124,124,128,131,111,124,129,129,124,129
367,369,388,382,383,19,13,108,109,103,124,124,131,131,129,124,129,129,124,129
367,369,388,382,383,19,13,108,109,112,124,124,131,131,129,124,129,129,124,129
367,369,388,382,383,39,13,108,137,112,132,131,131,131,129,124,129,129,124,129
367,369,388,382,383,39,13,114,137,112,132,131,131,131,129,124,129,129,124,129
382,383,388,387,394,39,13,114,137,133,132,131,131,131,129,124,129,129,131,129
382,383,388,387,394,39,13,114,149,133,132,131,131,131,129,124,129,129,131,129
382,383,388,387,394,50,13,139,149,133,132,131,131,131,129,132,129,129,131,134
382,383,388,387,394,50,13,139,149,146,132,131,131,131,129,132,129,129,131,134
382,383,400,387,394,50,22,139,152,146,132,131,131,131,129,132,132,129,131,135
382,383,400,387,394,50,22,151,152,146,132,131,131,131,129,132,132,129,131,135
387,394,400,393,396,63,22,151,152,154,132,131,131,131,129,132,132,132,131,135
387,394,400,393,396,63,22,151,165,154,132,131,131,131,129,132,132,132,131,135
387,394,400,393,396,63,22,155,165,154,132,131,131,134,129,132,132,132,131,135
387,394,400,393,396,63,22,155,165,157,132,131,131,134,129,132,132,132,131,135
387,394,400,393,396,88,22,155,170,157,132,131,131,135,129,132,132,132,131,135
387,394,400,393,396,88,22,169,170,157,132,131,131,135,129,132,132,132,131,135
393,396,400,397,398,88,22,169,170,172,132,131,135,135,134,132,132,132,131,135
393,396,400,397,398,88,22,169,179,172,132,131,135,135,134,132,132,132,131,135
393,396,400,397,398,112,22,174,179,172,136,136,135,135,135,132,132,132,131,135
393,396,419,397,398,112,22,174,179,182,136,136,135,135,135,132,132,132,131,135
393,396,419,397,398,112,22,174,185,182,140,138,135,135,135,132,132,132,136,135
397,396,419,397,398,112,41,183,185,182,140,138,135,135,135,132,132,132,136,135
397,398,419,403,410,123,41,183,185,186,140,138,135,135,135,138,132,132,138,135
397,398,419,403,410,123,41,183,192,186,140,138,135,135,135,138,132,132,138,135
397,398,419,403,410,123,41,190,192,186,140,138,135,135,135,138,138,132,138,140
397,398,419,403,410,123,41,190,192,196,140,138,135,135,135,138,138,132,138,140
403,398,419,403,410,157,41,190,201,196,140,138,135,135,135,138,138,140,138,140
403,398,419,403,410,157,41,203,201,196,140,138,135,135,135,138,138,140,138,140
403,410,419,413,421,157,41,203,201,209,140,138,135,135,135,138,138,140,138,140
403,410,419,413,421,157,41,203,216,209,140,138,135,135,135,138,138,140,138,140
403,410,433,413,421,196,41,210,216,209,140,138,135,141,135,138,138,140,138,140
413,410,433,413,421,196,41,210,216,214,140,138,135,141,135,138,138,140,138,140
413,410,433,413,421,196,41,210,222,214,140,138,140,141,135,138,138,140,138,140
413,410,433,413,421,196,41,220,222,214,140,138,140,141,135,138,138,140,138,140
413,421,433,422,423,214,64,220,222,224,140,138,140,141,141,138,138,140,138,140
413,421,433,422,423,214,64,220,229,224,140,138,140,141,141,138,138,140,138,140
422,421,433,422,423,214,64,227,229,224,142,141,140,141,141,138,138,140,138,140
422,421,433,422,423,214,64,227,229,231,142,141,140,141,141,138,138,140,138,140
422,421,433,422,423,224,64,227,233,231,143,141,140,141,141,142,138,140,141,140
422,421,433,422,423,224,64,238,233,231,143,141,140,141,141,142,138,140,141,140
422,423,433,424,425,224,64,238,233,242,143,141,140,141,141,143,142,140,141,144
424,423,437,424,425,224,64,238,248,242,143,141,140,141,141,143,142,140,141,144
424,423,437,424,425,247,64,246,248,247,143,141,140,141,141,143,143,143,141,145
424,423,437,424,425,247,64,246,248,247,143,141,140,141,141,143,143,143,141,145
424,423,437,424,425,247,64,246,252,256,143,141,140,141,141,143,143,143,141,145
424,423,437,424,425,247,64,250,252,256,143,141,140,141,141,143,143,143,141,145
427,425,437,427,428,256,64,250,261,266,143,141,140,144,141,143,143,143,141,145
427,425,437,427,428,256,106,250,261,266,143,141,140,144,141,143,143,143,141,145
427,425,437,427,428,256,106,258,267,271,143,141,144,145,141,143,143,143,141,145
427,425,437,427,428,256,106,258,267,271,143,141,144,145,141,143,143,143,141,145
427,425,437,427,428,271,106,268,272,281,143,141,145,145,145,143,143,143,141,145
435,428,437,435,428,271,106,268,272,281,143,141,145,145,145,143,143,143,141,145
435,428,443,435,438,271,106,276,283,286,143,147,145,145,145,143,143,143,141,145
435,428,443,435,438,271,106,276,283,286,143,147,145,145,145,143,143,143,141,145
435,428,443,435,438,286,106,282,294,295,147,147,145,145,145,143,143,143,147,145
435,428,443,435,438,286,106,282,294,295,147,147,145,145,145,143,143,143,147,145
442,438,443,442,438,286,106,288,301,305,147,147,145,145,145,147,143,143,147,145
442,438,443,442,438,286,106,288,301,305,147,147,145,145,145,147,143,143,147,145
442,438,443,442,452,305,106,303,307,317,147,147,145,145,145,147,148,148,147,150
442,438,443,442,452,305,106,303,307,317,147,147,145,145,145,147,148,148,147,150
442,438,443,442,452,305,113,316,324,330,147,147,145,145,145,147,150,150,147,150
454,452,443,454,452,305,113,316,324,330,147,147,145,145,145,147,150,150,147,150
454,452,443,454,452,330,113,319,339,346,147,147,145,145,145,147,150,150,147,150
454,452,476,454,452,330,113,319,339,346,147,147,145,145,145,147,150,150,147,150
454,452,476,454,462,330,113,350,362,363,147,147,145,148,145,147,150,150,147,150
454,452,476,454,462,330,113,350,362,363,147,147,145,148,145,147,150,150,147,150
465,462,476,465,462,363,113,367,369,383,147,147,153,153,150,147,150,150,147,150
465,462,476,465,462,363,113,367,369,383,147,147,153,153,150,147,150,150,147,150
465,462,476,465,462,363,113,382,387,388,147,153,156,156,150,147,150,150,147,150
465,462,476,465,462,363,113,382,387,388,147,153,156,156,150,147,150,150,147,150
465,462,476,465,466,388,113,393,394,396,158,156,158,158,150,147,150,150,158,150
468,466,476,468,466,388,113,393,394,396,158,156,158,158,150,147,150,150,158,150
468,466,476,468,466,388,121,397,398,400,158,159,158,158,150,159,150,150,158,150
468,466,476,468,466,388,121,397,398,400,158,159,158,158,150,159,150,150,158,150
468,466,484,468,466,400,121,403,410,419,158,159,158,158,150,159,150,150,158,161
468,466,484,468,466,400,121,403,410,419,158,159,158,158,150,159,150,150,158,161
477,471,484,477,471,400,121,413,421,423,158,159,158,158,150,159,159,159,158,162
477,471,484,477,471,400,121,413,421,423,158,159,158,158,150,159,159,159,158,162
477,471,484,477,471,419,121,422,424,425,158,159,158,158,150,159,159,159,158,163
477,471,484,477,471,419,121,422,424,425,158,159,158,158,150,159,159,159,158,163
477,471,484,477,471,419,121,427,428,433,158,159,158,158,150,159,159,159,158,166
485,479,484,485,479,433,121,427,428,433,158,159,158,158,150,159,159,159,158,166
485,479,484,485,479,433,121,435,438,443,158,159,158,158,161,159,159,159,158,167
485,479,484,485,479,433,121,435,438,443,158,159,158,158,161,159,159,159,158,167
485,479,484,485,479,443,437,442,452,462,158,159,158,158,162,159,159,159,158,168
485,479,495,485,479,443,437,442,452,462,158,159,158,158,162,159,159,159,158,168
489,488,495,489,488,443,437,454,465,466,161,159,166,162,163,159,159,159,163,173
489,488,495,489,488,476,437,454,465,466,161,159,166,162,163,159,159,159,163,173
489,488,495,489,488,476,437,468,471,476,167,166,168,168,167,173,159,159,175,175
489,488,495,489,488,476,437,468,471,476,167,166,168,168,167,173,159,159,175,175
489,488,495,489,488,484,437,477,479,484,177,177,175,181,173,177,159,159,181,181
493,490,495,493,490,484,437,477,479,484,177,177,175,181,173,177,159,159,181,181
493,490,495,493,490,484,437,485,488,490,8,12,13,16,19,22,26,34,39,41
493,490,495,493,490,495,437,485,488,490,8,12,13,16,19,22,26,34,39,41
493,490,495,493,490,495,437,489,493,495,62,64,68,70,87,98,88,95,63,74
493,490,495,493,490,495,437,489,493,495,106,113,130,121,437,123,119,125,120,118