46,108,23,16,26,61,16,26,61,23,16,26,78,23,0,0,0,0,0,0
46,108,23,16,26,61,16,26,61,23,16,26,78,23,0,0,0,0,0,0
46,108,23,16,26,61,16,26,61,23,16,26,78,23,0,0,0,0,0,0
46,108,23,16,26,61,16,26,61,23,16,26,78,23,0,0,0,0,0,0
46,108,23,16,26,61,16,26,61,23,16,26,78,23,0,0,0,0,0,0
46,108,23,16,26,61,16,26,61,23,16,26,78,23,0,0,0,0,0,0
46,108,23,16,26,61,16,26,61,23,16,26,78,23,0,0,0,0,0,0
83,114,126,50,77,78,46,77,78,108,46,77,123,50,0,0,0,0,0,0
83,114,126,50,77,78,46,77,78,108,46,77,123,50,0,0,0,0,0,0
83,114,126,50,77,78,46,77,78,108,46,77,123,50,0,0,0,0,0,0
83,114,126,50,77,78,46,77,78,108,46,77,123,50,0,0,0,0,0,0
83,114,126,50,77,78,46,77,78,108,46,77,123,50,0,0,0,0,0,0
83,114,126,50,77,78,46,77,78,108,46,77,123,50,0,0,0,0,0,0
83,114,126,50,77,78,46,77,78,108,46,77,123,50,0,0,0,0,0,0
101,147,131,86,103,126,50,83,123,126,88,83,129,61,0,0,0,0,0,0
101,147,131,86,103,126,50,83,123,126,88,83,129,61,0,0,0,0,0,0
101,147,131,86,103,126,50,83,123,126,88,83,129,61,0,0,0,0,0,0
101,147,131,86,103,126,50,83,123,126,88,83,129,61,0,0,0,0,0,0
101,147,131,86,103,126,50,83,123,126,88,83,129,61,0,0,0,0,0,0
101,147,131,86,103,126,50,83,123,126,88,83,129,61,0,0,0,0,0,0
123,153,131,86,103,126,50,83,123,126,88,83,129,61,0,0,0,0,0,0
123,153,152,88,106,131,86,101,129,152,100,101,141,86,0,0,0,0,0,0
123,153,152,88,106,131,86,101,129,152,100,101,141,86,0,0,0,0,0,0
123,153,152,88,106,131,86,101,129,152,100,101,141,86,0,0,0,0,0,0
123,153,152,88,106,131,86,101,129,152,100,101,141,86,0,0,0,0,0,0
123,153,152,88,106,131,86,101,129,152,100,101,141,86,0,0,0,0,0,0
129,169,152,88,106,131,86,101,129,152,100,101,141,86,0,0,0,0,0,0
129,169,152,88,106,131,86,101,129,152,100,101,141,86,0,0,0,0,0,0
129,169,157,100,112,157,88,103,141,157,105,103,175,108,0,0,0,0,0,0
129,169,157,100,112,157,88,103,141,157,105,103,175,108,0,0,0,0,0,0
129,169,157,100,112,157,88,103,141,157,105,103,175,108,0,0,0,0,0,0
129,169,157,100,112,157,88,103,141,157,105,103,175,108,0,0,0,0,0,0
136,189,157,100,112,157,88,103,141,157,105,103,175,108,0,0,0,0,0,0
136,189,157,100,112,157,88,103,141,157,105,103,175,108,0,0,0,0,0,0
136,189,157,100,112,157,88,103,141,157,105,103,175,108,0,0,0,0,0,0
136,189,170,105,114,170,100,106,153,169,135,106,179,114,0,0,0,0,0,0
136,189,170,105,114,170,100,106,153,169,135,106,179,114,0,0,0,0,0,0
136,189,170,105,114,170,100,106,153,169,135,106,179,114,0,0,0,0,0,0
141,191,170,105,114,170,100,106,153,169,135,106,179,114,0,0,0,0,0,0
141,191,170,105,114,170,100,106,153,169,135,106,179,114,0,0,0,0,0,0
141,191,170,105,114,170,100,106,153,169,135,106,179,114,0,0,0,0,0,0
141,191,170,105,114,170,100,106,153,169,135,106,179,114,0,0,0,0,0,0
141,191,172,135,146,182,105,112,175,170,145,112,205,131,0,0,0,0,0,0
141,191,172,135,146,182,105,112,175,170,145,112,205,131,0,0,0,0,0,0
175,193,172,135,146,182,105,112,175,170,145,112,205,131,0,0,0,0,0,0
175,193,172,135,146,182,105,112,175,170,145,112,205,131,0,0,0,0,0,0
175,193,172,135,146,182,105,112,175,170,145,112,205,131,0,0,0,0,0,0
175,193,172,135,146,182,105,112,175,170,145,112,205,131,0,0,0,0,0,0
175,193,172,135,146,182,105,112,175,170,145,112,205,131,0,0,0,0,0,0
175,193,177,145,147,194,135,136,179,173,177,136,214,147,0,0,0,0,0,0
183,205,177,145,147,194,135,136,179,173,177,136,214,147,0,0,0,0,0,0
183,205,177,145,147,194,135,136,179,173,177,136,214,147,0,0,0,0,0,0
183,205,177,145,147,194,135,136,179,173,177,136,214,147,0,0,0,0,0,0
183,205,177,145,147,194,135,136,179,173,177,136,214,147,0,0,0,0,0,0
183,205,177,145,147,194,135,136,179,173,177,136,214,147,0,0,0,0,0,0
183,205,177,145,147,194,135,136,179,173,177,136,214,147,0,0,0,0,0,0
188,212,182,173,153,201,145,146,190,182,178,146,232,152,0,0,0,0,0,0
188,212,182,173,153,201,145,146,190,182,178,146,232,152,0,0,0,0,0,0
188,212,182,173,153,201,145,146,190,182,178,146,232,152,0,0,0,0,0,0
188,212,182,173,153,201,145,146,190,182,178,146,232,152,0,0,0,0,0,0
188,212,182,173,153,201,145,146,190,182,178,146,232,152,0,0,0,0,0,0
188,212,182,173,153,201,145,146,190,182,178,146,232,152,0,0,0,0,0,0
190,223,184,178,186,214,177,172,193,182,185,183,254,152,0,0,0,0,0,0
190,223,184,178,186,214,177,172,193,188,185,183,254,169,0,0,0,0,0,0
190,223,184,178,186,214,177,172,193,188,185,183,254,169,0,0,0,0,0,0
190,223,184,178,186,214,177,172,193,188,185,183,254,169,0,0,0,0,0,0
190,223,184,178,186,214,177,172,193,188,185,183,254,169,0,0,0,0,0,0
190,223,184,178,186,214,177,172,193,188,185,183,254,169,0,0,0,0,0,0
192,227,194,179,190,229,178,183,205,188,207,184,271,169,0,0,0,0,0,0
192,227,194,179,190,229,178,183,205,188,207,184,271,169,0,0,0,0,0,0
192,227,194,179,190,229,178,183,205,192,207,184,271,172,0,0,0,0,0,0
192,227,194,179,190,229,178,183,205,192,207,184,271,172,0,0,0,0,0,0
192,227,194,179,190,229,178,183,205,192,207,184,271,172,0,0,0,0,0,0
192,227,194,179,190,229,178,183,205,192,207,184,271,172,0,0,0,0,0,0
225,250,201,185,193,245,185,184,212,192,213,186,279,172,0,0,0,0,0,0
225,250,201,185,193,245,185,184,212,192,213,186,279,172,0,0,0,0,0,0
225,250,201,185,193,245,185,184,212,192,213,186,279,172,0,0,0,0,0,0
225,250,201,185,193,245,185,184,212,194,213,186,279,173,0,0,0,0,0,0
225,250,201,185,193,245,185,184,212,194,213,186,279,173,0,0,0,0,0,0
225,250,201,185,193,245,185,184,212,194,213,186,279,173,0,0,0,0,0,0
230,253,206,207,208,256,207,186,223,194,219,189,282,173,0,0,0,0,0,0
230,253,206,207,208,256,207,186,223,194,219,189,282,173,0,0,0,0,0,0
230,253,206,207,208,256,207,186,223,194,219,189,282,173,0,0,0,0,0,0
230,253,206,207,208,256,207,186,223,194,219,189,282,173,0,0,0,0,0,0
230,253,206,207,208,256,207,186,223,206,219,189,282,188,0,0,0,0,0,0
230,253,206,207,208,256,207,186,223,206,219,189,282,188,0,0,0,0,0,0
254,255,214,213,212,270,213,189,227,206,225,191,283,188,0,0,0,0,0,0
254,255,214,213,212,270,213,189,227,206,225,191,283,188,0,0,0,0,0,0
254,255,214,213,212,270,213,189,227,206,225,191,283,188,0,0,0,0,0,0
254,255,214,213,212,270,213,189,227,206,225,191,283,188,0,0,0,0,0,0
254,255,214,213,212,270,213,189,227,206,225,191,283,188,0,0,0,0,0,0
254,255,214,213,212,270,213,189,227,220,225,191,283,192,0,0,0,0,0,0
259,263,229,216,223,277,219,191,254,220,234,208,284,192,0,0,0,0,0,0
259,263,229,216,223,277,219,191,254,220,234,208,284,192,0,0,0,0,0,0
259,263,229,216,223,277,219,191,254,220,234,208,284,192,0,0,0,0,0,0
259,263,229,216,223,277,219,191,254,220,234,208,284,192,0,0,0,0,0,0
259,263,229,216,223,277,219,191,254,220,234,208,284,192,0,0,0,0,0,0
259,263,229,216,223,277,219,191,254,220,234,208,284,192,0,0,0,0,0,0
271,267,245,219,250,284,220,208,265,229,238,216,286,201,0,0,0,0,0,0
271,267,245,219,250,284,220,208,265,229,238,216,286,201,0,0,0,0,0,0
271,267,245,219,250,284,220,208,265,229,238,216,286,201,0,0,0,0,0,0
271,267,245,219,250,284,220,208,265,229,238,216,286,201,0,0,0,0,0,0
271,267,245,219,250,284,220,208,265,229,238,216,286,201,0,0,0,0,0,0
271,267,245,219,250,284,220,208,265,229,238,216,286,201,0,0,0,0,0,0
278,279,256,232,255,285,225,216,283,230,239,253,299,206,0,0,0,0,0,0
278,279,256,232,255,285,225,216,283,230,239,253,299,206,0,0,0,0,0,0
278,279,256,232,255,285,225,216,283,230,239,253,299,206,0,0,0,0,0,0
278,279,256,232,255,285,225,216,283,230,239,253,299,206,0,0,0,0,0,0
278,279,256,232,255,285,225,216,283,230,239,253,299,206,0,0,0,0,0,0
278,279,256,232,255,285,225,216,283,230,239,253,299,206,0,0,0,0,0,0
286,292,270,234,279,303,232,253,284,255,244,259,302,220,0,0,0,0,0,0
286,292,270,234,279,303,232,253,284,255,244,259,302,220,0,0,0,0,0,0
286,292,270,234,279,303,232,253,284,255,244,259,302,220,0,0,0,0,0,0
286,292,270,234,279,303,232,253,284,255,244,259,302,220,0,0,0,0,0,0
286,292,270,234,279,303,232,253,284,255,244,259,302,220,0,0,0,0,0,0
286,292,270,234,279,303,232,253,284,255,244,259,302,220,0,0,0,0,0,0
298,294,277,238,294,311,234,259,286,256,247,278,309,227,0,0,0,0,0,0
298,294,277,238,294,311,234,259,286,256,247,278,309,227,0,0,0,0,0,0
298,294,277,238,294,311,234,259,286,256,247,278,309,227,0,0,0,0,0,0
298,294,277,238,294,311,234,259,286,256,247,278,309,227,0,0,0,0,0,0
298,294,277,238,294,311,234,259,286,256,247,278,309,227,0,0,0,0,0,0
298,294,277,238,294,311,234,259,286,256,247,278,309,227,0,0,0,0,0,0
325,299,285,239,305,312,238,271,299,263,251,292,313,230,0,0,0,0,0,0
325,299,285,239,305,312,238,271,299,263,251,292,313,230,0,0,0,0,0,0
325,299,285,239,305,312,238,271,299,263,251,292,313,230,0,0,0,0,0,0
325,299,285,239,305,312,238,271,299,263,251,292,313,230,0,0,0,0,0,0
325,299,285,239,305,312,238,271,299,263,251,292,313,230,0,0,0,0,0,0
325,299,285,239,305,312,238,271,299,263,251,292,313,230,0,0,0,0,0,0
335,302,296,244,309,314,239,278,302,267,270,296,317,245,0,0,0,0,0,0
335,302,296,244,309,314,239,278,302,267,270,296,317,245,0,0,0,0,0,0
335,302,296,244,309,314,239,278,302,267,270,296,317,245,0,0,0,0,0,0
335,302,296,244,309,314,239,278,302,267,270,296,317,245,0,0,0,0,0,0
335,302,296,244,309,314,239,278,302,267,270,296,317,245,0,0,0,0,0,0
335,302,296,244,309,314,239,278,302,267,270,296,317,245,0,0,0,0,0,0
339,308,303,247,313,320,244,292,317,289,273,298,322,250,0,0,0,0,0,0
339,308,303,247,313,320,244,292,317,289,273,298,322,250,0,0,0,0,0,0
339,308,303,247,313,320,244,292,317,289,273,298,322,250,0,0,0,0,0,0
339,308,303,247,313,320,244,292,317,289,273,298,322,250,0,0,0,0,0,0
339,308,303,247,313,320,244,292,317,289,273,298,322,250,0,0,0,0,0,0
339,308,303,247,313,320,244,292,317,289,273,298,322,250,0,0,0,0,0,0
342,309,312,251,316,324,247,296,322,291,276,305,324,263,0,0,0,0,0,0
342,309,312,251,316,324,247,296,322,291,276,305,324,263,0,0,0,0,0,0
342,309,312,251,316,324,247,296,322,291,276,305,324,263,0,0,0,0,0,0
342,309,312,251,316,324,247,296,322,291,276,305,324,263,0,0,0,0,0,0
342,309,312,251,316,324,247,296,322,291,276,305,324,263,0,0,0,0,0,0
342,309,312,251,316,324,247,296,322,291,276,305,324,263,0,0,0,0,0,0
347,311,314,265,319,326,251,298,324,303,277,312,336,265,0,0,0,0,0,0
347,311,314,265,319,326,251,298,324,303,277,312,336,265,0,0,0,0,0,0
347,311,314,265,319,326,251,298,324,303,277,312,336,265,0,0,0,0,0,0
347,311,314,265,319,326,251,298,324,303,277,312,336,265,0,0,0,0,0,0
347,311,314,265,319,326,251,298,324,303,277,312,336,265,0,0,0,0,0,0
347,311,314,265,319,326,251,298,324,303,277,312,336,265,0,0,0,0,0,0
353,313,320,273,331,328,273,305,331,308,285,316,343,267,0,0,0,0,0,0
353,313,320,273,331,328,273,305,331,308,285,316,343,267,0,0,0,0,0,0
353,313,320,273,331,328,273,305,331,308,285,316,343,267,0,0,0,0,0,0
353,313,320,273,331,328,273,305,331,308,285,316,343,267,0,0,0,0,0,0
353,313,320,273,331,328,273,305,331,308,285,316,343,267,0,0,0,0,0,0
353,313,320,273,331,328,273,305,331,308,285,316,343,267,0,0,0,0,0,0
356,317,326,276,333,330,276,316,333,311,294,325,347,289,0,0,0,0,0,0
356,317,326,276,333,330,276,316,333,311,294,325,347,289,0,0,0,0,0,0
356,317,326,276,333,330,276,316,333,311,294,325,347,289,0,0,0,0,0,0
356,317,326,276,333,330,276,316,333,311,294,325,347,289,0,0,0,0,0,0
356,317,326,276,333,330,276,316,333,311,294,325,347,289,0,0,0,0,0,0
356,317,326,276,333,330,276,316,333,311,294,325,347,289,0,0,0,0,0,0
358,319,328,282,336,334,282,325,339,314,301,335,357,291,0,0,0,0,0,0
358,319,328,282,336,334,282,325,339,314,301,335,357,291,0,0,0,0,0,0
358,319,328,282,336,334,282,325,339,314,301,335,357,291,0,0,0,0,0,0
358,319,328,282,336,334,282,325,339,314,301,335,357,291,0,0,0,0,0,0
358,319,328,282,336,334,282,325,339,314,301,335,357,291,0,0,0,0,0,0
358,319,328,282,336,334,282,325,339,314,301,335,357,291,0,0,0,0,0,0
366,322,330,283,346,337,289,335,343,320,321,342,360,308,0,0,0,0,0,0
366,322,330,283,346,337,289,335,343,320,321,342,360,308,0,0,0,0,0,0
366,322,330,283,346,337,289,335,343,320,321,342,360,308,0,0,0,0,0,0
366,322,330,283,346,337,289,335,343,320,321,342,360,308,0,0,0,0,0,0
366,322,330,283,346,337,289,335,343,320,321,342,360,308,0,0,0,0,0,0
366,322,330,283,346,337,289,335,343,320,321,342,360,308,0,0,0,0,0,0
369,327,334,301,357,340,291,342,347,327,328,346,366,319,0,0,0,0,0,0
369,327,334,301,357,340,291,342,347,327,328,346,366,319,0,0,0,0,0,0
369,327,334,301,357,340,291,342,347,327,328,346,366,319,0,0,0,0,0,0
369,327,334,301,357,340,291,342,347,327,328,346,366,319,0,0,0,0,0,0
369,327,334,301,357,340,291,342,347,327,328,346,366,319,0,0,0,0,0,0
369,327,334,301,357,340,291,342,347,327,328,346,366,319,0,0,0,0,0,0
372,331,337,321,359,363,301,346,357,330,329,359,368,326,0,0,0,0,0,0
372,331,337,321,359,363,301,346,357,330,329,359,368,326,0,0,0,0,0,0
372,331,337,321,359,363,301,346,357,330,329,359,368,326,0,0,0,0,0,0
372,331,337,321,359,363,301,346,357,330,329,359,368,326,0,0,0,0,0,0
372,331,337,321,359,363,301,346,357,330,329,359,368,326,0,0,0,0,0,0
372,331,337,321,359,363,301,346,357,330,329,359,368,326,0,0,0,0,0,0
379,333,340,329,360,371,321,356,366,334,345,363,369,327,0,0,0,0,0,0
379,333,340,329,360,371,321,356,366,334,345,363,369,327,0,0,0,0,0,0
379,333,340,329,360,371,321,356,366,334,345,363,369,327,0,0,0,0,0,0
379,333,340,329,360,371,321,356,366,334,345,363,369,327,0,0,0,0,0,0
379,333,340,329,360,371,321,356,366,334,345,363,369,327,0,0,0,0,0,0
379,333,340,329,360,371,321,356,366,334,345,363,369,327,0,0,0,0,0,0
387,336,344,338,364,374,329,364,369,344,351,364,372,337,0,0,0,0,0,0
387,336,344,338,364,374,329,364,369,344,351,364,372,337,0,0,0,0,0,0
387,336,344,338,364,374,329,364,369,344,351,364,372,337,0,0,0,0,0,0
387,336,344,338,364,374,329,364,369,344,351,364,372,337,0,0,0,0,0,0
387,336,344,338,364,374,329,364,369,344,351,364,372,337,0,0,0,0,0,0
387,336,344,338,364,374,329,364,369,344,351,364,372,337,0,0,0,0,0,0
392,343,363,345,370,380,338,368,372,353,358,371,377,338,0,0,0,0,0,0
392,343,363,345,370,380,338,368,372,353,358,371,377,338,0,0,0,0,0,0
392,343,363,345,370,380,338,368,372,353,358,371,377,338,0,0,0,0,0,0
392,343,363,345,370,380,338,368,372,353,358,371,377,338,0,0,0,0,0,0
392,343,363,345,370,380,338,368,372,353,358,371,377,338,0,0,0,0,0,0
392,343,363,345,370,380,338,368,372,353,358,371,377,338,0,0,0,0,0,0
393,351,371,356,381,389,345,379,377,374,367,379,384,339,0,0,0,0,0,0
393,351,371,356,381,389,345,379,377,374,367,379,384,339,0,0,0,0,0,0
393,351,371,356,381,389,345,379,377,374,367,379,384,339,0,0,0,0,0,0
393,351,371,356,381,389,345,379,377,374,367,379,384,339,0,0,0,0,0,0
393,351,371,356,381,389,345,379,377,374,367,379,384,339,0,0,0,0,0,0
393,351,371,356,381,389,345,379,377,374,367,379,384,339,0,0,0,0,0,0
396,359,374,368,384,392,351,381,384,389,370,381,387,340,0,0,0,0,0,0
396,359,374,368,384,392,351,381,384,389,370,381,387,340,0,0,0,0,0,0
396,359,374,368,384,392,351,381,384,389,370,381,387,340,0,0,0,0,0,0
396,359,374,368,384,392,351,381,384,389,370,381,387,340,0,0,0,0,0,0
396,359,374,368,384,392,351,381,384,389,370,381,387,340,0,0,0,0,0,0
396,359,374,368,384,392,351,381,384,389,370,381,387,340,0,0,0,0,0,0
399,360,380,390,386,394,358,386,387,391,390,386,393,344,0,0,0,0,0,0
399,360,380,390,386,394,358,386,387,391,390,386,393,344,0,0,0,0,0,0
399,360,380,390,386,394,358,386,387,391,390,386,393,344,0,0,0,0,0,0
399,360,380,390,386,394,358,386,387,391,390,386,393,344,0,0,0,0,0,0
399,360,380,390,386,394,358,386,387,391,390,386,393,344,0,0,0,0,0,0
399,360,380,390,386,394,358,386,387,391,390,386,393,344,0,0,0,0,0,0
400,367,389,395,391,397,367,405,393,392,395,405,396,353,0,0,0,0,0,0
400,367,389,395,391,397,367,405,393,392,395,405,396,353,0,0,0,0,0,0
400,367,389,395,391,397,367,405,393,392,395,405,396,353,0,0,0,0,0,0
400,367,389,395,391,397,367,405,393,392,395,405,396,353,0,0,0,0,0,0
400,367,389,395,391,397,367,405,393,392,395,405,396,353,0,0,0,0,0,0
400,367,389,395,391,397,367,405,393,392,395,405,396,353,0,0,0,0,0,0
405,370,394,418,401,403,390,409,396,394,417,409,399,380,0,0,0,0,0,0
405,370,394,418,401,403,390,409,396,394,417,409,399,380,0,0,0,0,0,0
405,370,394,418,401,403,390,409,396,394,417,409,399,380,0,0,0,0,0,0
405,370,394,418,401,403,390,409,396,394,417,409,399,380,0,0,0,0,0,0
405,370,394,418,401,403,390,409,396,394,417,409,399,380,0,0,0,0,0,0
405,370,394,418,401,403,390,409,396,394,417,409,399,380,0,0,0,0,0,0
410,377,397,420,409,407,395,413,399,397,420,413,406,391,0,0,0,0,0,0
410,377,397,420,409,407,395,413,399,397,420,413,406,391,0,0,0,0,0,0
410,377,397,420,409,407,395,413,399,397,420,413,406,391,0,0,0,0,0,0
410,377,397,420,409,407,395,413,399,397,420,413,406,391,0,0,0,0,0,0
410,377,397,420,409,407,395,413,399,397,420,413,406,391,0,0,0,0,0,0
410,377,397,420,409,407,395,413,399,397,420,413,406,391,0,0,0,0,0,0
415,401,403,427,413,417,420,415,406,400,427,415,410,400,0,0,0,0,0,0
415,401,403,427,413,417,420,415,406,400,427,415,410,400,0,0,0,0,0,0
415,401,403,427,413,417,420,415,406,400,427,415,410,400,0,0,0,0,0,0
415,401,403,427,413,417,420,415,406,400,427,415,410,400,0,0,0,0,0,0
415,401,403,427,413,417,420,415,406,400,427,415,410,400,0,0,0,0,0,0
415,401,403,427,413,417,420,415,406,400,427,415,410,400,0,0,0,0,0,0
421,406,407,431,423,419,427,421,410,403,431,421,411,401,0,0,0,0,0,0
421,406,407,431,423,419,427,421,410,403,431,421,411,401,0,0,0,0,0,0
421,406,407,431,423,419,427,421,410,403,431,421,411,401,0,0,0,0,0,0
421,406,407,431,423,419,427,421,410,403,431,421,411,401,0,0,0,0,0,0
421,406,407,431,423,419,427,421,410,403,431,421,411,401,0,0,0,0,0,0
421,406,407,431,423,419,427,421,410,403,431,421,411,401,0,0,0,0,0,0
424,411,417,437,425,430,431,423,411,416,437,423,418,407,0,0,0,0,0,0
424,411,417,437,425,430,431,423,411,416,437,423,418,407,0,0,0,0,0,0
424,411,417,437,425,430,431,423,411,416,437,423,418,407,0,0,0,0,0,0
424,411,417,437,425,430,431,423,411,416,437,423,418,407,0,0,0,0,0,0
424,411,417,437,425,430,431,423,411,416,437,423,418,407,0,0,0,0,0,0
424,411,417,437,425,430,431,423,411,416,437,423,418,407,0,0,0,0,0,0
428,416,419,438,432,435,437,428,418,419,443,428,424,416,0,0,0,0,0,0
428,416,419,438,432,435,437,428,418,419,443,428,424,416,0,0,0,0,0,0
428,416,419,438,432,435,437,428,418,419,443,428,424,416,0,0,0,0,0,0
428,416,419,438,432,435,437,428,418,419,443,428,424,416,0,0,0,0,0,0
428,416,419,438,432,435,437,428,418,419,443,428,424,416,0,0,0,0,0,0
428,416,419,438,432,435,437,428,418,419,443,428,424,416,0,0,0,0,0,0
433,425,430,445,440,439,441,432,424,434,445,432,429,425,0,0,0,0,0,0
433,425,430,445,440,439,441,432,424,434,445,432,429,425,0,0,0,0,0,0
433,425,430,445,440,439,441,432,424,434,445,432,429,425,0,0,0,0,0,0
433,425,430,445,440,439,441,432,424,434,445,432,429,425,0,0,0,0,0,0
433,425,430,445,440,439,441,432,424,434,445,432,429,425,0,0,0,0,0,0
433,425,430,445,440,439,441,432,424,434,445,432,429,425,0,0,0,0,0,0
438,429,439,451,443,444,445,440,429,438,450,439,433,430,0,0,0,0,0,0
438,429,439,451,443,444,445,440,429,438,450,439,433,430,0,0,0,0,0,0
438,429,439,451,443,444,445,440,429,438,450,439,433,430,0,0,0,0,0,0
438,429,439,451,443,444,445,440,429,438,450,439,433,430,0,0,0,0,0,0
438,429,439,451,443,444,445,440,429,438,450,439,433,430,0,0,0,0,0,0
438,429,439,451,443,444,445,440,429,438,450,439,433,430,0,0,0,0,0,0
442,434,444,458,447,448,450,446,433,441,457,440,435,434,0,0,0,0,0,0
442,434,444,458,447,448,450,446,433,441,457,440,435,434,0,0,0,0,0,0
442,434,444,458,447,448,450,446,433,441,457,440,435,434,0,0,0,0,0,0
442,434,444,458,447,448,450,446,433,441,457,440,435,434,0,0,0,0,0,0
442,434,444,458,447,448,450,446,433,441,457,440,435,434,0,0,0,0,0,0
442,434,444,458,447,448,450,446,433,441,457,440,435,434,0,0,0,0,0,0
446,443,448,460,449,453,451,452,435,444,458,446,442,441,0,0,0,0,0,0
446,443,448,460,449,453,451,452,435,444,458,446,442,441,0,0,0,0,0,0
446,443,448,460,449,453,451,452,435,444,458,446,442,441,0,0,0,0,0,0
446,443,448,460,449,453,451,452,435,444,458,446,442,441,0,0,0,0,0,0
446,443,448,460,449,453,451,452,435,444,458,446,442,441,0,0,0,0,0,0
446,443,448,460,449,453,451,452,435,444,458,446,442,441,0,0,0,0,0,0
455,447,453,466,452,457,458,454,442,448,460,452,455,449,0,0,0,0,0,0
455,447,453,466,452,457,458,454,442,448,460,452,455,449,0,0,0,0,0,0
455,447,453,466,452,457,458,454,442,448,460,452,455,449,0,0,0,0,0,0
455,447,453,466,452,457,458,454,442,448,460,452,455,449,0,0,0,0,0,0
455,447,453,466,452,457,458,454,442,448,460,452,455,449,0,0,0,0,0,0
455,447,453,466,452,457,458,454,442,448,460,452,455,449,0,0,0,0,0,0
460,450,457,477,454,472,466,459,447,449,466,454,468,451,0,0,0,0,0,0
460,450,457,477,454,472,466,459,447,449,466,454,468,451,0,0,0,0,0,0
460,450,457,477,454,472,466,459,447,449,466,454,468,451,0,0,0,0,0,0
460,450,457,477,454,472,466,459,447,449,466,454,468,451,0,0,0,0,0,0
460,450,457,477,454,472,466,459,447,449,466,454,468,451,0,0,0,0,0,0
460,450,457,477,454,472,466,459,447,449,466,454,468,451,0,0,0,0,0,0
468,456,472,480,459,476,477,463,455,456,476,459,471,453,0,0,0,0,0,0
468,456,472,480,459,476,477,463,455,456,476,459,471,453,0,0,0,0,0,0
468,456,472,480,459,476,477,463,455,456,476,459,471,453,0,0,0,0,0,0
468,456,472,480,459,476,477,463,455,456,476,459,471,453,0,0,0,0,0,0
468,456,472,480,459,476,477,463,455,456,476,459,471,453,0,0,0,0,0,0
468,456,472,480,459,476,477,463,455,456,476,459,471,453,0,0,0,0,0,0
478,464,476,484,463,479,480,467,468,464,480,463,472,456,0,0,0,0,0,0
478,464,476,484,463,479,480,467,468,464,480,463,472,456,0,0,0,0,0,0
478,464,476,484,463,479,480,467,468,464,480,463,472,456,0,0,0,0,0,0
478,464,476,484,463,479,480,467,468,464,480,463,472,456,0,0,0,0,0,0
478,464,476,484,463,479,480,467,468,464,480,463,472,456,0,0,0,0,0,0
478,464,476,484,463,479,480,467,468,464,480,463,472,456,0,0,0,0,0,0
481,469,479,489,467,483,484,471,478,479,484,467,478,464,0,0,0,0,0,0
481,469,479,489,467,483,484,471,478,479,484,467,478,464,0,0,0,0,0,0
481,469,479,489,467,483,484,471,478,479,484,467,478,464,0,0,0,0,0,0
481,469,479,489,467,483,484,471,478,479,484,467,478,464,0,0,0,0,0,0
481,469,479,489,467,483,484,471,478,479,484,467,478,464,0,0,0,0,0,0
481,469,479,489,467,483,484,471,478,479,484,467,478,464,0,0,0,0,0,0
486,473,483,490,469,488,489,481,482,487,489,477,482,469,0,0,0,0,0,0
486,473,483,490,469,488,489,481,482,487,489,477,482,469,0,0,0,0,0,0
486,473,483,490,469,488,489,481,482,487,489,477,482,469,0,0,0,0,0,0
486,473,483,490,469,488,489,481,482,487,489,477,482,469,0,0,0,0,0,0
486,473,483,490,469,488,489,481,482,487,489,477,482,469,0,0,0,0,0,0
486,473,483,490,469,488,489,481,482,487,489,477,482,469,0,0,0,0,0,0
493,482,488,496,471,492,493,485,486,488,493,481,486,473,0,0,0,0,0,0
493,482,488,496,471,492,493,485,486,488,493,481,486,473,0,0,0,0,0,0
493,482,488,496,471,492,493,485,486,488,493,481,486,473,0,0,0,0,0,0
493,482,488,496,471,492,493,485,486,488,493,481,486,473,0,0,0,0,0,0
493,482,488,496,471,492,493,485,486,488,493,481,486,473,0,0,0,0,0,0
493,482,488,496,471,492,493,485,486,488,493,481,486,473,0,0,0,0,0,0
497,487,495,500,473,495,496,491,490,495,496,485,490,483,0,0,0,0,0,0
497,487,495,500,473,495,496,491,490,495,496,485,490,483,0,0,0,0,0,0
497,487,495,500,473,495,496,491,490,495,496,485,490,483,0,0,0,0,0,0
497,487,495,500,473,495,496,491,490,495,496,485,490,483,0,0,0,0,0,0
497,487,495,500,473,495,496,491,490,495,496,485,490,483,0,0,0,0,0,0
497,487,495,500,473,495,496,491,490,495,496,485,490,483,0,0,0,0,0,0
501,494,499,503,485,499,500,497,492,498,500,491,492,487,0,0,0,0,0,0
501,494,499,503,485,499,500,497,492,498,500,491,492,487,0,0,0,0,0,0
501,494,499,503,485,499,500,497,492,498,500,491,492,487,0,0,0,0,0,0
501,494,499,503,485,499,500,497,492,498,500,491,492,487,0,0,0,0,0,0
501,494,499,503,485,499,500,497,492,498,500,491,492,487,0,0,0,0,0,0
501,494,499,503,485,499,500,497,492,498,500,491,492,487,0,0,0,0,0,0
502,498,505,507,491,505,507,501,502,499,507,497,502,494,0,0,0,0,0,0
502,498,505,507,491,505,507,501,502,499,507,497,502,494,0,0,0,0,0,0
502,498,505,507,491,505,507,501,502,499,507,497,502,494,0,0,0,0,0,0
502,498,505,507,491,505,507,501,502,499,507,497,502,494,0,0,0,0,0,0
502,498,505,507,491,505,507,501,502,499,507,497,502,494,0,0,0,0,0,0
502,498,505,507,491,505,507,501,502,499,507,497,502,494,0,0,0,0,0,0
504,509,506,508,494,506,508,503,504,505,508,501,503,498,0,0,0,0,0,0
504,509,506,508,494,506,508,503,504,505,508,501,503,498,0,0,0,0,0,0
504,509,506,508,494,506,508,503,504,505,508,501,503,498,0,0,0,0,0,0
504,509,506,508,494,506,508,503,504,505,508,501,503,498,0,0,0,0,0,0
504,509,506,508,494,506,508,503,504,505,508,501,503,498,0,0,0,0,0,0
504,509,506,508,494,506,508,503,504,505,508,501,503,498,0,0,0,0,0,0
512,513,510,511,509,510,511,512,509,506,511,512,513,504,0,0,0,0,0,0
512,513,510,511,509,510,511,512,509,506,511,512,513,504,0,0,0,0,0,0
512,513,510,511,509,510,511,512,509,506,511,512,513,504,0,0,0,0,0,0
512,513,510,511,509,510,511,512,509,506,511,512,513,504,0,0,0,0,0,0
512,513,510,511,509,510,511,512,509,506,511,512,513,504,0,0,0,0,0,0
512,513,510,511,509,510,511,512,509,506,511,512,513,504,0,0,0,0,0,0
516,517,514,515,513,514,515,516,517,510,515,516,517,514,0,0,0,0,0,0
516,517,514,515,513,514,515,516,517,510,515,516,517,514,0,0,0,0,0,0
516,517,514,515,513,514,515,516,517,510,515,516,517,514,0,0,0,0,0,0
516,517,514,515,513,514,515,516,517,510,515,516,517,514,0,0,0,0,0,0
516,517,514,515,513,514,515,516,517,510,515,516,517,514,0,0,0,0,0,0
516,517,514,515,513,514,515,516,517,510,515,516,517,514,0,0,0,0,0,0