0,0,0,0,359,746,423,688,268,490,0,673,0,607,673,0,740,0,758,0
0,0,0,0,359,746,423,688,268,490,0,673,0,607,673,0,740,0,758,0
0,0,0,0,744,751,0,0,0,0,505,673,673,607,673,728,740,0,759,673
0,0,0,0,744,751,0,0,0,0,505,673,673,607,673,728,740,0,759,673
0,0,0,0,709,753,0,712,0,654,505,673,673,607,673,0,740,496,759,673
0,0,0,0,709,753,0,712,0,654,505,673,673,607,673,0,740,496,759,673
0,0,0,0,676,783,673,719,579,655,505,673,673,607,673,694,740,585,759,673
0,0,0,0,676,783,673,719,579,655,505,673,673,607,673,694,740,585,759,673
0,0,0,0,748,0,673,731,0,0,505,673,673,607,673,0,740,0,759,673
0,0,0,0,748,0,673,731,0,0,505,673,673,607,673,0,740,0,759,673
0,0,0,0,707,0,673,0,611,660,505,673,673,607,673,347,740,0,759,673
0,0,0,0,707,0,673,0,611,660,505,673,673,607,673,347,740,0,759,673
0,0,0,0,542,0,673,0,612,0,505,673,673,607,673,698,740,534,759,673
0,0,0,0,542,0,673,0,612,0,505,673,673,607,673,698,740,534,759,673
0,0,0,0,628,0,673,0,618,683,505,673,673,607,673,0,740,698,759,673
0,0,0,0,628,0,673,0,618,683,505,673,673,607,673,0,740,698,759,673
0,0,0,0,716,657,673,0,0,696,505,710,673,0,775,479,525,727,759,673
0,0,0,0,716,657,673,0,0,696,505,710,673,0,775,479,525,727,759,673
0,0,0,0,684,0,673,366,0,697,0,710,530,283,775,480,782,729,380,0
0,0,0,0,684,0,673,366,0,697,0,710,530,283,775,480,782,729,380,0
0,0,0,0,679,0,673,0,0,715,0,710,769,283,775,734,782,0,0,0
0,0,0,0,679,0,673,0,0,715,0,710,769,283,775,734,782,0,0,0
0,0,0,0,729,389,680,649,687,722,0,710,0,283,775,0,782,0,403,0
0,0,0,0,729,389,680,649,687,722,0,710,0,283,775,0,782,0,403,0
0,0,0,0,745,468,698,734,0,728,702,710,665,283,775,588,782,621,565,0
0,0,0,0,745,468,698,734,0,728,702,710,665,283,775,588,782,621,565,0
0,0,0,0,192,433,733,746,0,751,757,710,671,283,775,0,782,624,0,0
0,0,0,0,192,433,733,746,0,751,757,710,671,283,775,0,782,624,0,0
0,0,0,0,624,697,0,748,0,0,0,710,726,283,775,268,782,0,0,359
0,0,0,0,624,697,0,748,0,0,0,710,726,283,775,268,782,0,0,359
0,0,0,0,605,0,0,749,716,0,0,710,760,283,775,754,782,632,509,360
0,0,0,0,605,0,0,749,716,0,0,710,760,283,775,754,782,632,509,360
0,0,0,0,680,339,256,750,0,0,0,775,770,283,0,756,782,668,509,0
0,0,0,0,680,339,256,750,0,0,0,775,770,283,0,756,782,668,509,0
0,0,0,0,784,0,0,757,718,610,0,775,0,765,652,0,0,757,509,0
0,0,0,0,784,0,0,757,718,610,0,775,0,765,652,0,0,757,509,0
0,0,0,0,403,0,0,0,0,220,283,775,256,765,652,339,0,758,509,0
0,0,0,0,403,0,0,0,0,220,283,775,256,765,652,339,0,758,509,0
0,0,0,0,522,399,461,0,0,0,283,775,588,765,652,0,0,759,509,0
0,0,0,0,522,399,461,0,0,0,283,775,588,765,652,0,0,759,509,0
0,0,0,0,749,0,0,0,0,329,283,775,0,765,652,707,0,759,509,628
0,0,0,0,749,0,0,0,0,329,283,775,0,765,652,707,0,759,509,628
0,0,0,0,228,0,0,0,468,633,283,775,718,765,652,735,0,759,509,629
0,0,0,0,228,0,0,0,468,633,283,775,718,765,652,735,0,759,509,629
0,0,0,0,629,699,470,742,664,0,283,775,743,765,652,0,0,759,509,0
0,0,0,0,629,699,470,742,664,0,283,775,743,765,652,0,0,759,509,0
0,0,0,0,322,0,0,743,702,0,283,775,0,765,652,688,0,759,711,696
0,0,0,0,322,0,0,743,702,0,283,775,0,765,652,688,0,759,711,696
0,0,0,0,743,184,232,763,707,719,283,0,399,765,652,781,74,759,0,700
0,0,0,0,743,184,232,763,707,719,283,0,399,765,652,781,74,759,0,700
0,0,0,0,499,184,480,0,0,754,283,526,708,0,607,0,74,759,0,700
0,0,0,0,499,184,480,0,0,754,283,526,708,0,607,0,74,759,0,700
0,0,0,0,232,184,738,0,0,0,0,526,0,0,607,534,74,759,283,700
0,0,0,0,232,184,738,0,0,0,0,526,0,0,607,534,74,759,283,700
0,0,0,0,732,184,739,0,0,0,0,526,522,505,607,691,74,695,283,700
0,0,0,0,732,184,739,0,0,0,0,526,522,505,607,691,74,695,283,700
0,0,0,0,734,184,739,0,480,0,0,526,0,505,607,751,74,0,283,700
0,0,0,0,734,184,739,0,480,0,0,526,0,505,607,751,74,0,283,700
0,0,0,0,776,184,739,520,738,347,0,526,754,505,607,0,74,0,283,700
0,0,0,0,776,184,739,520,738,347,0,526,754,505,607,0,74,0,283,700
0,0,0,0,777,184,739,0,761,0,590,526,0,505,607,699,74,612,283,700
0,0,0,0,777,184,739,0,761,0,590,526,0,505,607,699,74,612,283,700
0,0,0,0,750,184,739,648,778,614,0,526,407,505,607,783,74,0,283,700
0,0,0,0,750,184,739,648,778,614,0,526,407,505,607,783,74,0,283,700
0,0,0,0,317,74,739,655,0,403,0,526,694,505,607,0,607,0,283,0
0,0,0,0,317,74,739,655,0,403,0,526,694,505,607,0,607,0,283,0
0,0,0,0,268,74,739,689,0,0,0,724,711,505,526,745,607,614,283,0
0,0,0,0,268,74,739,689,0,0,0,724,711,505,526,745,607,614,283,0
0,0,0,0,360,74,739,722,0,496,0,724,0,505,526,0,607,618,664,0
0,0,0,0,360,74,739,722,0,496,0,724,0,505,526,0,607,618,664,0
0,0,0,0,256,74,769,723,0,755,623,724,520,623,526,729,607,0,0,256
0,0,0,0,256,74,769,723,0,755,623,724,520,623,526,729,607,0,0,256
0,0,0,0,552,74,0,0,542,762,623,724,679,623,526,0,607,0,675,633
0,0,0,0,552,74,0,0,542,762,623,724,679,623,526,0,607,0,675,633
0,0,0,0,669,74,0,726,552,0,623,724,682,623,526,736,607,629,0,634
0,0,0,0,669,74,0,726,552,0,623,724,682,623,526,736,607,629,0,634
0,0,0,0,736,74,624,727,0,0,623,724,0,623,526,0,607,0,0,782
0,0,0,0,736,74,624,727,0,0,623,724,0,623,526,0,607,0,0,782
0,0,0,0,760,74,0,735,0,0,623,724,360,623,526,542,607,662,433,782
0,0,0,0,760,74,0,735,0,0,623,724,360,623,526,542,607,662,433,782
0,0,0,0,708,0,0,0,582,423,623,724,684,623,526,0,724,671,470,782
0,0,0,0,708,0,0,0,582,423,623,724,684,623,526,0,724,671,470,782
0,0,0,0,640,0,380,0,0,0,623,677,755,623,765,447,724,756,749,782
0,0,0,0,640,0,380,0,0,0,623,677,755,623,765,447,724,756,749,782
0,0,0,0,664,0,0,0,553,0,623,677,0,623,765,737,724,0,753,782
0,0,0,0,664,0,0,0,553,0,623,677,0,623,765,737,724,0,753,782
0,0,0,0,726,0,0,0,0,0,184,677,542,652,765,0,724,0,777,782
0,0,0,0,726,0,0,0,0,0,184,677,542,652,765,0,724,0,777,782
0,0,0,0,723,0,596,431,436,0,184,677,680,652,765,228,724,423,0,782
0,0,0,0,723,0,596,431,436,0,184,677,680,652,765,228,724,423,0,782
0,0,0,0,694,535,0,713,0,0,184,677,733,652,765,0,724,705,0,782
0,0,0,0,694,535,0,713,0,0,184,677,733,652,765,0,724,705,0,782
0,0,0,0,735,558,0,728,447,530,184,677,771,652,765,675,724,774,530,0
0,0,0,0,735,558,0,728,447,530,184,677,771,652,765,675,724,774,530,0
0,0,0,0,631,650,192,0,0,0,184,677,0,652,765,748,724,0,0,0
0,0,0,0,631,650,192,0,0,0,184,677,0,652,765,748,724,0,0,0
0,0,0,0,533,651,736,0,0,388,184,677,712,652,765,749,321,0,544,605
0,0,0,0,533,651,736,0,0,388,184,677,712,652,765,749,321,0,544,605
0,0,0,0,366,651,755,0,228,0,184,0,0,652,0,779,321,479,736,0
0,0,0,0,366,651,755,0,228,0,184,0,0,652,0,779,321,479,736,0
0,0,0,0,695,651,0,0,577,394,184,0,687,652,0,0,321,555,751,0
0,0,0,0,695,651,0,0,577,394,184,0,687,652,0,0,321,555,751,0
0,0,0,0,689,651,0,0,662,0,522,0,0,677,0,188,321,0,767,0
0,0,0,0,689,651,0,0,662,0,522,0,0,677,0,188,321,0,767,0
0,0,0,0,379,651,394,322,665,0,0,0,499,677,0,188,321,0,778,0
0,0,0,0,379,651,394,322,665,0,0,0,499,677,0,188,321,0,778,0
0,0,0,0,711,651,0,0,0,566,0,0,0,677,0,188,321,308,0,317
0,0,0,0,711,651,0,0,0,566,0,0,0,677,0,188,321,308,0,317
0,0,0,0,611,651,0,0,0,0,563,0,738,677,0,188,321,0,0,558
0,0,0,0,611,651,0,0,0,0,563,0,738,677,0,188,321,0,0,558
0,0,0,0,380,651,397,0,0,0,0,0,739,677,0,188,321,0,566,582
0,0,0,0,380,651,397,0,0,0,0,0,739,677,0,188,321,0,566,582
0,0,0,0,713,0,397,329,544,479,0,188,739,677,283,188,0,317,610,631
0,0,0,0,713,0,397,329,544,479,0,188,739,677,283,188,0,317,610,631
0,0,0,0,733,705,397,0,776,0,188,188,739,677,283,188,468,0,634,0
0,0,0,0,733,705,397,0,776,0,188,188,739,677,283,188,468,0,634,0
0,0,0,0,778,0,397,0,777,359,188,188,739,677,283,188,677,0,0,0
0,0,0,0,778,0,397,0,777,359,188,188,739,677,283,188,677,0,0,0
0,0,0,0,588,0,397,347,779,360,188,188,739,706,283,633,677,436,735,0
0,0,0,0,588,0,397,347,779,360,188,188,739,706,283,633,677,436,735,0
0,0,0,0,407,632,397,0,0,0,188,188,739,706,283,744,677,0,780,0
0,0,0,0,407,632,397,0,0,0,188,188,739,706,283,744,677,0,780,0
0,0,0,0,585,662,397,0,0,588,188,188,739,706,283,760,677,480,0,184
0,0,0,0,585,662,397,0,0,588,188,188,739,706,283,760,677,480,0,184
0,0,0,0,519,0,397,0,0,0,188,188,739,706,283,0,677,697,0,184
0,0,0,0,519,0,397,0,0,0,188,188,739,706,283,0,677,697,0,184
0,0,0,0,479,0,0,610,0,0,188,188,0,706,283,668,677,739,676,184
0,0,0,0,479,0,0,610,0,0,188,188,0,706,283,668,677,739,676,184
0,0,0,0,220,490,756,729,407,0,188,321,566,706,740,676,677,739,0,184
0,0,0,0,220,490,756,729,407,0,188,321,566,706,740,676,677,739,0,184
0,0,0,0,327,0,0,0,668,0,0,321,713,706,740,712,677,739,688,184
0,0,0,0,327,0,0,0,668,0,0,321,713,706,740,712,677,739,688,184
0,0,0,0,682,0,0,0,669,590,0,321,0,706,740,723,765,739,689,184
0,0,0,0,682,0,0,0,669,590,0,321,0,706,740,723,765,739,689,184
0,0,0,0,463,577,317,0,671,0,327,321,192,782,740,731,765,739,0,184
0,0,0,0,463,577,317,0,671,0,327,321,192,782,740,731,765,739,0,184
0,0,0,0,633,0,771,0,675,470,379,321,692,782,740,732,765,739,0,184
0,0,0,0,633,0,771,0,675,470,379,321,692,782,740,732,765,739,0,184
0,0,0,0,643,668,774,0,678,0,0,321,0,782,740,771,765,739,322,0
0,0,0,0,643,668,774,0,678,0,0,321,0,782,740,771,765,739,322,0
0,0,0,0,671,0,779,571,695,648,431,321,628,782,740,0,765,739,0,0
0,0,0,0,671,0,779,571,695,648,431,321,628,782,740,0,765,739,0,0
0,0,0,0,678,0,0,0,758,649,0,321,695,782,740,322,765,0,0,0
0,0,0,0,678,0,0,0,758,649,0,321,695,782,740,322,765,0,0,0
0,0,0,0,696,142,0,0,766,650,0,74,773,782,0,784,765,0,339,74
0,0,0,0,696,142,0,0,766,650,0,74,773,782,0,784,765,0,339,74
0,0,0,0,634,142,0,614,783,679,553,74,0,782,0,0,765,0,0,74
0,0,0,0,634,142,0,614,783,679,553,74,0,782,0,0,765,0,0,74
0,0,0,0,727,142,496,753,0,688,565,74,728,782,0,327,0,399,407,74
0,0,0,0,727,142,496,753,0,688,565,74,728,782,0,327,0,399,407,74
0,0,0,0,388,142,534,0,0,0,715,74,0,0,0,0,652,640,0,74
0,0,0,0,388,142,534,0,0,0,715,74,0,0,0,0,652,640,0,74
0,0,0,0,534,142,0,0,0,705,738,74,533,0,0,621,652,641,669,74
0,0,0,0,534,142,0,0,0,705,738,74,533,0,0,621,652,641,669,74
0,0,0,0,431,142,564,0,0,712,739,74,780,0,0,0,652,0,705,74
0,0,0,0,431,142,564,0,0,712,739,74,780,0,0,0,652,0,705,74
0,0,0,0,737,142,605,0,308,742,739,74,784,0,0,453,652,643,0,74
0,0,0,0,737,142,605,0,308,742,739,74,784,0,0,453,652,643,0,74
0,0,0,0,641,142,0,0,643,767,739,74,0,0,0,0,652,645,768,74
0,0,0,0,641,142,0,0,643,767,739,74,0,0,0,0,652,645,768,74
0,0,0,0,562,0,0,632,645,770,739,0,590,74,659,519,652,0,783,0
0,0,0,0,562,0,0,632,645,770,739,0,590,74,659,519,652,0,783,0
0,0,0,0,553,525,308,0,0,0,739,0,678,74,659,0,652,682,0,505
0,0,0,0,553,525,308,0,0,0,739,0,678,74,659,0,652,682,0,505
0,0,0,0,675,526,0,0,0,0,739,0,696,74,659,562,652,0,0,505
0,0,0,0,675,526,0,0,0,0,739,0,696,74,659,562,652,0,0,505
0,0,0,0,718,526,579,0,682,0,739,0,0,74,659,643,659,0,308,505
0,0,0,0,718,526,579,0,682,0,739,0,0,74,659,643,659,0,308,505
0,0,0,0,698,526,694,0,0,0,739,0,268,74,659,716,659,431,463,505
0,0,0,0,698,526,694,0,0,0,739,0,268,74,659,716,659,431,463,505
0,0,0,0,660,526,0,0,0,0,0,0,0,74,659,0,659,433,0,505
0,0,0,0,660,526,0,0,0,0,0,0,0,74,659,0,659,433,0,505
0,0,0,0,563,526,0,339,0,0,743,0,699,74,659,718,659,0,571,505
0,0,0,0,563,526,0,339,0,0,743,0,699,74,659,718,659,0,571,505
0,0,0,0,0,526,447,0,0,433,777,0,0,74,659,719,659,0,623,505
0,0,0,0,0,526,447,0,0,433,777,0,0,74,659,719,659,0,623,505
0,0,0,0,580,526,0,558,585,0,0,397,631,740,700,722,659,461,623,505
0,0,0,0,580,526,0,558,585,0,0,397,631,740,700,722,659,461,623,505
0,0,0,0,645,526,0,0,0,0,0,397,0,740,700,733,659,0,623,0
0,0,0,0,645,526,0,0,0,0,0,397,0,740,700,733,659,0,623,0
0,0,0,0,691,0,188,0,0,0,0,397,0,740,700,0,659,0,623,0
0,0,0,0,691,0,188,0,0,0,0,397,0,740,700,0,659,0,623,0
0,0,0,0,520,582,188,0,399,0,0,397,403,740,700,0,706,687,623,0
0,0,0,0,520,582,188,0,399,0,0,397,403,740,700,0,706,687,623,0
0,0,0,0,756,0,188,0,0,732,533,397,0,740,700,678,706,0,623,220
0,0,0,0,756,0,188,0,0,732,533,397,0,740,700,678,706,0,623,220
0,0,0,0,436,0,188,499,535,745,555,397,707,740,700,0,706,0,623,0
0,0,0,0,436,0,188,499,535,745,555,397,707,740,700,0,706,0,623,0
0,0,0,0,555,616,188,692,0,0,0,397,722,740,700,0,706,654,623,616
0,0,0,0,555,616,188,692,0,0,0,397,722,740,700,0,706,654,623,616
0,0,0,0,769,618,188,693,0,0,0,397,0,740,700,436,706,655,0,618
0,0,0,0,769,618,188,693,0,0,0,397,0,740,700,436,706,655,0,618
0,0,0,0,453,0,188,693,0,0,611,739,359,710,703,0,706,0,499,632
0,0,0,0,453,0,188,693,0,0,611,739,359,710,703,0,706,0,499,632
0,0,0,0,771,0,188,693,327,0,612,739,0,710,703,0,706,657,746,659
0,0,0,0,771,0,188,693,327,0,612,739,0,710,703,0,706,657,746,659
0,0,0,0,564,621,530,693,379,519,737,739,366,710,703,520,706,0,761,659
0,0,0,0,564,621,530,693,379,519,737,739,366,710,703,520,706,0,761,659
0,0,0,0,754,0,665,693,0,522,742,739,379,710,703,564,710,660,762,659
0,0,0,0,754,0,665,693,0,522,742,739,379,710,703,564,710,660,762,659
0,0,0,0,0,654,0,693,389,0,750,739,750,710,703,0,710,665,763,659
0,0,0,0,0,654,0,693,389,0,750,739,750,710,703,0,710,665,763,659
0,0,0,0,565,683,0,693,0,563,774,739,0,710,703,232,710,691,764,659
0,0,0,0,565,683,0,693,0,563,774,739,0,710,703,232,710,691,764,659
0,0,0,0,0,0,580,693,461,571,0,739,0,710,703,0,710,0,766,659
0,0,0,0,0,0,580,693,461,571,0,739,0,710,703,0,710,0,766,659
0,0,0,0,544,0,687,0,0,0,0,739,580,710,703,0,710,0,770,659
0,0,0,0,544,0,687,0,0,0,0,739,580,710,703,0,710,0,770,659
0,0,0,0,731,491,0,283,0,621,0,700,781,651,782,394,710,605,0,659
0,0,0,0,731,491,0,283,0,621,0,700,781,651,782,394,710,605,0,659
0,0,0,0,0,491,0,283,321,0,0,700,0,651,782,596,710,0,0,0
0,0,0,0,0,491,0,283,321,0,0,700,0,651,782,596,710,0,0,0
0,0,0,0,596,491,259,283,321,0,525,700,0,651,782,0,710,0,0,0
0,0,0,0,596,491,259,283,321,0,525,700,0,651,782,0,710,0,0,0
0,0,0,0,0,491,259,283,321,0,526,700,654,651,782,397,0,0,505,0
0,0,0,0,0,491,259,283,321,0,526,700,654,651,782,397,0,0,505,0
0,0,0,0,612,491,259,283,321,628,526,700,655,651,782,397,0,610,505,0
0,0,0,0,612,491,259,283,321,628,526,700,655,651,782,397,0,610,505,0
0,0,0,0,0,491,259,283,321,629,526,700,0,651,782,397,0,611,505,509
0,0,0,0,0,491,259,283,321,629,526,700,0,651,782,397,0,611,505,509
0,0,0,0,0,491,259,283,321,631,526,700,657,651,782,397,703,748,505,509
0,0,0,0,0,491,259,283,321,631,526,700,657,651,782,397,703,748,505,509
0,0,0,0,0,491,259,283,321,634,526,700,0,651,782,397,703,779,505,509
0,0,0,0,0,491,259,283,321,634,526,700,0,651,782,397,703,779,505,509
0,0,0,0,0,505,259,0,321,0,526,491,660,659,0,397,703,0,505,509
0,0,0,0,0,505,259,0,321,0,526,491,660,659,0,397,703,0,505,509
0,0,0,0,0,505,259,0,0,692,526,491,662,659,0,397,703,0,505,509
0,0,0,0,0,505,259,0,0,692,526,491,662,659,0,397,703,0,505,509
0,0,0,0,0,505,0,0,0,699,526,491,664,659,0,397,703,0,505,509
0,0,0,0,0,505,0,0,0,699,526,491,664,659,0,397,703,0,505,509
0,0,0,0,0,505,533,0,0,700,329,491,689,659,0,0,703,397,702,509
0,0,0,0,0,505,533,0,0,700,329,491,689,659,0,0,703,397,702,509
0,0,0,0,0,505,0,565,453,700,0,491,0,659,0,683,703,397,0,509
0,0,0,0,0,505,0,565,453,700,0,491,0,659,0,683,703,397,0,509
0,0,0,0,0,505,562,708,0,700,394,491,0,659,0,684,703,397,0,577
0,0,0,0,0,505,562,708,0,700,394,491,0,659,0,684,703,397,0,577
0,0,0,0,0,505,590,709,463,700,0,491,535,659,0,0,775,397,220,765
0,0,0,0,0,505,590,709,463,700,0,491,535,659,0,0,775,397,220,765
0,0,0,0,0,505,691,710,640,700,0,491,571,659,0,0,775,397,366,765
0,0,0,0,0,505,691,710,640,700,0,491,571,659,0,0,775,397,366,765
0,0,0,0,0,757,702,710,641,700,397,706,742,759,509,388,775,397,0,765
0,0,0,0,0,757,702,710,641,700,397,706,742,759,509,388,775,397,0,765
0,0,0,0,0,758,703,710,0,700,397,706,0,759,509,697,775,397,496,765
0,0,0,0,0,758,703,710,0,700,397,706,0,759,509,697,775,397,496,765
0,0,0,0,0,761,703,710,0,700,397,706,0,759,509,0,775,397,0,765
0,0,0,0,0,761,703,710,0,700,397,706,0,759,509,0,775,397,0,765
0,0,0,0,0,762,703,710,657,0,397,706,577,759,509,0,775,0,776,765
0,0,0,0,0,762,703,710,657,0,397,706,577,759,509,0,775,0,776,765
0,0,0,0,0,763,703,710,0,0,397,706,579,759,509,585,775,616,0,765
0,0,0,0,0,763,703,710,0,0,397,706,579,759,509,585,775,616,0,765
0,0,0,0,0,764,703,710,659,0,397,706,582,759,509,726,775,708,0,765
0,0,0,0,0,764,703,710,659,0,397,706,582,759,509,726,775,708,0,765
0,0,0,0,0,766,703,710,659,0,397,706,716,759,509,755,0,709,0,580
0,0,0,0,0,766,703,710,659,0,397,706,716,759,509,755,0,709,0,580
0,0,0,0,0,767,703,0,659,623,397,706,0,759,509,0,0,710,715,624
0,0,0,0,0,767,703,0,659,623,397,706,0,759,509,0,0,710,715,624
0,0,0,0,0,768,703,0,659,623,490,703,0,724,706,0,0,710,0,0
0,0,0,0,0,768,703,0,659,623,490,703,0,724,706,0,0,710,0,0
0,0,0,0,0,770,0,616,659,623,491,703,228,724,706,461,490,710,0,0
0,0,0,0,0,770,0,616,659,623,491,703,228,724,706,461,490,710,0,0
0,0,0,0,0,773,509,780,659,623,491,703,232,724,706,648,491,710,649,0
0,0,0,0,0,773,509,780,659,623,491,703,232,724,706,648,491,710,649,0
0,0,0,0,0,0,509,0,659,623,491,703,544,724,706,649,491,710,651,0
0,0,0,0,0,0,509,0,659,623,491,703,544,724,706,649,491,710,651,0
0,0,0,0,0,0,509,0,659,623,491,703,746,724,706,650,491,710,651,0
0,0,0,0,0,0,509,0,659,623,491,703,746,724,706,650,491,710,651,0
0,0,0,0,0,0,509,0,0,623,491,703,761,724,706,651,491,710,651,491
0,0,0,0,0,0,509,0,0,623,491,703,761,724,706,651,491,710,651,491
0,0,0,0,0,0,509,0,0,623,491,703,762,724,706,651,491,710,651,491
0,0,0,0,0,0,509,0,0,623,491,703,762,724,706,651,491,710,651,491
0,0,0,0,0,0,509,0,0,780,491,703,763,724,706,651,491,192,651,491
0,0,0,0,0,0,509,0,0,780,491,703,763,724,706,651,491,192,651,491
0,0,0,0,0,759,509,525,0,781,491,740,764,0,724,651,491,558,651,491
0,0,0,0,0,759,509,525,0,781,491,740,764,0,724,651,491,558,651,491
0,0,0,0,0,759,509,0,554,0,0,740,766,0,724,651,491,648,651,491
0,0,0,0,0,759,509,0,554,0,0,740,766,0,724,651,491,648,651,491
0,0,0,0,0,759,607,0,554,0,0,740,767,0,724,651,554,650,651,491
0,0,0,0,0,759,607,0,554,0,0,740,767,0,724,651,554,650,651,491
0,0,0,0,0,759,607,555,554,0,0,740,768,0,724,651,554,651,692,491
0,0,0,0,0,759,607,555,554,0,0,740,768,0,724,651,554,651,692,491
0,0,0,0,0,759,607,566,554,0,380,740,0,0,724,651,554,651,693,491
0,0,0,0,0,759,607,566,554,0,380,740,0,0,724,651,554,651,693,491
0,0,0,0,0,759,607,764,554,0,470,740,0,0,724,693,554,651,693,775
0,0,0,0,0,759,607,764,554,0,470,740,0,0,724,693,554,651,693,775
0,0,0,0,0,759,607,765,554,0,0,740,731,0,724,693,554,651,693,775
0,0,0,0,0,759,607,765,554,0,0,740,731,0,724,693,554,651,693,775
0,0,0,0,0,759,607,765,554,652,0,740,0,0,724,693,554,651,693,775
0,0,0,0,0,759,607,765,554,652,0,740,0,0,724,693,554,651,693,775
0,0,0,0,0,0,607,765,554,652,0,607,0,703,142,693,554,651,693,775
0,0,0,0,0,0,607,765,554,652,0,607,0,703,142,693,554,651,693,775
0,0,0,0,0,0,607,765,737,652,0,607,388,703,142,693,554,651,693,775
0,0,0,0,0,0,607,765,737,652,0,607,388,703,142,693,554,651,693,775
0,0,0,0,0,0,0,765,760,652,142,607,389,703,142,693,0,651,693,775
0,0,0,0,0,0,0,765,760,652,142,607,389,703,142,693,0,651,693,775
0,0,0,0,0,0,0,765,768,652,142,607,744,703,142,693,0,0,693,775
0,0,0,0,0,0,0,765,768,652,142,607,744,703,142,693,0,0,693,775
0,0,0,0,0,0,0,765,784,652,142,607,0,703,142,693,0,0,0,775
0,0,0,0,0,0,0,765,784,652,142,607,0,703,142,693,0,0,0,775
0,0,0,0,0,0,0,765,0,652,142,607,0,703,142,769,0,447,0,0
0,0,0,0,0,0,0,765,0,652,142,607,0,703,142,769,0,447,0,0
0,0,0,0,0,0,0,0,0,652,142,607,614,703,142,0,0,468,329,0
0,0,0,0,0,0,0,0,0,652,142,607,614,703,142,0,0,468,329,0
0,0,0,0,0,0,0,0,0,706,142,607,745,703,142,0,0,723,0,0
0,0,0,0,0,0,0,0,0,706,142,607,745,703,142,0,0,723,0,0
0,0,0,0,0,0,0,676,0,706,142,509,776,0,259,640,142,0,389,142
0,0,0,0,0,0,0,676,0,706,142,509,776,0,259,640,142,0,389,142
0,0,0,0,0,0,0,684,724,706,142,509,778,0,259,641,142,0,0,142
0,0,0,0,0,0,0,684,724,706,142,509,778,0,259,641,142,0,0,142
0,0,0,0,0,0,0,744,724,706,0,509,0,0,259,0,142,0,535,142
0,0,0,0,0,0,0,744,724,706,0,509,0,0,259,0,142,0,535,142
0,0,0,0,0,0,0,0,724,706,0,509,0,0,259,645,142,259,0,142
0,0,0,0,0,0,0,0,724,706,0,509,0,0,259,645,142,259,0,142
0,0,0,0,0,0,0,0,724,706,753,509,347,0,259,773,142,259,719,142
0,0,0,0,0,0,0,0,724,706,753,509,347,0,259,773,142,259,719,142
0,0,0,0,0,0,0,0,724,706,0,509,0,0,259,0,142,259,0,142
0,0,0,0,0,0,0,0,724,706,0,509,0,0,259,0,142,259,0,142
0,0,0,0,0,0,0,0,724,706,0,509,683,0,259,0,142,259,0,142
0,0,0,0,0,0,0,0,724,706,0,509,683,0,259,0,142,259,0,142
0,0,0,0,0,0,0,0,724,775,0,509,0,0,259,679,142,259,579,142
0,0,0,0,0,0,0,0,724,775,0,509,0,0,259,679,142,259,579,142
0,0,0,0,0,0,0,574,724,775,0,554,0,554,184,0,526,259,0,259
0,0,0,0,0,0,0,574,724,775,0,554,0,554,184,0,526,259,0,259
0,0,0,0,0,0,0,574,0,775,0,554,596,554,184,0,526,259,0,259
0,0,0,0,0,0,0,574,0,775,0,554,596,554,184,0,526,259,0,259
0,0,0,0,0,0,0,574,773,775,321,554,0,554,184,552,526,259,0,259
0,0,0,0,0,0,0,574,773,775,321,554,0,554,184,552,526,259,0,259
0,0,0,0,0,0,0,574,774,775,321,554,0,554,184,680,526,184,552,259
0,0,0,0,0,0,0,574,774,775,321,554,0,554,184,680,526,184,552,259
0,0,0,0,0,0,0,574,0,775,321,554,562,554,184,713,526,184,553,259
0,0,0,0,0,0,0,574,0,775,321,554,562,554,184,713,526,184,553,259
0,0,0,0,0,0,0,574,0,775,321,554,669,554,184,727,526,184,0,259
0,0,0,0,0,0,0,574,0,775,321,554,669,554,184,727,526,184,0,259
0,0,0,0,0,0,0,574,0,775,321,554,709,554,184,0,526,184,563,259
0,0,0,0,0,0,0,574,0,775,321,554,709,554,184,0,526,184,563,259
0,0,0,0,0,0,0,574,0,782,321,554,734,554,184,0,526,184,0,259
0,0,0,0,0,0,0,574,0,782,321,554,734,554,184,0,526,184,0,259
0,0,0,0,0,0,0,711,0,782,321,574,0,321,574,423,700,184,0,188
0,0,0,0,0,0,0,711,0,782,321,574,0,321,574,423,700,184,0,188
0,0,0,0,0,0,0,715,740,782,321,574,0,321,574,463,700,184,0,188
0,0,0,0,0,0,0,715,740,782,321,574,0,321,574,463,700,184,0,188
0,0,0,0,0,0,0,781,740,782,759,574,732,321,574,0,700,184,453,188
0,0,0,0,0,0,0,781,740,782,759,574,732,321,574,0,700,184,453,188
0,0,0,0,0,0,0,0,740,782,759,574,0,321,574,0,700,693,0,188
0,0,0,0,0,0,0,0,740,782,759,574,0,321,574,0,700,693,0,188
0,0,0,0,0,0,0,0,740,782,759,574,0,321,574,623,700,693,0,188
0,0,0,0,0,0,0,0,740,782,759,574,0,321,574,623,700,693,0,188
0,0,0,0,0,0,0,0,740,782,759,574,519,321,574,623,700,693,677,188
0,0,0,0,0,0,0,0,740,782,759,574,519,321,574,623,700,693,677,188
0,0,0,0,0,0,0,0,740,782,759,574,564,321,574,623,700,693,677,188
0,0,0,0,0,0,0,0,740,782,759,574,564,321,574,623,700,693,677,188
0,0,0,0,0,0,0,0,740,0,759,574,0,321,574,623,700,693,677,188
0,0,0,0,0,0,0,0,740,0,759,574,0,321,574,623,700,693,677,188
0,0,0,0,0,0,0,677,740,0,759,259,693,574,554,623,574,693,677,652
0,0,0,0,0,0,0,677,740,0,759,259,693,574,554,623,574,693,677,652
0,0,0,0,0,0,0,677,0,0,759,259,693,574,554,623,574,693,677,652
0,0,0,0,0,0,0,677,0,0,759,259,693,574,554,623,574,693,677,652
0,0,0,0,0,0,0,677,0,0,0,259,693,574,554,623,574,693,677,652
0,0,0,0,0,0,0,677,0,0,0,259,693,574,554,623,574,693,677,652
0,0,0,0,0,0,0,677,0,0,0,259,693,574,554,623,574,0,677,652
0,0,0,0,0,0,0,677,0,0,0,259,693,574,554,623,574,0,677,652
0,0,0,0,0,0,0,677,0,0,0,259,693,574,554,0,574,0,677,652
0,0,0,0,0,0,0,677,0,0,0,259,693,574,554,0,574,0,677,652
0,0,0,0,0,0,0,677,0,0,0,259,693,574,554,0,574,0,0,652
0,0,0,0,0,0,0,677,0,0,0,259,693,574,554,0,574,0,0,652
0,0,0,0,0,0,0,677,0,0,0,259,693,574,554,0,574,0,0,652
0,0,0,0,0,0,0,677,0,0,0,259,693,574,554,0,574,0,0,652
0,0,0,0,0,0,0,677,0,0,0,259,693,574,554,0,574,0,0,652
0,0,0,0,0,0,0,677,0,0,0,259,693,574,554,0,574,0,0,652