54,270,0,54,305,0,289,382,47,179,0,0,53,0,318,157,392,53,0,85
54,270,0,54,305,0,289,382,47,179,0,0,53,0,318,157,392,53,0,85
54,270,0,54,300,47,38,138,200,300,47,115,53,153,318,157,392,53,313,85
54,270,0,54,300,47,38,138,200,300,47,115,53,153,318,157,392,53,313,85
54,270,0,54,115,205,38,56,158,406,55,346,53,155,318,157,392,53,313,85
57,270,0,57,115,205,38,56,158,406,55,346,53,155,318,157,392,53,313,85
57,270,0,57,289,205,38,103,158,406,55,348,53,186,318,157,392,53,313,85
57,270,0,57,289,205,38,103,158,406,55,348,53,186,318,157,392,53,313,85
57,270,0,57,94,205,38,377,158,94,55,392,53,229,318,157,392,53,313,85
57,270,0,57,94,205,38,377,158,94,55,392,53,229,318,157,392,53,313,85
63,270,0,63,103,205,38,377,158,412,55,392,53,313,318,157,392,53,313,85
63,270,0,63,103,205,38,377,158,412,55,392,53,313,318,157,392,53,313,85
63,270,0,63,281,205,38,129,158,115,55,392,53,313,318,157,392,53,313,85
63,270,0,63,281,205,38,129,158,115,55,392,53,313,318,157,392,53,313,85
63,270,0,63,204,205,38,0,158,413,55,392,53,313,318,157,392,53,313,85
67,270,0,67,204,205,38,0,158,413,55,392,53,313,318,157,392,53,313,85
67,270,0,67,0,205,38,131,158,323,55,392,0,313,400,53,0,38,313,56
67,270,0,67,0,205,38,131,158,323,55,392,0,313,400,53,0,38,313,56
67,270,0,67,31,205,99,136,158,331,55,392,0,313,400,53,243,38,38,337
67,270,0,67,31,205,99,136,158,331,55,392,0,313,400,53,243,38,38,337
68,270,0,68,56,313,337,229,218,414,0,392,31,313,400,53,0,38,38,339
68,272,0,68,56,313,337,229,218,414,0,392,31,313,400,53,0,38,38,339
68,272,0,68,323,313,339,55,53,31,132,392,273,313,400,53,0,38,38,342
68,272,0,68,323,313,339,55,53,31,132,392,273,313,400,53,0,38,38,342
68,272,0,68,99,313,342,55,53,407,313,0,273,313,400,53,47,38,38,346
91,272,0,91,99,313,342,55,53,407,313,0,273,313,400,53,47,38,38,346
91,272,0,91,123,313,346,55,53,407,313,0,273,0,400,53,76,38,38,347
91,272,0,91,123,313,346,55,53,407,313,0,273,0,400,53,76,38,38,347
91,272,0,91,224,313,347,55,53,155,313,0,273,0,400,53,76,38,38,348
91,272,0,91,224,313,347,55,53,155,313,0,273,0,400,53,76,38,38,348
108,272,0,108,129,313,348,55,53,0,313,0,273,0,400,53,76,38,38,349
108,272,0,108,129,313,348,55,53,0,313,0,273,0,400,53,76,38,38,349
108,272,0,108,136,313,349,55,53,204,313,0,273,55,0,38,76,374,38,0
108,272,0,108,136,313,349,55,53,204,313,0,273,55,0,38,76,374,38,0
108,272,0,108,131,313,390,55,53,314,313,0,273,55,342,38,76,374,323,0
139,272,0,139,131,313,390,55,53,314,313,0,273,55,342,38,76,374,323,0
139,272,0,139,132,252,363,55,53,398,313,318,273,55,371,38,76,374,0,281
139,272,0,139,132,252,363,55,53,398,313,318,273,55,371,38,76,374,0,281
139,272,0,139,410,252,257,305,123,399,313,318,0,55,371,38,76,374,31,331
139,272,0,139,410,252,257,305,123,399,313,318,0,55,371,38,76,374,31,331
143,272,0,143,138,252,410,54,132,0,0,318,129,55,371,38,76,374,0,0
143,272,0,143,138,252,410,54,132,0,0,318,129,55,371,38,76,374,0,0
143,280,0,143,179,252,243,54,0,402,0,318,179,55,371,38,259,374,103,0
143,280,0,143,179,252,243,54,0,402,0,318,179,55,371,38,259,374,103,0
143,280,0,143,243,252,378,54,186,404,0,318,190,55,371,38,0,374,0,0
147,280,0,147,243,252,378,54,186,404,0,318,190,55,371,38,0,374,0,0
147,280,0,147,380,252,251,54,190,139,0,318,199,55,371,38,0,374,132,0
147,280,0,147,380,252,251,57,190,139,0,318,199,55,371,38,0,374,132,0
147,280,0,147,153,252,253,57,0,139,0,318,0,0,371,0,0,115,186,282
147,280,0,147,153,252,253,57,0,139,0,318,0,0,371,0,0,115,186,282
166,280,0,166,155,252,380,57,199,139,0,318,0,56,371,55,252,55,337,305
166,280,0,166,155,252,380,57,199,143,0,318,0,56,371,55,252,55,337,305
166,280,0,166,159,85,0,57,0,143,273,158,102,305,0,55,252,55,339,0
166,280,0,166,159,85,0,57,0,143,273,158,102,305,0,55,252,55,339,0
166,280,0,166,253,85,275,76,241,143,273,158,102,391,99,55,252,55,402,0
167,280,0,167,253,85,275,76,241,143,273,158,102,391,99,55,252,55,402,0
167,280,0,167,346,85,102,76,241,384,273,158,102,393,0,55,252,55,0,313
167,280,0,167,346,85,102,76,241,384,273,158,102,393,0,55,252,55,0,313
167,280,0,167,186,85,102,76,241,387,273,158,102,404,253,55,252,55,0,313
167,280,0,167,186,85,102,76,241,387,273,158,102,404,253,55,252,55,0,313
168,280,0,168,190,85,102,76,241,391,273,158,102,0,257,55,252,55,0,313
168,280,0,168,190,85,102,76,241,391,273,158,102,0,257,55,252,55,0,313
168,280,0,168,232,85,102,76,241,393,273,158,102,0,314,55,252,55,0,313
168,297,0,168,232,85,102,76,241,393,273,158,102,0,314,55,252,55,0,313
168,297,0,168,200,85,102,76,241,147,273,158,102,0,331,55,252,55,0,313
174,297,0,174,200,85,102,76,241,147,273,158,102,0,331,55,252,55,0,313
174,297,0,174,199,85,102,76,241,147,273,158,102,0,333,0,0,400,0,313
174,297,0,174,199,85,102,76,241,147,273,158,102,0,333,0,0,400,0,313
174,297,0,174,207,392,102,76,241,147,103,0,38,85,333,0,53,400,273,313
174,297,0,174,207,392,102,76,241,411,103,0,38,85,333,0,53,400,273,313
184,297,0,184,275,392,102,157,63,411,0,0,38,85,333,207,53,400,273,313
184,297,0,184,275,392,102,157,63,411,0,0,38,85,333,207,53,400,273,313
184,297,0,184,218,392,113,157,63,153,0,0,38,85,333,224,53,400,273,99
184,297,0,184,218,392,113,157,63,153,0,0,38,85,333,224,53,400,273,99
184,297,0,184,0,392,113,157,63,0,0,0,38,85,333,0,53,400,273,129
189,297,0,189,0,392,113,157,63,0,0,0,38,85,333,0,53,400,273,129
189,297,0,189,369,392,113,157,63,159,0,0,38,85,333,0,53,400,273,0
189,297,0,189,369,392,113,157,63,159,0,0,38,85,333,0,53,400,273,0
189,297,0,189,266,392,113,157,184,0,0,0,38,85,333,0,53,400,273,259
189,297,0,189,266,392,113,157,184,0,0,0,38,85,333,0,53,400,273,259
194,297,0,194,229,392,113,157,184,207,85,0,38,85,333,0,53,400,273,289
194,297,0,194,229,392,113,157,184,207,85,0,38,85,333,0,53,400,273,289
194,297,0,194,251,392,113,157,184,315,85,0,38,85,233,126,53,123,273,380
194,297,0,194,251,392,113,157,184,315,85,0,38,85,233,126,53,123,273,380
210,310,0,210,255,370,113,157,184,408,85,76,94,76,233,126,398,0,85,0
210,310,0,210,255,370,113,157,184,408,85,76,94,76,233,126,398,0,85,0
210,310,0,210,257,370,113,232,126,408,85,76,0,76,233,126,0,131,85,0
210,310,0,210,257,370,113,232,126,408,85,76,0,76,233,126,0,131,85,0
214,310,0,214,0,370,333,255,126,118,85,76,126,76,233,126,410,190,85,76
214,310,0,214,0,370,333,255,126,118,85,76,126,76,233,126,410,190,85,76
214,310,0,214,259,370,333,259,126,118,85,76,126,76,233,126,0,0,85,76
214,310,0,214,259,370,333,259,126,118,85,76,126,76,233,126,0,0,85,76
222,310,0,222,384,370,333,267,126,118,85,76,126,76,233,126,0,199,85,76
222,310,0,222,384,370,333,267,126,118,85,76,126,76,233,126,0,199,85,76
222,310,0,222,267,370,333,67,126,118,85,76,126,76,233,126,0,200,85,76
222,310,0,222,267,370,333,67,126,118,85,76,126,76,233,126,0,200,85,76
227,310,0,227,276,370,333,67,126,118,390,76,126,76,233,126,0,0,85,76
227,310,0,227,276,370,333,67,126,118,390,76,126,76,233,126,0,0,85,76
227,310,0,227,282,370,333,67,126,118,398,76,126,76,374,390,0,94,85,76
227,310,0,227,282,370,333,67,126,118,398,76,126,76,374,390,0,94,85,76
234,310,0,234,290,162,333,67,126,118,402,235,126,241,374,0,123,0,0,76
234,310,0,234,290,162,333,57,126,118,402,235,126,241,374,0,123,0,0,76
234,310,0,234,387,162,333,188,171,118,410,235,126,241,374,0,289,0,0,76
234,310,0,234,387,162,333,188,171,118,410,235,126,241,374,0,289,0,0,76
238,310,0,238,314,162,273,188,171,156,0,235,131,241,374,0,0,0,0,0
238,334,0,238,314,162,273,188,171,156,0,235,131,241,374,0,0,0,0,0
238,334,0,238,315,162,273,188,171,156,0,235,392,241,374,0,0,0,153,243
238,334,0,238,315,162,273,188,171,156,0,235,392,241,374,0,0,0,153,243
239,334,0,239,319,162,273,188,171,156,0,235,392,241,374,0,255,0,0,253
239,334,0,239,319,162,273,188,171,156,0,235,392,241,374,0,255,0,0,253
239,334,0,239,391,162,273,188,171,156,0,235,392,241,374,0,0,0,155,0
239,334,0,239,391,162,273,188,171,156,0,235,392,241,374,0,0,0,155,0
247,334,0,247,363,162,273,188,171,156,0,235,392,241,374,0,0,0,370,0
247,334,0,247,363,162,273,188,171,156,0,235,392,241,374,0,0,0,370,0
247,334,0,247,390,162,273,188,171,156,0,235,392,241,102,0,0,0,370,290
247,334,0,247,390,162,273,188,171,156,0,235,392,241,102,0,0,0,370,290
249,334,0,249,331,318,273,188,171,156,200,162,392,380,102,0,102,156,370,378
249,334,0,249,331,318,273,188,171,156,200,162,392,380,102,0,102,156,370,378
249,334,0,249,337,318,273,0,369,156,370,162,392,384,102,0,102,156,370,0
249,334,0,249,337,318,273,0,369,156,370,162,392,384,102,0,102,156,370,0
254,334,0,254,339,318,264,319,189,183,370,162,392,387,102,0,102,156,370,0
254,334,0,254,339,318,264,319,189,183,370,162,392,387,102,0,102,156,370,0
254,334,0,254,342,318,264,396,189,183,370,162,399,0,102,0,102,156,370,138
254,334,0,254,342,318,264,396,189,183,370,162,399,0,102,0,102,156,370,138
256,334,0,256,347,318,264,400,189,183,370,162,400,0,102,0,102,156,370,229
256,334,0,256,347,318,264,400,189,183,370,162,400,0,102,0,102,156,370,229
256,336,0,256,348,318,264,400,189,183,370,162,400,0,102,0,102,156,370,266
256,336,0,256,348,318,264,400,189,183,370,162,400,0,102,0,102,156,370,266
260,336,0,260,349,318,264,400,415,183,370,162,400,0,102,0,102,156,0,0
260,336,0,260,349,318,264,400,415,183,370,162,400,0,102,0,102,156,0,0
260,336,0,260,378,318,264,400,415,183,370,162,400,0,158,0,102,156,0,384
260,336,0,260,378,318,264,400,415,183,370,162,400,0,158,0,102,156,0,384
263,336,0,263,393,201,264,400,415,183,370,251,400,370,158,156,136,159,157,0
263,336,0,263,393,201,264,400,415,183,370,251,400,370,158,156,136,159,157,0
263,336,0,263,396,201,264,400,203,183,404,363,400,370,158,156,138,162,157,0
263,336,0,263,396,201,264,400,203,183,404,363,400,370,158,156,138,162,157,0
265,336,0,265,398,201,360,400,203,195,0,0,400,370,158,156,0,162,157,102
265,336,0,265,398,201,360,400,203,195,0,0,400,370,158,156,0,162,157,102
265,336,0,265,399,201,360,400,203,195,0,0,400,370,158,156,179,162,157,102
265,336,0,265,399,201,360,400,203,195,0,0,400,370,158,156,179,162,157,102
268,336,0,268,0,201,360,68,203,195,0,0,0,370,158,156,0,162,157,102
268,336,0,268,0,201,360,68,203,195,0,0,0,370,158,156,0,162,157,102
268,336,0,268,402,201,360,68,203,195,0,0,0,370,158,156,0,162,157,102
268,336,0,268,402,201,360,68,203,195,0,0,0,370,158,156,0,162,157,102
271,336,0,271,404,201,360,68,203,195,0,0,0,370,158,156,0,162,157,102
271,336,0,271,404,201,360,68,203,195,0,0,0,370,158,156,0,162,157,102
271,336,0,271,270,201,360,68,203,195,157,0,0,370,113,156,0,162,157,102
271,344,0,271,270,201,360,382,203,195,157,0,0,370,113,156,0,162,157,102
274,344,0,274,270,217,360,382,203,195,157,218,157,158,113,0,113,162,158,102
274,344,0,274,270,217,360,382,203,195,157,218,157,158,113,0,113,162,158,102
274,344,0,274,270,217,360,233,224,195,157,118,157,158,113,290,113,118,158,102
274,344,0,274,270,217,360,233,224,195,157,118,157,158,113,290,113,118,158,102
283,344,0,283,270,217,213,233,235,216,157,118,157,158,113,333,113,118,158,136
283,344,0,283,270,217,213,233,235,216,157,118,157,158,113,333,113,118,158,136
283,344,0,283,270,217,213,233,235,216,157,118,157,158,113,333,113,118,158,0
283,344,0,283,270,217,213,233,235,216,157,118,157,158,113,333,113,118,158,0
285,344,0,285,270,217,213,233,235,216,157,118,157,158,113,333,113,118,158,255
285,344,0,285,270,217,213,233,235,216,157,118,157,158,113,333,113,118,158,255
285,344,0,285,270,217,213,233,235,216,157,118,157,158,113,333,113,118,158,267
285,344,0,285,272,217,213,233,235,216,157,118,157,158,113,333,113,118,158,267
287,344,0,287,272,217,213,233,235,216,157,118,157,158,113,333,113,118,158,300
287,344,0,287,272,217,213,233,235,216,157,118,157,158,113,333,113,118,158,300
287,344,0,287,272,217,213,233,235,216,159,118,157,158,118,333,113,118,158,387
287,344,0,287,272,217,213,233,235,216,159,118,157,158,118,333,113,118,158,387
294,344,0,294,272,284,213,233,235,216,162,118,113,232,118,333,126,118,156,0
294,344,0,294,272,284,213,233,235,216,162,118,113,232,118,333,126,118,156,0
294,344,0,294,272,284,213,236,235,216,162,333,113,266,118,333,126,126,156,0
294,344,0,294,272,284,213,236,235,216,162,333,113,266,118,333,126,126,156,0
295,361,0,295,272,284,240,236,266,226,162,333,113,275,118,347,126,126,156,113
295,361,0,295,272,284,240,236,266,226,162,333,113,275,118,347,126,126,156,113
295,361,0,295,272,284,240,236,282,226,162,333,113,0,118,349,126,126,156,113
295,361,0,295,272,284,240,236,282,226,162,333,113,0,118,349,126,126,156,113
298,361,0,298,280,284,240,236,374,226,162,333,113,0,118,378,126,126,156,113
298,361,0,298,280,284,240,236,374,226,162,333,113,0,118,378,126,126,156,113
298,361,0,298,280,284,240,236,374,226,162,333,113,0,118,0,126,126,156,113
298,361,0,298,280,284,240,236,374,226,162,333,113,0,118,0,126,126,156,113
303,361,0,303,280,284,240,236,374,226,162,333,113,0,118,0,126,126,156,113
303,361,0,303,280,284,240,236,374,226,162,333,113,0,118,0,126,126,156,113
303,361,0,303,280,284,240,236,374,226,162,333,113,0,360,0,126,126,156,113
303,361,0,303,280,284,240,236,374,226,162,333,113,0,360,0,126,126,156,113
306,361,0,306,280,371,240,236,374,226,252,333,118,156,360,162,333,126,171,113
306,361,0,306,280,371,240,236,374,226,252,333,118,156,360,162,333,126,171,113
306,361,0,306,280,371,240,296,374,226,252,171,118,156,360,162,333,233,171,113
306,361,0,306,280,371,240,296,374,226,252,171,118,156,360,162,333,233,171,113
312,361,0,312,280,371,276,296,374,166,252,171,118,156,360,162,333,233,171,204
312,361,0,312,297,371,276,296,374,166,252,171,118,156,360,162,333,233,171,204
312,361,0,312,297,371,281,296,374,166,252,171,118,156,360,162,333,233,171,218
312,361,0,312,297,371,281,296,374,166,252,171,118,156,360,162,333,233,171,218
316,366,0,316,297,371,290,296,222,166,252,171,118,156,360,162,333,233,171,251
316,366,0,316,297,371,290,296,222,167,252,171,118,156,360,162,333,233,171,251
316,366,0,316,297,371,0,296,222,167,252,171,118,156,360,162,333,233,171,252
316,366,0,316,297,371,0,296,222,167,252,171,118,156,360,162,333,233,171,252
317,366,0,317,297,371,0,296,222,167,252,171,118,156,360,162,333,233,171,252
317,366,0,317,297,371,0,296,222,167,252,171,118,156,360,162,333,233,171,252
317,366,0,317,297,371,0,296,222,168,252,171,118,156,171,162,333,233,171,252
317,366,0,317,297,371,0,296,222,168,252,171,118,156,171,162,333,233,171,252
321,366,0,321,297,0,0,296,227,168,371,171,233,205,171,273,171,233,204,252
321,366,0,321,297,0,0,296,227,168,371,171,233,205,171,273,171,233,204,252
321,366,0,321,310,0,0,91,227,168,371,264,233,205,171,273,171,183,207,252
321,366,0,321,310,0,0,91,227,174,371,264,233,205,171,273,171,183,207,252
322,366,0,322,310,0,0,91,227,174,371,264,233,205,171,273,171,183,0,252
322,366,0,322,310,0,0,91,227,174,371,264,233,205,171,273,171,183,0,252
322,366,0,322,310,0,0,91,227,174,371,264,233,205,171,273,171,183,224,252
322,366,0,322,310,0,0,91,227,174,371,264,233,205,171,273,171,183,224,252
324,366,0,324,310,0,0,91,234,194,371,264,233,205,171,273,171,183,281,252
324,366,0,324,310,0,0,108,234,194,371,264,233,205,171,273,171,183,281,252
324,366,0,324,310,0,0,108,234,194,371,264,233,205,171,273,171,183,319,275
324,366,0,324,310,0,0,108,234,194,371,264,233,205,171,273,171,183,319,275
327,368,0,327,310,0,0,108,234,194,371,264,233,205,171,273,171,183,0,323
327,368,0,327,310,0,0,108,234,210,371,264,233,205,171,273,171,183,0,323
327,368,0,327,310,0,0,108,234,210,371,264,233,205,264,273,171,183,0,369
327,368,0,327,334,0,0,108,234,210,371,264,233,205,264,273,171,183,0,369
328,368,0,328,334,0,0,249,247,210,0,264,183,188,264,183,183,183,188,371
328,368,0,328,334,0,0,249,247,210,0,264,183,188,264,183,183,183,188,371
328,368,0,328,334,0,0,249,247,214,0,0,183,188,264,183,183,0,188,371
328,368,0,328,334,0,0,249,247,214,0,0,183,188,264,183,183,0,188,371
329,368,0,329,334,0,0,249,247,214,0,0,183,188,264,183,183,0,188,371
329,368,0,329,334,0,0,249,247,214,0,0,183,188,264,183,183,0,188,371
329,368,0,329,334,0,0,249,247,214,0,0,183,188,264,183,183,0,188,371
329,368,0,329,334,0,0,263,247,238,0,0,183,188,264,183,183,0,188,371
332,368,0,332,334,0,0,263,254,238,0,0,183,188,264,183,183,0,188,371
332,368,0,332,334,0,0,263,254,238,0,0,183,188,264,183,183,0,188,371
332,368,0,332,334,0,0,263,254,238,0,0,183,188,264,183,183,0,188,371
332,368,0,332,334,0,0,263,254,238,0,0,183,188,264,183,183,0,188,371
335,368,0,335,336,0,0,263,254,239,205,0,183,188,264,183,183,0,188,371
335,368,0,335,336,0,0,263,254,239,205,0,183,188,264,183,183,0,188,371
335,368,0,335,336,0,0,265,254,239,205,0,183,188,369,183,183,0,188,371
335,368,0,335,336,0,0,265,254,239,205,0,183,188,369,183,183,0,188,371
338,376,0,338,336,0,0,265,256,239,205,0,374,0,370,188,188,0,371,0
338,376,0,338,336,0,0,265,256,280,205,0,374,0,370,188,188,0,371,0
338,376,0,338,336,0,0,265,256,280,205,360,374,0,370,188,188,195,371,0
338,376,0,338,336,0,0,265,256,280,205,360,374,0,370,188,188,195,371,0
340,376,0,340,336,0,0,265,256,280,205,360,374,0,370,188,188,195,371,232
340,376,0,340,336,0,0,271,256,280,205,360,374,0,370,188,188,195,371,232
340,376,0,340,336,0,0,271,256,283,205,360,374,0,370,188,188,195,371,0
340,376,0,340,336,0,0,271,256,283,205,360,374,0,370,188,188,195,371,0
341,376,0,341,336,0,0,271,260,283,205,360,374,0,370,188,188,195,371,257
341,376,0,341,344,0,0,271,260,283,205,360,374,0,370,188,188,195,371,257
341,376,0,341,344,0,0,271,260,283,205,360,374,0,370,188,188,195,371,276
341,376,0,341,344,0,0,271,260,310,205,360,374,0,370,188,188,195,371,276
343,376,0,343,344,0,0,274,260,310,264,360,374,0,370,188,188,195,371,363
343,376,0,343,344,0,0,274,260,310,264,360,374,0,370,188,188,195,371,363
343,376,0,343,344,0,0,274,260,310,264,360,374,0,370,188,188,195,371,391
343,376,0,343,344,0,0,274,260,310,264,360,374,0,370,188,188,195,371,391
350,376,0,350,344,0,0,274,268,312,264,360,195,296,0,195,195,195,296,0
350,376,0,350,344,0,0,274,268,312,264,360,195,296,0,195,195,195,296,0
350,376,0,350,344,0,0,274,268,312,264,203,195,296,0,195,195,201,296,0
350,376,0,350,344,0,0,285,268,312,264,203,195,296,0,195,195,201,296,0
351,381,0,351,344,0,0,285,268,312,264,203,195,296,0,195,195,201,296,205
351,381,0,351,344,0,0,285,268,317,264,203,195,296,0,195,195,201,296,205
351,381,0,351,361,0,0,285,268,317,264,203,195,296,0,195,195,201,296,205
351,381,0,351,361,0,0,285,268,317,264,203,195,296,0,195,195,201,296,205
352,381,0,352,361,0,0,285,270,317,264,203,195,296,0,195,195,201,296,205
352,381,0,352,361,0,0,285,270,317,264,203,195,296,0,195,195,201,296,205
352,381,0,352,361,0,0,287,270,322,264,203,195,296,0,195,195,201,296,205
352,381,0,352,361,0,0,287,270,322,264,203,195,296,0,195,195,201,296,205
355,381,0,355,361,0,0,287,270,322,318,203,195,296,0,195,195,201,296,205
355,381,0,355,361,0,0,287,270,322,318,203,195,296,0,195,195,201,296,205
355,381,0,355,361,0,0,287,270,322,318,203,195,296,201,195,195,201,296,205
355,381,0,355,361,0,0,287,270,324,318,203,195,296,201,195,195,201,296,205
356,381,0,356,361,0,0,287,272,324,318,203,203,203,201,296,0,201,205,205
356,381,0,356,361,0,0,294,272,324,318,203,203,203,201,296,0,201,205,205
356,381,0,356,361,0,0,294,272,324,318,213,203,203,201,296,300,213,205,205
356,381,0,356,366,0,0,294,272,324,318,213,203,203,201,296,300,213,205,205
357,381,0,357,366,0,0,294,272,327,318,213,203,203,201,296,315,213,205,264
357,381,0,357,366,0,0,294,272,327,318,213,203,203,201,296,315,213,205,264
357,381,0,357,366,0,0,294,272,327,318,213,203,203,201,296,0,213,205,264
357,381,0,357,366,0,0,294,272,327,318,213,203,203,201,296,0,213,205,264
358,383,0,358,366,0,0,295,297,327,318,213,203,203,201,296,0,213,205,264
358,383,0,358,366,0,0,295,297,328,318,213,203,203,201,296,0,213,205,264
358,383,0,358,366,0,0,295,297,328,318,213,203,203,201,296,0,213,205,264
358,383,0,358,366,0,0,295,297,328,318,213,203,203,201,296,0,213,205,264
359,383,0,359,366,0,0,295,297,328,360,213,203,203,201,296,0,213,205,264
359,383,0,359,366,0,0,295,297,328,360,213,203,203,201,296,0,213,205,264
359,383,0,359,366,0,0,295,297,338,360,213,203,203,213,296,0,213,205,264
359,383,0,359,366,0,0,306,297,338,360,213,203,203,213,296,0,213,205,264
362,383,0,362,368,0,0,306,298,338,360,213,0,216,213,400,203,213,396,264
362,383,0,362,368,0,0,306,298,338,360,213,0,216,213,400,203,213,396,264
362,383,0,362,368,0,0,306,298,338,360,240,0,216,213,400,203,217,0,264
362,383,0,362,368,0,0,306,298,340,360,240,0,216,213,400,203,217,0,264
365,383,0,365,368,0,0,306,298,340,360,240,0,216,213,400,203,217,0,314
365,383,0,365,368,0,0,306,298,340,360,240,0,216,213,400,203,217,0,314
365,383,0,365,368,0,0,316,298,340,360,240,0,216,213,400,203,217,0,315
365,383,0,365,368,0,0,316,298,340,360,240,0,216,213,400,203,217,0,315
367,383,0,367,368,0,0,316,303,343,360,240,0,216,213,400,203,217,0,319
367,383,0,367,368,0,0,316,303,343,360,240,0,216,213,400,203,217,0,319
367,383,0,367,368,0,0,316,303,343,360,240,0,216,213,400,203,217,0,0
367,383,0,367,368,0,0,316,303,343,360,240,0,216,213,400,203,217,0,0
373,389,0,373,368,0,0,316,303,343,201,240,0,216,213,400,203,217,0,0
373,389,0,373,376,0,0,321,303,344,201,240,0,216,213,400,203,217,0,0
373,389,0,373,376,0,0,321,303,344,201,240,0,216,217,400,203,217,0,360
373,389,0,373,376,0,0,321,303,344,201,240,0,216,217,400,203,217,0,360
375,389,0,375,376,0,0,321,334,344,201,240,217,0,217,216,216,217,216,360
375,389,0,375,376,0,0,321,334,344,201,240,217,0,217,216,216,217,216,360
375,389,0,375,376,0,0,321,334,351,201,284,217,267,217,216,216,226,216,360
375,389,0,375,376,0,0,321,334,351,201,284,217,267,217,216,216,226,216,360
377,389,0,377,376,0,0,329,334,351,201,284,217,276,217,216,216,226,216,360
377,389,0,377,376,0,0,329,334,351,201,284,217,276,217,216,216,226,216,360
377,389,0,377,376,0,0,329,334,351,201,284,217,0,217,216,216,226,216,360
377,389,0,377,376,0,0,329,334,361,201,284,217,0,217,216,216,226,216,360
379,389,0,379,376,0,0,329,336,361,201,284,217,0,217,216,216,226,216,360
379,389,0,379,376,0,0,329,336,361,201,284,217,0,217,216,216,226,216,360
379,389,0,379,381,0,0,329,336,361,201,284,217,0,217,216,216,226,216,360
379,389,0,379,381,0,0,332,336,361,201,284,217,0,217,216,216,226,216,360
382,389,0,382,381,0,0,332,336,376,396,284,217,0,217,216,216,226,216,360
382,389,0,382,381,0,0,332,336,376,396,284,217,0,217,216,216,226,216,360
382,389,0,382,381,0,0,332,336,376,399,284,217,0,282,216,216,226,216,393
382,389,0,382,381,0,0,332,336,376,399,284,217,0,282,216,216,226,216,393
385,411,0,385,381,0,0,332,350,376,0,284,226,233,0,226,241,226,226,0
385,411,0,385,381,0,0,332,350,381,0,284,226,233,0,226,241,226,226,0
385,411,0,385,381,0,0,335,350,381,0,0,226,233,0,226,241,236,226,0
385,411,0,385,381,0,0,335,350,381,0,0,226,233,0,226,241,236,226,0
386,411,0,386,381,0,0,335,350,381,0,241,226,233,0,226,241,236,226,201
386,411,0,386,381,0,0,335,350,381,0,241,226,233,0,226,241,236,226,201
386,411,0,386,381,0,0,335,350,383,0,241,226,233,0,226,241,236,226,201
386,411,0,386,383,0,0,335,350,383,0,241,226,233,0,226,241,236,226,201
388,411,0,388,383,0,0,341,352,383,0,241,226,233,0,226,241,236,226,201
388,411,0,388,383,0,0,341,352,383,0,241,226,233,0,226,241,236,226,201
388,411,0,388,383,0,0,341,352,383,0,241,226,233,0,226,241,236,226,201
388,411,0,388,383,0,0,341,352,385,0,241,226,233,0,226,241,236,226,201
394,411,0,394,383,0,0,341,352,385,217,241,226,233,0,226,241,236,226,201
394,411,0,394,383,0,0,341,352,385,217,241,226,233,0,226,241,236,226,201
394,411,0,394,383,0,0,355,352,385,217,241,226,233,241,226,241,236,226,201
394,411,0,394,383,0,0,355,352,385,217,241,226,233,241,226,241,236,226,201
395,411,0,395,383,0,0,355,365,386,217,241,236,235,241,235,284,236,235,201
395,411,0,395,383,0,0,355,365,386,217,241,236,235,241,235,284,236,235,201
395,411,0,395,383,0,0,355,365,386,217,241,236,235,241,235,284,240,235,201
395,411,0,395,383,0,0,355,365,386,217,241,236,235,241,235,284,240,235,201
397,413,0,397,389,0,0,356,365,386,217,252,236,235,241,235,284,240,235,213
397,413,0,397,389,0,0,356,365,388,217,252,236,235,241,235,284,240,235,213
397,413,0,397,389,0,0,356,365,388,217,252,236,235,241,235,284,240,235,213
397,413,0,397,389,0,0,356,365,388,217,252,236,235,241,235,284,240,235,213
403,413,0,403,389,0,0,356,366,388,217,252,236,235,241,235,284,240,235,213
403,413,0,403,389,0,0,356,366,388,217,252,236,235,241,235,284,240,235,213
403,413,0,403,389,0,0,357,366,389,217,252,236,235,241,235,284,240,235,213
403,413,0,403,389,0,0,357,366,389,217,252,236,235,241,235,284,240,235,213
405,413,0,405,389,0,0,357,366,389,284,252,236,235,241,235,284,240,235,213
405,413,0,405,389,0,0,357,366,389,284,252,236,235,241,235,284,240,235,213
405,413,0,405,389,0,0,357,366,389,284,252,236,235,284,235,284,240,235,213
405,413,0,405,389,0,0,357,366,394,284,252,236,235,284,235,284,240,235,213
406,413,0,406,411,0,0,358,367,394,284,252,240,236,284,392,318,240,0,213
406,413,0,406,411,0,0,358,367,394,284,252,240,236,284,392,318,240,0,213
406,413,0,406,411,0,0,358,367,394,284,252,240,236,284,392,318,296,0,213
406,413,0,406,411,0,0,358,367,394,284,252,240,236,284,392,318,296,0,213
407,413,0,407,411,0,0,358,367,395,284,374,240,236,284,392,318,296,0,240
407,413,0,407,411,0,0,358,367,395,284,374,240,236,284,392,318,296,0,240
407,413,0,407,411,0,0,359,367,395,284,374,240,236,284,392,318,296,0,240
407,413,0,407,411,0,0,359,367,395,284,374,240,236,284,392,318,296,0,240
408,415,0,408,411,0,0,359,368,395,284,374,240,236,284,392,318,296,0,240
408,415,0,408,411,0,0,359,368,397,284,374,240,236,284,392,318,296,0,240
408,415,0,408,411,0,0,359,368,397,284,374,240,236,284,392,318,296,0,240
408,415,0,408,411,0,0,359,368,397,284,374,240,236,284,392,318,296,0,240
409,415,0,409,413,0,0,362,368,397,236,374,240,236,284,392,318,296,0,240
409,415,0,409,413,0,0,362,368,397,236,374,240,236,284,392,318,296,0,240
409,415,0,409,413,0,0,362,368,403,236,374,240,236,0,392,318,296,0,240
409,415,0,409,413,0,0,362,368,403,236,374,240,236,0,392,318,296,0,240
412,415,0,412,413,0,0,362,373,403,236,374,0,0,0,0,0,296,0,240
412,415,0,412,413,0,0,362,373,403,236,374,0,0,0,0,0,296,0,240
412,415,0,412,413,0,0,375,373,403,236,374,0,0,0,0,0,0,0,240
412,415,0,412,413,0,0,375,373,405,236,374,0,0,0,0,0,0,0,240
414,415,0,414,413,0,0,375,373,405,236,0,0,0,0,0,0,0,0,0
414,415,0,414,413,0,0,375,373,405,236,0,0,0,0,0,0,0,0,0
414,415,0,414,413,0,0,375,373,405,236,0,0,0,0,0,0,0,0,0
414,415,0,414,413,0,0,375,373,405,236,0,0,0,0,0,0,0,0,0
416,415,0,416,415,0,0,379,416,409,236,0,0,0,0,0,0,0,0,0
416,415,0,416,415,0,0,379,416,409,236,0,0,0,0,0,0,0,0,0
416,415,0,416,415,0,0,379,416,409,236,0,0,0,0,0,0,0,0,0
416,415,0,416,415,0,0,379,416,409,236,0,0,0,0,0,0,0,0,0