282,344,159,282,1009,1180,1245,938,667,1095,1103,801,0,0,806,1178,1136,0,871,0
282,344,159,282,1009,1180,1245,938,667,1095,1103,801,0,0,806,1178,1136,0,871,0
282,344,159,282,837,660,0,0,44,597,0,802,0,823,808,1245,1183,0,0,0
282,344,159,282,837,660,0,0,44,597,0,802,0,823,808,1245,1183,0,0,0
290,344,159,290,1074,1185,680,560,44,801,1219,803,0,0,0,0,1203,0,0,807
290,416,159,290,1074,1185,680,560,44,801,1219,803,0,0,0,0,1203,0,0,807
290,416,280,290,304,1304,0,0,44,802,1294,806,0,871,0,0,1218,0,935,808
290,416,280,290,304,1304,0,0,44,802,1294,806,0,871,0,0,1218,0,935,808
317,416,280,317,1191,866,1253,616,44,803,0,809,44,916,0,0,1307,44,936,812
317,416,280,317,1191,866,1253,616,44,803,0,809,44,916,0,0,1307,44,936,812
317,442,280,317,1248,1059,0,0,44,1178,0,0,44,980,856,410,0,44,945,0
317,442,280,317,1248,1059,0,0,44,1178,0,0,44,980,856,410,0,44,945,0
327,442,321,327,886,1195,0,957,44,806,115,0,44,0,0,0,0,44,984,0
327,442,321,327,886,1195,0,957,44,806,115,0,44,0,0,0,0,44,984,0
327,442,321,327,1258,605,1150,0,44,807,0,0,44,0,0,0,0,44,1099,837
327,447,321,327,1258,605,1150,0,44,807,0,0,44,0,0,0,0,44,1099,837
329,447,321,329,930,1242,1182,461,44,808,0,0,44,0,0,1122,796,44,1110,0
329,447,321,329,930,1242,1182,461,44,808,0,0,44,0,0,1122,796,44,1110,0
329,447,361,329,666,432,1194,1169,1266,0,172,903,44,0,0,1182,0,44,1161,0
329,447,361,329,666,432,1194,1169,1266,0,172,903,44,0,0,1182,0,44,1161,0
359,477,361,359,973,1200,0,0,873,0,172,0,44,794,943,1253,0,44,0,947
359,477,361,359,973,1200,0,0,873,0,172,0,44,794,943,1253,0,44,0,947
359,477,361,359,294,1218,1217,1129,1277,1185,172,913,44,0,950,0,1104,44,1288,977
359,477,418,359,294,1218,1217,1129,1277,1185,172,913,44,0,950,0,1104,44,1288,977
387,477,418,387,1166,1263,1225,1173,680,638,172,919,1094,0,980,0,1105,0,0,0
387,492,418,387,1166,1263,1225,1173,680,638,172,919,1094,0,980,0,1105,0,0,0
387,492,418,387,871,633,1254,0,945,977,172,925,1094,0,997,0,1105,0,0,1191
387,492,418,387,871,633,1254,0,945,977,172,925,1094,0,997,0,1105,0,0,1191
420,492,460,420,1010,892,0,886,1299,1151,172,936,1094,824,1070,461,1105,172,0,1200
420,492,460,420,1010,892,0,886,1299,1151,172,936,1094,824,1070,461,1105,172,0,1200
420,548,460,420,1315,914,986,936,485,1195,172,938,1094,833,1071,0,1105,172,1047,1276
420,548,460,420,1315,914,986,936,485,1195,172,938,1094,833,1071,0,1105,172,1047,1276
427,548,460,427,1259,979,1057,1180,1311,1282,172,0,1094,1198,1071,930,1105,172,1101,0
427,548,490,427,1259,979,1057,1180,1311,1282,172,0,1094,1198,1071,930,1105,172,1101,0
427,548,490,427,162,1280,1083,0,536,1198,1122,964,1094,1312,1071,935,1105,172,1111,0
427,562,490,427,162,1280,1083,0,536,1198,1122,964,1094,1312,1071,935,1105,172,1111,0
446,562,490,446,536,667,1266,605,922,0,1129,0,1094,0,1071,998,1105,172,1169,0
446,562,490,446,536,667,1266,605,922,0,1129,0,1094,0,1071,998,1105,172,1169,0
446,562,493,446,115,1285,0,1192,947,1012,1173,987,1094,0,1071,998,1105,172,1245,0
446,562,493,446,115,1285,0,1192,947,1012,1173,987,1094,0,1071,998,1105,172,1245,0
448,590,493,448,1016,724,410,0,1292,1254,0,0,172,0,1071,998,0,172,0,44
448,590,493,448,1016,724,410,0,1292,1254,0,0,172,0,1071,998,0,172,0,44
448,590,493,448,1023,725,1277,790,0,1041,1301,0,172,0,1071,998,652,172,0,44
448,590,495,448,1023,725,1277,790,0,1041,1301,0,172,0,1071,998,652,172,0,44
533,590,495,533,964,1310,0,808,881,1258,0,998,172,478,1071,998,801,0,0,44
533,624,495,533,964,1310,0,808,881,1258,0,998,172,478,1071,998,801,0,0,44
533,624,495,533,1080,737,557,0,0,615,0,998,172,945,724,998,802,0,489,44
533,624,495,533,1080,737,557,0,0,615,0,998,172,945,724,998,802,0,489,44
535,624,569,535,1169,1318,653,573,304,673,1123,998,172,992,725,998,803,0,790,44
535,624,569,535,1169,1318,653,573,304,673,1123,998,172,992,725,998,803,0,790,44
535,641,569,535,1145,828,1288,597,0,1288,0,998,172,1258,0,998,806,0,791,44
535,641,569,535,1145,828,1288,597,0,1288,0,998,172,1258,0,998,806,0,791,44
538,641,569,538,1234,916,0,1198,652,1265,1275,998,172,0,0,0,809,115,0,44
538,641,584,538,1234,916,0,1198,652,1265,1275,998,172,0,0,0,809,115,0,44
538,641,584,538,1084,1088,987,0,0,666,1310,998,172,0,0,44,0,1094,833,44
538,664,584,538,1084,1088,987,0,0,666,1310,998,172,0,0,44,0,1094,833,44
636,664,584,636,542,0,1061,812,0,1268,0,998,0,0,0,44,935,1094,995,660
636,664,584,636,542,0,1061,812,0,1268,0,998,0,0,0,44,935,1094,995,660
636,664,617,636,1087,1203,1086,1131,1063,115,0,998,653,0,0,44,964,1094,1091,0
636,664,617,636,1087,1203,1086,1131,1063,115,0,998,653,0,0,44,964,1094,1091,0
651,678,617,651,1101,0,1290,1213,1183,1301,605,1073,667,1178,0,44,1114,1094,0,950
651,678,617,651,1101,0,1290,1213,1183,1301,605,1073,667,1178,0,44,1114,1094,0,950
651,678,617,651,812,0,0,0,0,616,1034,1073,907,1265,768,44,0,1094,1114,992
651,678,619,651,812,0,0,0,0,616,1034,1073,907,1265,768,44,0,1094,1114,992
662,678,619,662,1091,1209,162,673,791,649,1072,1073,0,0,0,44,1191,1094,0,1185
662,684,619,662,1091,1209,162,673,791,649,1072,1073,0,0,0,44,1191,1094,0,1185
662,684,619,662,461,1213,1295,0,796,1312,1087,1073,1071,0,0,44,0,1094,1248,1192
662,684,619,662,461,1213,1295,0,796,1312,1087,1073,1071,0,0,44,0,1094,1248,1192
691,684,645,691,965,1232,0,737,1194,455,1134,1073,1071,0,772,44,0,1094,0,0
691,684,645,691,965,1232,0,737,1194,455,1134,1073,1071,0,772,44,0,1094,0,0
691,698,645,691,1095,0,712,1218,0,0,1180,1073,1071,0,0,0,0,0,0,1209
691,698,645,691,1095,0,712,1218,0,0,1180,1073,1071,0,0,0,0,0,0,1209
708,698,645,708,652,919,0,1308,973,950,1307,1073,1071,616,801,0,0,0,0,1254
708,698,654,708,652,919,0,1308,973,950,1307,1073,1071,616,801,0,0,0,0,1254
708,698,654,708,1068,0,734,0,0,1072,1312,1073,1071,827,802,0,660,0,823,0
708,707,654,708,1068,0,734,0,0,1072,1312,1073,1071,827,802,0,660,0,823,0
720,707,654,720,1103,573,1301,1232,542,0,0,0,1071,0,803,809,1107,965,0,0
720,707,654,720,1103,573,1301,1232,542,0,0,0,1071,0,803,809,1107,965,0,0
720,707,704,720,1129,575,0,0,172,1079,0,0,1071,0,0,812,1119,0,856,0
720,707,704,720,1129,575,0,0,172,1079,0,0,1071,0,0,812,1119,0,856,0
730,761,704,730,631,578,992,130,172,1161,497,0,1071,0,807,0,0,1070,0,0
730,761,704,730,631,578,992,130,172,1161,497,0,1071,0,807,0,0,1070,0,0
730,761,704,730,1007,1173,0,130,172,1275,0,0,0,881,809,0,1242,1080,1119,638
730,761,719,730,1007,1173,0,130,172,1275,0,0,0,881,809,0,1242,1080,1119,638
732,761,719,732,1111,1294,1010,130,172,1280,772,0,0,984,0,0,0,1088,1174,0
732,782,719,732,1111,1294,1010,130,172,1280,772,0,0,984,0,0,0,1088,1174,0
732,782,719,732,1217,0,0,130,172,0,1166,356,0,1159,0,856,0,1096,1253,0
732,782,719,732,1217,0,0,130,172,0,1166,356,0,1159,0,856,0,1096,1253,0
735,782,740,735,791,1011,1087,130,172,529,1186,823,0,1183,0,0,0,1096,0,0
735,782,740,735,791,1011,1087,130,172,529,1186,823,0,1183,0,0,0,1096,0,0
735,786,740,735,922,1012,1311,130,172,1083,1259,824,0,1268,0,868,0,1096,0,0
735,786,740,735,922,1012,1311,130,172,1083,1259,824,0,1268,0,868,0,1096,0,0
743,786,740,743,925,0,0,130,172,0,1304,827,162,0,965,881,919,1096,0,653
743,786,757,743,925,0,0,130,172,0,1304,827,162,0,965,881,919,1096,0,653
743,786,757,743,1099,957,451,130,0,1203,0,828,1090,0,984,957,936,1096,410,0
743,0,757,743,1099,957,451,130,0,1203,0,828,1090,0,984,957,936,1096,410,0
750,0,757,750,1117,0,0,0,653,0,0,0,1090,0,998,0,980,1096,0,0
750,0,757,750,1117,0,0,0,653,0,0,0,1090,0,998,0,980,1096,0,0
750,0,775,750,1265,856,455,432,660,224,0,833,1090,0,998,1061,1110,1096,0,1044
750,0,775,750,1265,856,455,432,660,224,0,833,1090,0,998,1061,1110,1096,0,1044
753,839,775,753,1123,873,1093,1140,1197,224,866,0,1090,451,998,1131,1122,1096,485,1194
753,839,775,753,1123,873,1093,1140,1197,224,866,0,1090,451,998,1131,1122,1096,485,1194
753,839,775,753,274,0,1145,1242,0,224,0,892,1090,0,998,1186,1139,0,0,1225
753,839,784,753,274,0,1145,1242,0,224,0,892,1090,0,998,1186,1139,0,0,1225
763,839,784,763,1307,0,0,0,546,224,0,1000,1090,455,998,1308,1259,0,0,1259
763,845,784,763,1307,0,0,0,546,224,0,1000,1090,455,998,1308,1259,0,0,1259
763,845,784,763,1219,604,1159,575,478,224,892,1000,1090,1277,998,0,0,162,1012,0
763,845,784,763,1219,604,1159,575,478,224,892,1000,1090,1277,998,0,0,162,1012,0
770,845,820,770,1140,977,1186,1149,547,224,0,1000,1090,0,998,0,0,274,1122,0
770,845,820,770,1140,977,1186,1149,547,224,0,1000,1090,0,998,0,0,274,1122,0
770,847,820,770,947,0,1315,1263,0,224,0,1000,0,0,998,0,0,0,1307,0
770,847,820,770,947,0,1315,1263,0,224,0,1000,0,0,998,0,0,0,1307,0
805,847,820,805,967,356,0,0,987,224,0,1000,0,0,0,783,0,0,1311,0
805,847,851,805,967,356,0,0,987,224,0,1000,0,0,0,783,0,0,1311,0
805,847,851,805,1057,997,582,768,1200,1084,1009,1000,0,0,712,0,783,0,0,432
805,857,851,805,1057,997,582,768,1200,1084,1009,1000,0,0,712,0,783,0,0,432
819,857,851,819,1061,998,0,1282,0,0,1011,1000,274,1185,0,790,790,0,0,0
819,857,851,819,1061,998,0,1282,0,0,1011,1000,274,1185,0,790,790,0,0,0
819,857,853,819,1151,998,1068,0,557,235,0,1000,1092,1213,0,0,0,0,0,957
819,857,853,819,1151,998,1068,0,557,235,0,1000,1092,1213,0,0,0,0,0,957
822,860,853,822,547,998,1101,772,0,235,0,1088,1092,0,0,0,837,694,794,0
822,860,853,822,547,998,1101,772,0,235,0,1088,1092,0,0,0,837,694,794,0
822,860,853,822,1317,998,1191,0,925,235,0,0,1092,1218,0,973,938,696,824,1047
822,860,854,822,1317,998,1191,0,925,235,0,0,1092,1218,0,973,938,696,824,1047
832,860,854,832,410,998,0,965,992,235,1088,0,1092,1232,868,1099,995,0,0,1195
832,872,854,832,410,998,0,965,992,235,1088,0,1092,1232,868,1099,995,0,0,1195
832,872,854,832,796,998,0,967,1119,235,1135,0,1092,0,0,1135,1123,0,0,1232
832,872,854,832,796,998,0,967,1119,235,1135,0,1092,0,0,1135,1123,0,0,1232
878,872,908,878,852,998,935,1270,1134,235,0,0,1092,1253,0,1192,1140,0,0,1266
878,872,908,878,852,998,935,1270,1134,235,0,0,1092,1253,0,1192,1140,0,0,1266
878,883,908,878,1225,998,995,0,1150,235,1268,0,1092,1282,1000,1266,1263,0,1007,0
878,883,908,878,1225,998,995,0,1150,235,1268,0,1092,1282,1000,1266,1263,0,1007,0
882,883,908,882,1070,1060,1070,294,1219,235,1318,0,1092,0,1000,0,0,0,1010,0
882,883,929,882,1070,1060,1070,294,1219,235,1318,0,1092,0,1000,0,0,0,1010,0
882,883,929,882,1182,1192,1166,0,0,0,0,0,0,0,1000,0,0,0,0,0
882,885,929,882,1182,1192,1166,0,0,0,0,0,0,0,1000,0,0,0,0,0
884,885,929,884,783,0,0,529,582,631,0,0,0,0,1000,0,0,0,1135,0
884,885,929,884,783,0,0,529,582,631,0,0,0,0,1000,0,0,0,1135,0
884,885,934,884,807,1044,1174,578,1276,1086,0,0,130,0,1000,497,0,852,1182,130
884,885,934,884,807,1044,1174,578,1276,1086,0,0,130,0,1000,497,0,852,1182,130
887,900,934,887,1183,1270,1178,615,0,0,673,0,130,0,1000,1276,666,0,1263,130
887,900,934,887,1183,1270,1178,615,0,0,673,0,130,0,1000,1276,666,0,1263,130
887,900,934,887,497,0,1234,694,1074,356,1091,0,130,694,1000,0,1129,868,0,130
887,900,949,887,497,0,1234,694,1074,356,1091,0,130,694,1000,0,1129,868,0,130
895,900,949,895,1197,823,0,696,1104,604,1117,0,130,725,1000,0,1149,873,0,130
895,904,949,895,1197,823,0,696,1104,604,1117,0,130,725,1000,0,1149,873,0,130
895,904,949,895,489,950,0,1285,1107,0,0,130,130,0,172,0,1270,886,0,130
895,904,949,895,489,950,0,1285,1107,0,0,130,130,0,172,0,1270,886,0,130
905,904,959,905,1245,1063,899,0,1110,633,1203,130,130,0,172,724,0,907,724,130
905,904,959,905,1245,1063,899,0,1110,633,1203,130,130,0,172,724,0,907,724,130
905,921,959,905,485,1308,0,1156,1114,0,1270,130,130,734,172,0,0,913,725,130
905,921,959,905,485,1308,0,1156,1114,0,1270,130,130,734,172,0,0,913,725,130
933,921,959,933,451,0,903,1298,1117,0,0,130,130,737,172,0,0,914,0,130
933,921,971,933,451,0,903,1298,1117,0,0,130,130,737,172,0,0,914,0,130
933,921,971,933,478,696,0,0,1123,1091,0,130,1096,1248,172,734,0,0,734,0
933,932,971,933,478,696,0,0,1123,1091,0,130,1096,1248,172,734,0,0,734,0
946,932,971,946,0,1131,0,794,0,0,0,130,1096,1254,172,0,130,0,0,0
946,932,971,946,0,1131,0,794,0,0,0,130,1096,1254,172,0,130,0,0,0
946,932,983,946,1299,1149,1079,0,1159,274,573,130,1096,1290,172,0,130,0,737,0
946,932,983,946,1299,1149,1079,0,1159,274,573,130,1096,1290,172,0,130,0,737,0
952,939,983,952,1268,0,0,1161,1248,0,0,130,1096,0,172,0,130,973,1265,0
952,939,983,952,1268,0,0,1161,1248,0,0,130,1096,0,172,0,130,973,1265,0
952,939,983,952,344,546,0,1312,0,1036,582,1092,1096,0,1067,768,130,1009,1308,451
952,939,1001,952,344,546,0,1312,0,1036,582,1092,1096,0,1067,768,130,1009,1308,451
962,939,1001,962,344,1156,0,0,1078,1093,0,1092,1096,0,1067,794,130,1023,1315,0
962,948,1001,962,344,1156,0,0,1078,1093,0,1092,1096,0,1067,794,130,1023,1315,0
962,948,1001,962,416,0,0,837,1078,0,615,1092,1096,0,1067,871,130,1083,0,455
962,948,1001,962,416,0,0,837,1078,0,615,1092,1096,0,1067,871,130,1083,0,455
970,948,1002,970,416,1071,0,0,1078,489,666,1092,1096,914,1067,980,130,1288,0,0
970,948,1002,970,416,1071,0,0,1078,489,666,1092,1096,914,1067,980,130,1288,0,0
970,966,1002,970,477,1071,0,0,1078,0,899,1092,868,964,1067,1107,130,1294,0,461
970,966,1002,970,477,1071,0,0,1078,0,899,1092,868,964,1067,1107,130,1294,0,461
985,966,1002,985,477,1071,852,638,1078,497,903,1092,899,1164,1067,1136,997,1298,827,1277
985,966,1015,985,477,1071,852,638,1078,497,903,1092,899,1164,1067,1136,997,1298,827,1277
985,966,1015,985,492,1071,907,0,1078,1317,979,1092,0,1195,1067,1200,1131,0,967,1304
985,982,1015,985,492,1071,907,0,1078,1317,979,1092,0,1195,1067,1200,1131,0,967,1304
994,982,1015,994,492,1071,984,649,1078,0,995,1092,0,1295,1067,1280,1156,0,0,0
994,982,1015,994,492,1071,984,649,1078,0,995,1092,0,1295,1067,1280,1156,0,0,0
994,982,1028,994,548,1071,0,1044,1078,560,1010,623,1078,0,1073,0,1282,0,1136,0
994,982,1028,994,548,1071,0,1044,1078,560,1010,623,1078,0,1073,0,1282,0,1136,0
1005,991,1028,1005,548,1071,0,1060,1097,1164,0,623,1078,0,1073,0,0,0,1194,0
1005,991,1028,1005,548,1071,0,1060,1097,1164,0,623,1078,0,1073,0,0,0,1194,0
1005,991,1028,1005,624,1071,1034,1072,1097,0,1047,623,1078,0,1073,0,0,0,1197,0
1005,991,1032,1005,624,1071,1034,1072,1097,0,1047,623,1078,0,1073,0,0,0,1197,0
1008,991,1032,1008,624,1092,1036,1103,1097,1096,1079,623,1078,0,1073,478,0,0,1285,0
1008,993,1032,1008,624,1092,1036,1103,1097,1096,1079,623,1078,0,1073,478,0,0,1285,0
1008,993,1032,1008,641,1092,0,1164,1097,1096,1093,623,1078,604,1073,0,0,0,0,866
1008,993,1032,1008,641,1092,0,1164,1097,1096,1093,623,1078,604,1073,0,0,0,0,866
1021,993,1035,1021,641,1092,1041,0,1097,1096,0,623,1078,0,1073,582,536,0,0,0
1021,993,1035,1021,641,1092,1041,0,1097,1096,0,623,1078,0,1073,582,536,0,0,0
1021,1013,1035,1021,664,1092,0,0,1097,1096,0,623,1078,0,1073,0,0,638,0,873
1021,1013,1035,1021,664,1092,0,0,1097,1096,0,623,1078,0,1073,0,0,638,0,873
1025,1013,1035,1025,664,1092,1047,1000,1097,1096,1276,623,1078,615,1073,1139,542,0,616,0
1025,1013,1039,1025,664,1092,1047,1000,1097,1096,1276,623,1078,615,1073,1139,542,0,616,0
1025,1013,1039,1025,678,1092,0,1000,1097,1096,0,0,0,623,224,0,546,0,0,892
1025,1019,1039,1025,678,1092,0,1000,1097,1096,0,0,0,623,224,0,546,0,0,892
1033,1019,1039,1033,678,1092,1067,1000,290,1096,0,0,0,623,224,1285,547,0,0,925
1033,1019,1039,1033,678,1092,1067,1000,290,1096,0,0,0,623,224,1285,547,0,0,925
1033,1019,1049,1033,684,1092,1067,1000,290,1096,0,0,0,623,224,0,1117,0,783,0
1033,1019,1049,1033,684,1092,1067,1000,344,1096,0,0,0,623,224,0,1117,0,783,0
1055,1037,1049,1055,684,280,1067,1000,344,280,667,0,0,623,224,0,1134,0,796,1007
1055,1037,1049,1055,684,280,1067,1000,344,280,667,0,0,623,224,0,1134,0,796,1007
1055,1037,1049,1055,698,280,1067,1000,359,280,1095,0,0,623,224,0,1173,652,828,1071
1055,1037,1052,1055,698,280,1067,1000,359,327,1095,0,0,623,224,0,1173,652,828,1071
1065,1037,1052,1065,698,361,1067,1000,359,327,1140,0,623,623,224,633,1292,977,938,1071
1065,1056,1052,1065,698,361,1067,1000,416,327,1140,0,623,623,224,633,1292,977,938,1071
1065,1056,1052,1065,707,361,1067,1000,416,361,0,0,623,623,224,0,0,1011,0,1071
1065,1056,1052,1065,707,361,1067,1000,416,361,0,0,623,623,224,0,0,1011,0,1071
1066,1056,1062,1066,707,442,1067,1073,427,361,1280,0,623,623,224,943,0,1074,1060,1071
1066,1056,1062,1066,707,442,1067,1073,427,442,1280,0,623,623,224,943,0,1074,1060,1071
1066,1077,1062,1066,761,442,1067,1073,427,442,0,1090,623,0,1078,986,0,1084,1072,1071
1066,1077,1062,1066,761,442,1067,1073,477,442,0,1090,623,0,1078,986,0,1084,1072,1071
1085,1077,1062,1085,761,447,1080,1073,477,447,0,1090,623,1169,1078,1110,0,1090,1074,1071
1085,1077,1069,1085,761,447,1080,1073,477,447,0,1090,623,1169,1078,1110,0,1090,1074,1071
1085,1077,1069,1085,782,447,1275,1073,492,447,0,1090,623,1275,1078,1145,578,1090,0,1071
1085,1081,1069,1085,782,447,1275,1073,492,495,0,1090,623,1275,1078,1145,578,1090,0,1071
1100,1081,1069,1100,782,495,0,1073,492,495,224,1090,623,1301,1078,0,0,1090,1080,1071
1100,1081,1069,1100,782,495,0,1073,535,495,224,1090,623,1301,1078,0,0,1090,1080,1071
1100,1081,1120,1100,786,495,0,1073,535,569,224,1090,623,0,1078,1295,605,1090,1084,578
1100,1081,1120,1100,786,495,0,1073,535,569,224,1090,623,0,1078,1295,605,1090,1084,578
1106,1116,1120,1106,786,562,623,1073,548,569,224,1090,913,0,1078,0,998,1090,1093,1258
1106,1116,1120,1106,839,562,623,1073,548,619,224,1090,913,0,1078,0,998,1090,1093,1258
1106,1116,1120,1106,839,562,623,1073,548,619,224,1090,0,0,1078,0,998,1090,1103,1290
1106,1116,1128,1106,839,562,623,1073,624,619,224,1090,0,0,1078,0,998,1090,1103,1290
1113,1116,1128,1113,847,569,623,1090,624,641,224,1090,986,0,1078,0,998,1090,1139,0
1113,1121,1128,1113,847,569,623,1090,624,641,224,1090,986,0,1078,0,998,1090,1139,0
1113,1121,1128,1113,847,569,623,1090,636,641,224,0,0,224,649,432,998,1090,1198,0
1113,1121,1128,1113,857,569,623,1090,636,645,224,0,0,224,649,432,998,1090,1198,0
1115,1121,1143,1115,857,617,623,1090,636,645,224,235,0,224,0,1315,998,0,1292,0
1115,1121,1143,1115,857,617,623,1090,651,645,224,235,0,224,0,1315,998,0,1292,0
1115,1125,1143,1115,872,617,623,1090,651,684,224,235,0,224,673,0,998,0,0,0
1115,1125,1143,1115,872,617,623,1090,651,684,224,235,0,224,673,0,998,0,0,0
1118,1125,1143,1118,872,619,623,1090,664,684,0,235,0,224,680,0,998,0,0,1011
1118,1125,1152,1118,883,619,623,1090,664,704,0,235,0,224,680,0,998,0,0,1011
1118,1125,1152,1118,883,619,623,1090,664,704,0,235,0,224,0,0,998,235,0,1073
1118,1132,1152,1118,883,619,623,1090,691,704,0,235,0,224,0,0,998,235,0,1073
1124,1132,1152,1124,885,645,1094,1090,691,730,907,235,0,224,0,604,235,235,224,1073
1124,1132,1152,1124,885,645,1094,1090,691,730,907,235,0,224,0,604,235,235,224,1073
1124,1132,1155,1124,885,645,1094,1090,743,730,913,235,0,224,0,631,235,235,224,1073
1124,1132,1155,1124,904,704,1094,1090,743,757,913,235,0,224,0,631,235,235,224,1073
1126,1142,1155,1126,904,704,1094,282,743,757,914,235,0,224,0,791,235,235,224,1073
1126,1142,1155,1126,904,704,1094,282,761,757,914,235,0,224,0,791,235,235,224,1073
1126,1142,1155,1126,932,740,1094,282,761,784,0,235,0,0,0,0,235,235,224,1073
1126,1142,1181,1126,932,740,1094,317,761,784,0,235,0,0,0,0,235,235,224,1073
1127,1142,1181,1127,932,740,1094,317,770,784,916,1096,0,0,979,886,235,235,224,1073
1127,1154,1181,1127,939,757,1094,317,770,786,916,1096,0,0,979,886,235,235,224,1073
1127,1154,1181,1127,939,757,1094,329,770,786,0,1096,0,0,0,0,235,235,224,1073
1127,1154,1181,1127,939,757,1094,329,782,786,0,1096,0,0,0,0,235,235,224,1073
1130,1154,1189,1130,948,775,1094,329,782,820,930,1096,0,294,1094,1111,235,235,224,1073
1130,1154,1189,1130,948,775,1094,387,782,820,930,1096,0,294,1094,1111,235,235,224,1073
1130,1167,1189,1130,948,775,1094,387,819,820,0,1096,0,304,1094,0,235,0,224,0
1130,1167,1189,1130,966,784,1094,387,819,853,0,1096,0,304,1094,0,235,0,224,0
1146,1167,1189,1146,966,784,1105,420,819,853,0,1096,824,0,1094,1166,356,899,0,0
1146,1167,1193,1146,966,784,1105,420,822,853,0,1096,824,0,1094,1166,356,899,0,0
1146,1167,1193,1146,982,820,1105,420,822,860,967,1096,827,0,1094,1174,560,0,0,0
1146,1177,1193,1146,982,820,1105,446,822,860,967,1096,827,0,1094,1174,560,0,0,0
1148,1177,1193,1148,982,820,1105,446,839,860,986,1096,828,0,1094,1217,0,0,0,0
1148,1177,1193,1148,991,853,1105,446,839,872,986,1096,828,0,1094,1217,0,0,0,0
1148,1177,1196,1148,991,853,1105,448,839,872,0,1096,0,235,1094,1298,0,903,536,772
1148,1177,1196,1148,991,853,1105,448,847,872,0,1096,0,235,1094,1298,0,903,536,772
1153,1184,1196,1153,993,860,1105,448,847,878,1012,1097,833,235,1094,0,575,0,0,922
1153,1184,1196,1153,993,860,1105,533,847,878,1012,1097,833,235,1094,0,575,0,0,922
1153,1184,1196,1153,993,860,1105,533,857,878,1023,1097,0,235,1094,0,1318,916,542,930
1153,1184,1201,1153,1037,921,1105,533,857,921,1023,1097,0,235,1094,0,1318,916,542,930
1157,1184,1201,1157,1037,921,1105,538,857,921,1063,1097,881,235,1096,0,0,922,546,1009
1157,1188,1201,1157,1037,921,1105,538,882,921,1063,1097,881,235,1096,0,0,922,546,1009
1157,1188,1201,1157,1056,929,1105,538,882,929,0,1097,0,235,1096,0,0,0,547,1016
1157,1188,1201,1157,1056,929,1105,662,882,929,0,1097,0,235,1096,0,0,0,547,1016
1158,1188,1222,1158,1056,929,111,662,883,929,1099,1097,919,235,1096,694,0,987,0,0
1158,1188,1222,1158,1077,934,111,662,883,932,1099,1097,919,235,1096,694,0,987,0,0
1158,1190,1222,1158,1077,934,111,720,883,932,1149,1097,1000,235,1096,0,0,1016,0,1057
1158,1190,1222,1158,1077,934,111,720,884,932,1149,1097,1000,235,1096,0,0,1016,0,1057
1162,1190,1222,1162,1081,959,159,720,884,934,1209,1097,1000,235,1096,712,680,0,866,1059
1162,1190,1226,1162,1081,959,159,732,884,934,1209,1097,1000,235,1096,712,680,0,866,1059
1162,1190,1226,1162,1081,959,159,732,885,934,1290,1097,1000,1057,1096,0,0,1034,0,1060
1162,1199,1226,1162,1116,971,159,732,885,983,1290,1097,1000,1057,1096,0,0,1034,0,1060
1168,1199,1226,1168,1116,971,321,735,885,983,0,1105,1000,1059,1096,0,0,1036,943,1061
1168,1199,1226,1168,1116,971,321,735,895,983,0,1105,1000,1059,1096,0,0,1036,943,1061
1168,1199,1227,1168,1121,983,321,735,895,1005,0,1105,1000,0,1096,945,0,0,0,0
1168,1199,1227,1168,1121,983,321,750,895,1005,0,1105,1000,0,1096,945,0,0,0,0
1176,1204,1227,1176,1121,983,418,750,904,1005,0,1105,1000,1067,1097,1104,0,1041,0,1067
1176,1204,1227,1176,1125,1002,418,750,904,1008,0,1105,1000,1067,1097,1104,0,1041,0,1067
1176,1204,1227,1176,1125,1002,418,753,904,1008,304,1105,1000,1067,1097,1114,943,0,1086,1067
1176,1204,1228,1176,1125,1002,418,753,939,1008,304,1105,1000,1067,1097,1114,943,0,1086,1067
1179,1204,1228,1179,1132,1013,460,753,939,1028,997,1105,1000,1067,1097,1151,1000,1044,1095,1067
1179,1207,1228,1179,1132,1013,460,763,939,1028,997,1105,1000,1067,1097,1151,1000,1044,1095,1067
1179,1207,1228,1179,1132,1013,460,763,948,1028,0,1105,0,1067,1097,1225,1000,1068,1104,1067
1179,1207,1228,1179,1142,1019,490,763,948,1035,0,1105,0,1067,1097,1225,1000,1068,1104,1067
1187,1207,1229,1187,1142,1019,490,805,948,1035,1007,1105,1034,1067,1097,1310,1000,1079,0,1067
1187,1207,1229,1187,1142,1019,490,805,982,1035,1007,1105,1034,1067,1097,1310,1000,1079,0,1067
1187,1212,1229,1187,1154,1028,493,805,982,1049,1016,1105,1036,1067,1097,0,1000,1087,1209,1067
1187,1212,1229,1187,1154,1028,493,832,982,1049,1016,1105,1036,1067,1097,0,1000,1087,1209,1067
1214,1212,1229,1214,1154,1028,493,832,991,1049,1059,0,1041,1067,1097,0,1000,1092,1295,1067
1214,1212,1238,1214,1167,1035,584,832,991,1052,1059,0,1041,1067,1097,0,1000,1092,1295,1067
1214,1212,1238,1214,1167,1035,584,887,991,1052,1068,0,1063,1067,1097,0,1000,1092,0,1067
1214,1220,1238,1214,1167,1035,584,887,993,1052,1068,0,1063,1067,1097,0,1000,1092,0,1067
1215,1220,1238,1215,1177,1039,590,887,993,1056,1083,0,1067,1073,0,485,1000,1092,0,1310
1215,1220,1238,1215,1177,1039,590,933,993,1056,1083,0,1067,1073,0,485,1000,1092,0,1310
1215,1220,1239,1215,1177,1039,590,933,994,1056,1101,0,1067,1073,0,1119,1000,1092,0,0
1215,1220,1239,1215,1184,1049,654,933,994,1100,1101,0,1067,1073,0,1119,1000,1092,0,0
1230,1221,1239,1230,1184,1049,654,952,994,1100,1151,0,1067,1073,0,1159,1111,1092,529,0
1230,1221,1239,1230,1184,1049,654,952,1037,1100,1151,0,1067,1073,0,1159,1111,1092,529,0
1230,1221,1239,1230,1188,1052,719,952,1037,1115,1213,0,1067,1073,0,1234,1135,1092,696,0
1230,1221,1257,1230,1188,1052,719,962,1037,1115,1213,0,1067,1073,0,1234,1135,1092,696,0
1235,1221,1257,1235,1188,1052,719,962,1066,1115,1292,0,1067,1073,0,1317,1180,1092,712,0
1235,1223,1257,1235,1190,1120,0,962,1066,1116,1292,0,1067,1073,0,1317,1180,1092,712,0
1235,1223,1257,1235,1190,1120,0,970,1066,1116,0,0,1067,1073,1092,0,1298,1092,0,0
1235,1223,1257,1235,1190,1120,0,970,1121,1116,0,0,1067,1073,1092,0,1298,1092,0,0
1241,1223,1260,1241,1199,1128,845,970,1121,1118,0,0,1067,1073,1092,0,0,0,0,0
1241,1223,1260,1241,1199,1128,845,985,1121,1118,0,0,1067,1073,1092,0,0,0,0,0
1241,1224,1260,1241,1199,1128,845,985,1146,1118,0,0,1067,1073,1092,0,0,0,768,0
1241,1224,1260,1241,1204,1143,851,985,1146,1125,0,0,1067,1073,1092,0,0,0,768,0
1244,1224,1260,1244,1204,1143,851,1021,1146,1125,557,1094,1105,1134,1092,489,0,0,0,529
1244,1224,1262,1244,1204,1143,851,1021,1154,1125,557,1094,1105,1134,1092,489,0,0,0,529
1244,1224,1262,1244,1207,1152,854,1021,1154,1142,0,1094,1105,1136,1092,1164,0,294,0,1294
1244,1231,1262,1244,1207,1152,854,1055,1154,1142,0,1094,1105,1136,1092,1164,0,294,0,1294
1251,1231,1262,1251,1207,1152,854,1055,1157,1142,560,1094,1105,1139,1092,1242,557,1311,852,0
1251,1231,1262,1251,1212,1155,900,1055,1157,1152,560,1094,1105,1139,1092,1242,557,1311,852,0
1251,1231,1267,1251,1212,1155,900,1127,1157,1152,0,1094,1105,1145,1092,0,0,0,979,0
1251,1231,1267,1251,1212,1155,900,1127,1176,1152,0,1094,1105,1145,1092,0,0,0,979,0
1261,1236,1267,1261,1220,1181,908,1127,1176,1155,575,1094,1105,0,1092,0,0,0,1107,0
1261,1236,1267,1261,1220,1181,908,1130,1176,1155,575,1094,1105,0,1092,0,0,0,1107,0
1261,1236,1267,1261,1220,1181,908,1130,1184,1155,0,1094,1105,1150,1105,0,573,0,1150,0
1261,1236,1271,1261,1221,1189,949,1130,1184,1177,0,1094,1105,1150,1105,0,573,0,1150,0
1264,1236,1271,1264,1221,1189,949,1148,1184,1177,597,1094,1105,1174,1105,0,0,0,1217,631
1264,1246,1271,1264,1221,1189,949,1148,1188,1177,597,1094,1105,1174,1105,0,0,0,1217,631
1264,1246,1271,1264,1223,1193,1001,1148,1188,1181,633,1094,1105,1318,1105,1071,0,0,1299,649
1264,1246,1271,1264,1223,1193,1001,1153,1188,1181,633,1094,1105,1318,1105,1071,0,0,1299,649
1269,1246,1281,1269,1223,1193,1001,1153,1215,1181,1086,654,0,0,1105,1071,597,0,1317,1023
1269,1246,1281,1269,1224,1196,1015,1153,1215,1187,1086,654,0,0,1105,1071,597,0,1317,1023
1269,1249,1281,1269,1224,1196,1015,1158,1215,1187,0,654,1097,0,1105,1071,947,0,0,1186
1269,1249,1281,1269,1224,1196,1015,1158,1220,1187,0,698,1097,0,1105,1071,947,0,0,1186
1272,1249,1281,1272,1231,1222,1032,1158,1220,1190,1161,698,1097,0,1105,1071,0,0,0,1197
1272,1249,1289,1272,1231,1222,1032,1162,1220,1190,1161,698,1097,0,1105,1071,0,0,0,1197
1272,1249,1289,1272,1231,1222,1032,1162,1221,1190,0,708,1097,0,1105,1071,0,1097,0,1234
1273,1250,1289,1273,1236,1229,1062,1162,1221,1196,0,708,1097,0,1105,1071,0,1097,0,1234
1273,1250,1289,1273,1236,1229,1062,1168,1221,1196,0,708,1097,0,1105,1071,0,1097,1156,1299
1273,1250,1289,1273,1236,1229,1062,1168,1223,1196,0,971,1097,0,1105,1071,0,1097,1156,1299
1274,1250,1302,1274,1246,1238,1069,1168,1223,1199,0,971,1097,1090,111,1071,0,1097,1219,0
1274,1250,1302,1274,1246,1238,1069,1179,1223,1199,0,971,1097,1090,111,1071,0,1097,1219,0
1274,1255,1302,1274,1246,1238,1069,1179,1224,1199,0,1019,1097,1090,111,1071,0,1097,1304,0
1283,1255,1302,1283,1249,1239,1201,1179,1224,1212,0,1019,1097,1090,159,1071,0,1097,1304,0
1283,1255,1302,1283,1249,1239,1201,1235,1224,1212,0,1019,1097,1090,159,1078,0,1097,0,0
1283,1255,1305,1283,1249,1239,1201,1235,1231,1212,0,1062,1097,1090,159,1078,0,1097,0,0
1284,1278,1305,1284,1250,1260,1226,1235,1231,1229,111,1062,1097,1090,418,1078,0,1097,0,0
1284,1278,1305,1284,1250,1260,1226,1241,1231,1229,111,1062,1097,1090,418,1078,0,1097,0,0
1284,1278,1305,1284,1250,1260,1226,1241,1236,1229,111,1193,493,1090,584,1078,0,1097,0,1078
1287,1278,1305,1287,1255,1262,1227,1241,1236,1238,1124,1193,493,1090,584,1078,0,1097,0,1078
1287,1279,1313,1287,1255,1262,1227,1244,1246,1238,1124,1193,493,1090,775,1078,966,1097,623,1078
1287,1279,1313,1287,1255,1262,1227,1244,1246,1238,1124,1226,590,1090,775,1078,966,1097,623,1078
1293,1279,1313,1293,1278,1267,1228,1244,1249,1239,1128,1226,590,1090,0,1078,966,949,623,1078
1293,1279,1313,1293,1278,1267,1228,1261,1249,1239,1128,1226,590,1090,0,1078,1001,949,623,1078
1293,1286,1313,1293,1278,1267,1228,1261,1269,1255,1128,1228,617,1090,851,1078,1001,949,623,1078
1300,1286,1316,1300,1279,1271,1257,1261,1269,1255,1201,1228,617,1090,851,1078,1001,1081,623,1078
1300,1286,1316,1300,1279,1271,1257,1264,1278,1262,1201,1228,617,490,900,1078,1002,1081,623,1078
1300,1286,1316,1300,1279,1271,1257,1264,1278,1262,1201,1250,740,490,900,1078,1002,1081,623,1078
1303,1291,1316,1303,1286,1289,1281,1272,1279,1271,1204,1250,740,562,905,1078,1002,1126,623,1078
1303,1291,1316,1303,1286,1289,1281,1272,1279,1271,1204,1250,740,562,905,1078,1106,1126,623,1078
1303,1291,1319,1303,1286,1289,1281,1273,1283,1286,1204,1257,1120,678,959,321,1106,1126,623,1078
1309,1291,1319,1309,1291,1313,1302,1273,1283,1286,1207,1257,1120,678,959,321,1106,1143,623,1078
1309,1296,1319,1309,1291,1313,1302,1274,1291,1289,1207,1267,1120,719,1013,707,1167,1143,623,1078
1309,1296,1319,1309,1291,1313,1302,1274,1291,1289,1207,1267,1251,719,1013,707,1167,1143,623,1078
1314,1296,1319,1314,1296,1319,1305,1287,1293,1313,1214,1302,1251,854,1015,1032,1189,1222,623,460
1314,1296,1321,1314,1296,1319,1305,1287,1293,1313,1214,1302,1251,854,1015,1032,1189,1222,623,460
1314,1306,1321,1314,1296,1319,1305,1300,1296,1314,1227,1305,1260,908,1025,1033,1230,1284,1113,845
1320,1306,1321,1320,1306,1321,1316,1300,1296,1314,1227,1305,1260,908,1025,1033,1230,1284,1113,845
1320,1306,1321,1320,1306,1321,1316,1303,1306,1321,1281,1316,1309,946,1085,1039,1320,1319,1132,1069
1320,1306,1321,1320,1306,1321,1316,1303,1306,1321,1281,1316,1309,946,1085,1065,1320,1319,1132,1077