120,418,106,120,1429,630,1327,1302,106,230,1229,120,106,1229,0,744,1302,1327,1173,0
120,418,106,120,1429,630,1327,1302,106,230,1229,120,106,1229,0,744,1302,1327,1173,0
120,418,106,120,806,1402,1389,1325,106,230,1229,120,106,1229,0,1140,1325,1389,798,0
120,418,106,120,806,1402,1389,1325,106,230,1229,120,106,1229,0,1140,1325,1389,798,0
230,418,106,230,1327,0,806,797,148,230,1229,120,148,1229,0,1143,470,806,1151,0
230,418,106,230,1327,0,806,797,148,230,1229,120,148,1229,0,1143,470,806,1151,0
230,477,148,230,1415,1216,63,838,148,247,1229,407,148,1229,0,1167,838,63,925,0
230,477,148,230,1415,1216,63,838,148,247,1229,407,148,1229,0,1167,838,63,925,0
247,477,148,247,1307,0,1274,858,244,247,1229,407,244,1229,0,1065,858,1274,1219,0
247,477,148,247,1307,0,1274,858,244,247,1229,407,244,1229,0,1065,858,1274,1219,0
247,477,148,247,1274,920,1007,402,244,247,1229,407,244,1229,0,1429,402,1007,1066,0
247,477,148,247,1274,920,1007,402,244,247,1229,407,244,1229,0,1429,402,1007,1066,0
331,537,244,331,63,921,241,1142,350,331,1229,418,350,1229,0,1152,1142,241,939,0
331,537,244,331,63,921,241,1142,350,331,1229,418,350,1229,0,1152,1142,241,939,0
331,537,244,331,1049,939,1268,1110,350,331,1229,418,350,1229,0,1431,1110,1268,958,0
331,537,244,331,1049,939,1268,1110,350,331,1229,418,350,1229,0,1431,1110,1268,958,0
483,537,244,483,1416,958,981,875,376,331,0,418,376,1045,0,682,875,981,1154,0
483,537,244,483,1416,958,981,875,376,331,0,418,376,1045,0,682,875,981,1154,0
483,555,350,483,402,1008,1167,1129,376,483,0,532,376,1045,0,1006,1129,1167,1316,0
483,555,350,483,402,1008,1167,1129,376,483,0,532,376,1045,0,1006,1129,1167,1316,0
487,555,350,487,1007,1058,177,1207,387,483,0,532,387,1045,0,1007,1207,177,920,0
487,555,350,487,1007,1058,177,1207,387,483,0,532,387,1045,0,1007,1207,177,920,0
487,555,350,487,655,1168,1406,1160,387,483,0,532,387,1045,0,1288,1160,1406,921,0
487,555,350,487,655,1168,1406,1160,387,483,0,532,387,1114,0,1288,1160,1406,921,0
489,584,376,489,1142,0,470,1252,452,487,0,557,452,1114,0,1327,797,1124,1404,0
489,584,376,489,1142,0,470,1252,452,487,0,557,452,1114,0,1327,797,1124,1404,0
489,584,376,489,1268,867,1239,753,452,487,0,557,452,1114,0,1166,753,1239,1028,0
489,584,376,489,1268,867,1239,753,452,487,0,557,452,1114,0,1166,753,1239,1028,0
506,584,376,506,1288,1018,1006,1412,477,487,0,557,477,1114,0,1357,1412,1006,1265,0
506,584,376,506,1288,1018,1006,1412,477,487,0,557,477,1114,0,1357,1412,1006,1265,0
506,677,387,506,753,1066,825,1258,477,489,0,575,477,1432,0,1335,1258,825,1412,0
506,677,387,506,753,1066,825,1258,477,489,0,575,477,1432,0,1335,1258,825,1412,0
532,677,387,532,875,1219,1128,389,537,489,536,575,537,536,0,1235,389,1128,1033,0
532,677,387,532,875,1219,1128,389,537,489,536,575,537,536,0,1235,389,1128,1033,0
532,677,387,532,1185,0,1416,1168,537,489,536,575,537,536,0,1239,1168,1416,1058,0
532,677,387,532,1185,0,1416,1168,537,489,536,575,537,536,0,1239,1168,1416,1058,0
545,716,407,545,1209,536,1366,907,555,506,536,586,555,536,0,1240,907,1366,1168,0
545,716,407,545,1209,536,1366,907,555,506,536,586,555,536,0,1240,907,1366,1168,0
545,716,407,545,177,536,1124,1033,555,506,536,586,555,536,0,1242,1252,997,389,0
545,716,407,545,177,536,1124,1033,555,506,536,586,555,536,0,1242,1252,997,389,0
557,716,407,557,241,536,1313,715,559,506,536,586,559,536,0,1397,715,1313,402,0
557,716,407,557,241,536,1313,715,559,506,536,586,559,536,0,1397,715,1313,402,0
557,769,452,557,1406,536,685,765,559,545,536,623,559,536,0,1291,765,685,1129,0
557,769,452,557,1406,536,685,765,559,545,536,623,559,536,0,1291,765,685,1129,0
564,769,452,564,1313,536,1356,1105,584,545,536,623,584,536,0,1186,1105,1356,1359,0
564,769,452,564,1313,536,1356,1105,584,545,536,623,584,536,0,1186,1105,1356,1359,0
564,769,452,564,470,536,1335,424,584,545,536,623,584,536,0,1347,424,1335,692,0
564,769,452,564,470,536,1335,424,584,545,536,623,584,536,0,1347,424,1335,692,0
575,815,559,575,1105,536,1209,317,624,564,1351,673,624,1351,0,818,317,1209,1422,0
575,815,559,575,1105,536,1209,317,624,564,1351,673,624,1351,0,818,317,1209,1422,0
575,815,559,575,647,536,647,1376,624,564,1351,673,624,1351,0,1294,1376,647,707,0
575,815,559,575,647,536,647,1376,624,564,1351,673,624,1351,0,1294,1376,647,707,0
586,815,559,586,1356,0,1184,958,634,564,1351,673,634,1351,0,1131,958,1184,715,0
586,815,559,586,1356,0,1184,958,634,564,1351,673,634,1351,0,1131,958,1184,715,0
586,823,624,586,1006,1376,1429,867,634,598,1351,701,634,1351,0,1187,867,1429,858,0
586,823,624,586,1006,1376,1429,867,634,598,1351,701,634,1351,0,1187,867,1429,858,0
598,823,624,598,984,1381,1065,1402,677,598,1351,701,677,1351,0,997,1402,1065,1178,0
598,823,624,598,984,1381,1065,1402,677,598,1351,701,677,1351,0,997,1402,1065,1178,0
598,823,624,598,1366,1386,761,630,677,598,1351,701,677,1351,0,1210,1033,761,804,0
598,823,624,598,1366,1386,761,630,677,598,1351,701,677,1351,0,1210,1033,761,804,0
623,830,634,623,825,0,343,1049,716,639,1351,712,716,1351,0,1192,1049,343,650,0
623,830,634,623,825,0,343,1049,716,639,1351,712,716,1351,0,1192,1049,343,650,0
623,830,634,623,1239,1392,1431,1106,716,639,1351,712,716,1351,0,1128,630,1431,820,0
623,830,634,623,1239,1392,1431,1106,716,639,1351,712,716,1351,0,1128,630,1431,820,0
639,830,634,639,389,1400,373,1338,748,639,0,712,748,1120,0,1153,1338,373,1148,0
639,830,634,639,389,1400,373,1338,748,639,0,712,748,1120,0,1153,1338,373,1148,0
639,866,748,639,1128,1404,728,1224,748,686,0,734,748,1120,0,1415,1106,728,1417,0
639,866,748,639,1128,1404,728,1224,748,686,0,734,748,1120,0,1415,1106,728,1417,0
673,866,748,673,1328,0,1280,1386,769,686,0,734,769,1120,0,1437,1386,1280,1407,0
673,866,748,673,1328,0,1280,1386,769,686,0,734,769,1120,0,1437,1386,1280,1407,0
673,866,748,673,1347,1177,1347,1173,769,686,0,734,769,1120,0,647,1173,1347,1436,0
673,866,748,673,1347,1177,1347,1173,769,686,0,734,769,1182,0,647,1173,1347,1436,0
686,882,775,686,1253,0,997,1422,775,714,0,738,775,1182,0,1366,1224,1253,694,0
686,882,775,686,1253,0,997,1422,775,714,0,738,775,1182,0,1366,1224,1253,694,0
686,882,775,686,685,994,1253,1058,775,714,0,738,775,1182,0,1213,1422,1131,868,0
686,882,775,686,685,994,1253,1058,775,714,0,738,775,1182,0,1213,1422,1131,868,0
701,882,775,701,1124,1028,1131,1018,815,714,0,738,815,1182,0,655,1058,1235,1428,0
701,882,775,701,1124,1028,1131,1018,815,714,0,738,815,1182,0,655,1058,1235,1428,0
701,934,878,701,1131,1178,1235,1148,815,739,0,812,815,1182,0,1276,1018,1199,896,0
701,934,878,701,1131,1178,1235,1148,815,739,0,812,815,1182,0,1276,1018,1199,896,0
712,934,878,712,1235,1412,1199,1028,823,739,718,812,823,718,0,1307,1148,1368,1142,0
712,934,878,712,1235,1412,1199,1028,823,739,718,812,823,718,0,1307,1148,1368,1142,0
712,934,878,712,1199,0,1368,1077,823,739,718,812,823,718,0,696,1028,731,1333,0
712,934,878,712,1199,0,1368,1077,823,739,718,812,823,718,0,696,1028,731,1333,0
714,945,931,714,1186,804,731,1178,830,749,718,922,830,718,0,833,1077,984,765,0
714,945,931,714,1186,804,731,1178,830,749,718,922,830,718,0,833,1077,984,765,0
714,945,931,714,761,838,984,1387,830,749,718,922,830,718,0,1310,1178,1342,867,0
714,945,931,714,761,838,984,1387,830,749,718,922,830,718,0,1310,1178,1342,867,0
734,945,931,734,1167,0,1342,1286,866,749,718,922,866,718,0,1342,1387,1143,1160,0
734,945,931,734,1167,0,1342,1286,866,749,718,922,866,718,0,1342,1387,1143,1160,0
734,948,944,734,1129,846,1143,820,866,774,718,946,866,718,0,1368,1286,737,1224,0
734,948,944,734,1129,846,1143,820,866,774,718,946,866,718,0,1368,1286,737,1224,0
738,948,944,738,1280,846,737,1225,878,774,718,946,878,718,0,63,820,843,1225,0
738,948,944,738,1280,846,737,1225,878,774,718,946,878,718,0,63,820,843,1225,0
738,948,944,738,424,846,843,606,878,774,718,946,878,718,0,373,1225,1210,1334,0
738,948,944,738,424,846,843,606,878,774,718,946,878,718,0,373,1225,1210,1334,0
739,954,976,739,1397,846,1210,707,882,819,846,967,882,846,0,1246,606,1310,1243,0
739,954,976,739,1397,846,1210,707,882,819,846,967,882,846,0,1246,606,1310,1243,0
739,954,976,739,317,846,1310,1424,882,819,846,967,882,846,0,1280,707,682,1252,0
739,954,976,739,317,846,1310,1424,882,819,846,967,882,846,0,1280,707,682,1252,0
749,954,976,749,1240,846,682,616,931,819,846,967,931,846,0,1313,1424,1147,1257,0
749,954,976,749,1240,846,682,616,931,819,846,967,931,846,0,1313,1424,1147,1257,0
749,969,978,749,798,846,1147,1263,931,937,846,1000,931,846,0,1389,616,1130,1258,0
749,969,978,749,798,846,1147,1263,931,937,846,1000,931,846,0,1389,616,1130,1258,0
774,969,978,774,957,846,1130,650,934,937,846,1000,934,846,0,1130,1263,655,1338,0
774,969,978,774,957,846,1130,650,934,937,846,1000,934,846,0,1130,1263,655,1338,0
774,969,978,774,818,868,655,706,934,937,846,1000,934,846,0,1315,650,1276,1272,0
774,969,978,774,818,868,655,706,934,937,846,1000,934,846,0,1315,650,1276,1272,0
812,987,1024,812,1003,0,1276,1436,944,952,846,1004,944,846,0,1003,706,916,1341,0
812,987,1024,812,1003,0,1276,1436,944,952,846,1004,944,846,0,1003,706,916,1341,0
812,987,1024,812,1310,925,916,1066,944,952,846,1004,944,846,0,1319,1436,1005,855,0
812,987,1024,812,1310,925,916,1066,944,952,846,1004,944,846,0,1319,1436,1005,855,0
819,987,1024,819,1065,0,1005,692,945,952,0,1004,945,1223,0,766,1066,1134,994,0
819,987,1024,819,1065,0,1005,692,945,952,0,1004,945,1223,0,766,1066,1134,994,0
819,998,1045,819,1334,1272,1134,694,945,982,0,1012,945,1223,0,841,692,696,1328,0
819,998,1045,819,1334,1272,1134,694,945,982,0,1012,945,1223,0,841,692,696,1328,0
922,998,1045,922,1176,1422,696,925,948,982,0,1012,948,1223,0,536,694,698,1344,0
922,998,1045,922,1176,1422,696,925,948,982,0,1012,948,1223,0,536,694,698,1344,0
922,998,1045,922,728,0,698,868,948,982,0,1012,948,1223,0,536,925,744,1302,0
922,998,1045,922,728,0,698,868,948,982,0,1012,948,1226,0,536,925,744,1302,0
937,999,1048,937,343,1282,744,994,954,996,0,1015,954,1226,0,536,868,1176,1387,0
937,999,1048,937,343,1282,744,994,954,996,0,1015,954,1226,0,536,868,1176,1387,0
937,999,1048,937,1173,0,1176,759,954,996,0,1015,954,1226,0,536,994,818,865,0
937,999,1048,937,1173,0,1176,759,954,996,0,1015,954,1226,0,536,994,818,865,0
946,999,1048,946,1428,1224,818,896,969,996,0,1015,969,1226,0,536,759,766,582,0
946,999,1048,946,1428,1224,818,896,969,996,0,1015,969,1226,0,536,759,766,582,0
946,1017,1072,946,715,1225,766,1177,969,1009,0,1029,969,1227,0,536,896,1240,582,0
946,1017,1072,946,715,1225,766,1177,969,1009,0,1029,969,1227,0,536,896,1240,582,0
952,1017,1072,952,373,1333,1240,794,976,1009,0,1029,976,1227,0,536,1177,1397,582,0
952,1017,1072,952,373,1333,1240,794,976,1009,0,1029,976,1227,0,536,1177,1397,582,0
952,1017,1072,952,1341,0,1397,798,976,1009,0,1029,976,1227,0,536,794,1140,582,0
952,1017,1072,952,1341,0,1397,798,976,1009,0,1029,976,1227,0,536,794,1140,582,0
967,1027,1090,967,682,650,1140,1404,978,1021,0,1075,978,1227,0,853,798,1185,582,0
967,1027,1090,967,682,650,1140,1404,978,1021,0,1075,978,1231,0,853,798,1185,582,0
967,1027,1090,967,1106,1160,1185,804,978,1021,0,1075,978,1231,0,1269,1404,1153,582,0
967,1027,1090,967,1106,1160,1185,804,978,1021,0,1075,978,1231,0,1269,1404,1153,582,0
982,1027,1090,982,1335,1286,1153,1407,987,1021,0,1075,987,1231,0,1439,804,833,582,0
982,1027,1090,982,1335,1286,1153,1407,987,1021,0,1075,987,1231,0,1439,804,833,582,0
982,1038,1100,982,1387,0,833,1219,987,1041,0,1080,987,1231,0,957,1407,1378,582,0
982,1038,1100,982,1387,0,833,1219,987,1041,0,1080,987,1231,0,957,1407,1378,582,0
996,1038,1100,996,1357,1033,1378,1326,998,1041,0,1080,998,1425,0,1176,1219,841,1434,0
996,1038,1100,996,1357,1033,1378,1326,998,1041,0,1080,998,1425,0,1176,1219,841,1434,0
996,1038,1100,996,1130,1162,841,1381,998,1041,0,1080,998,1425,0,1396,1326,1150,536,0
996,1038,1100,996,1130,1162,841,1381,998,1041,0,1080,998,1425,0,1396,1326,1150,536,0
1000,1043,1102,1000,1276,1289,1150,855,999,1045,582,1086,999,582,0,964,1381,853,536,0
1000,1043,1102,1000,1276,1289,1150,855,999,1045,582,1086,999,582,0,964,1381,853,536,0
1000,1043,1102,1000,765,0,853,921,999,1045,582,1086,999,582,0,1406,855,1196,536,0
1000,1043,1102,1000,765,0,853,921,999,1045,582,1086,999,582,0,1406,855,1196,536,0
1004,1043,1102,1004,698,582,1196,865,1017,1045,582,1086,1017,582,0,1005,921,1213,536,0
1004,1043,1102,1004,698,582,1196,865,1017,1045,582,1086,1017,582,0,1005,921,1213,536,0
1004,1054,1103,1004,916,582,1213,1162,1017,1064,582,1107,1017,582,0,1196,865,871,536,0
1004,1054,1103,1004,916,582,1213,1162,1017,1064,582,1107,1017,582,0,1196,865,871,536,0
1009,1054,1103,1009,1242,582,871,1328,1024,1064,582,1107,1024,582,0,1199,1162,1242,536,0
1009,1054,1103,1009,1242,582,871,1328,1024,1064,582,1107,1024,582,0,1199,1162,1242,536,0
1009,1054,1103,1009,858,582,1242,1333,1024,1064,582,1107,1024,582,0,0,1328,957,536,0
1009,1054,1103,1009,858,582,1242,1333,1024,1064,582,1107,1024,582,0,0,1328,957,536,0
1012,1055,1114,1012,1281,582,957,920,1027,1081,582,1112,1027,582,0,698,1333,964,536,0
1012,1055,1114,1012,1281,582,957,920,1027,1081,582,1112,1027,582,0,698,1333,964,536,0
1012,1055,1114,1012,731,582,964,939,1027,1081,582,1112,1027,582,0,0,920,1003,630,0
1012,1055,1114,1012,731,582,964,939,1027,1081,582,1112,1027,582,0,0,920,1003,630,0
1015,1055,1114,1015,1368,582,1003,1008,1038,1081,0,1112,1038,1244,0,343,939,1281,1162,0
1015,1055,1114,1015,1368,582,1003,1008,1038,1081,0,1112,1038,1244,0,343,939,1281,1162,0
1015,1087,1116,1015,1005,582,1281,1257,1038,1091,0,1123,1038,1244,0,871,1008,1269,1392,0
1015,1087,1116,1015,1005,582,1281,1257,1038,1091,0,1123,1038,1244,0,871,1008,1269,1392,0
1021,1087,1116,1021,1315,1148,1269,1151,1043,1091,0,1123,1043,1244,0,0,1257,1036,1207,0
1021,1087,1116,1021,1315,1148,1269,1151,1043,1091,0,1123,1043,1244,0,0,1257,1036,1207,0
1021,1087,1116,1021,964,1292,1036,1154,1043,1091,0,1123,1043,1244,0,1229,1151,1152,1400,0
1021,1087,1116,1021,964,1292,1036,1154,1043,1091,0,1123,1043,1254,0,1229,1151,1152,1400,0
1029,1118,1120,1029,1134,0,1152,1428,1048,1093,0,1126,1048,1254,0,1229,1154,1166,706,0
1029,1118,1120,1029,1134,0,1152,1428,1048,1093,0,1126,1048,1254,0,1229,1154,1166,706,0
1029,1118,1120,1029,1143,896,1166,1334,1048,1093,0,1126,1048,1254,0,1229,1428,1186,1438,0
1029,1118,1120,1029,1143,896,1166,1334,1048,1093,0,1126,1048,1254,0,1229,1428,1186,1438,0
1041,1118,1120,1041,981,0,1186,1417,1054,1093,0,1126,1054,1254,0,1229,1334,1187,1008,0
1041,1118,1120,1041,981,0,1186,1417,1054,1093,0,1126,1054,1254,0,1229,1334,1187,1008,0
1041,1149,1127,1041,1269,1151,1187,1434,1054,1099,0,1136,1054,1254,0,1229,1417,1192,1110,0
1041,1149,1127,1041,1269,1151,1187,1434,1054,1099,0,1136,1054,1254,0,1229,1417,1192,1110,0
1064,1149,1127,1064,1342,1434,1192,1216,1055,1099,465,1136,1055,465,0,1229,1434,1415,1325,0
1064,1149,1127,1064,1342,1434,1192,1216,1055,1099,465,1136,1055,465,0,1229,1434,1415,1325,0
1064,1149,1127,1064,1036,0,1415,1341,1055,1099,465,1136,1055,465,0,1229,1216,1246,0,0
1064,1149,1127,1064,1036,0,1415,1341,1055,1099,465,1136,1055,465,0,1229,1216,1246,0,0
1075,1155,1182,1075,997,465,1246,1243,1072,1114,465,1139,1072,465,0,1229,1341,1270,1229,0
1075,1155,1182,1075,997,465,1246,1243,1072,1114,465,1139,1072,465,0,1229,1341,1270,1229,0
1075,1155,1182,1075,1140,465,1270,1265,1072,1114,465,1139,1072,465,0,0,1243,1278,1229,0
1075,1155,1182,1075,1140,465,1270,1265,1072,1114,465,1139,1072,465,0,0,1243,1278,1229,0
1080,1155,1182,1080,737,465,1278,1272,1087,1114,465,1139,1087,465,0,241,1265,1437,1229,0
1080,1155,1182,1080,737,465,1278,1272,1087,1114,465,1139,1087,465,0,241,1265,1437,1229,0
1080,1163,1208,1080,843,465,1437,1282,1087,1120,465,1161,1087,465,0,0,1272,1288,1229,0
1080,1163,1208,1080,843,465,1437,1282,1087,1120,465,1161,1087,465,0,0,1272,1288,1229,0
1081,1163,1208,1081,1246,465,1288,1289,1090,1120,465,1161,1090,465,0,685,1282,1291,1229,0
1081,1163,1208,1081,1246,465,1288,1289,1090,1120,465,1161,1090,465,0,685,1282,1291,1229,0
1081,1163,1208,1081,696,465,1291,1292,1090,1120,465,1161,1090,465,0,1209,1289,1294,1229,0
1081,1163,1208,1081,696,465,1291,1292,1090,1120,465,1161,1090,465,0,1209,1289,1294,1229,0
1086,1171,1215,1086,606,465,1294,1438,1100,1133,0,1191,1100,0,0,0,1292,1307,1229,0
1086,1171,1215,1086,606,465,1294,1438,1100,1133,0,1191,1100,0,0,0,1292,1307,1229,0
1086,1171,1215,1086,1389,465,1307,1316,1100,1133,0,1191,1100,0,0,728,1438,1315,1229,0
1086,1171,1215,1086,1389,465,1307,1316,1100,1133,0,1191,1100,0,0,728,1438,1315,1229,0
1091,1171,1215,1091,1147,1325,1315,1344,1102,1133,0,1191,1102,0,0,0,1316,1319,0,0
1091,1171,1215,1091,1147,1325,1315,1344,1102,1133,0,1191,1102,0,0,0,1316,1319,0,0
1091,1175,1218,1091,1424,0,1319,1359,1102,1146,0,1202,1102,0,0,846,1344,1357,1216,0
1091,1175,1218,1091,1424,0,1319,1359,1102,1146,0,1202,1102,0,0,846,1344,1357,1216,0
1093,1175,1218,1093,1431,692,1357,1392,1103,1146,0,1202,1103,0,0,846,1359,1418,0,0
1093,1175,1218,1093,1431,692,1357,1392,1103,1146,0,1202,1103,0,0,846,1359,1418,0,0
1093,1175,1218,1093,1150,694,1418,1400,1103,1146,0,1202,1103,0,0,846,1392,1396,875,0
1093,1175,1218,1093,1150,694,1418,1400,1103,1146,0,1202,1103,0,0,846,1392,1396,875,0
1099,1180,1226,1099,616,1302,1396,418,1116,1159,0,1237,1116,0,0,846,1400,1439,0,0
1099,1180,1226,1099,616,1302,1396,418,1116,1159,0,1237,1116,0,0,846,1400,1439,0,0
1099,1180,1226,1099,1152,0,1439,418,1116,1159,0,1237,1116,0,0,846,0,0,317,0
1099,1180,1226,1099,1152,0,1439,418,1116,1159,0,1237,1116,0,0,846,0,0,317,0
1107,1180,1226,1107,744,907,407,418,1118,1159,0,1237,1118,0,0,846,0,0,1018,0
1107,1180,1226,1107,744,907,407,418,1118,1159,0,1237,1118,0,0,846,0,0,1018,0
1107,1188,1244,1107,1153,0,407,418,1118,1182,0,1247,1118,0,0,846,0,0,0,0
1107,1188,1244,1107,1153,0,407,418,1118,1182,0,1247,1118,0,0,846,0,0,0,0
1112,1188,1244,1112,820,1326,407,418,1127,1182,0,1247,1127,0,0,846,0,0,1402,0
1112,1188,1244,1112,820,1326,407,418,1127,1182,0,1247,1127,0,0,846,0,0,1402,0
1112,1188,1244,1112,766,0,407,418,1127,1182,0,1247,1127,0,0,1268,0,0,0,0
1112,1188,1244,1112,766,0,407,418,1127,1182,0,1247,1127,0,0,1268,0,0,0,0
1123,1205,1254,1123,1166,1110,407,418,1149,1212,0,1250,1149,0,0,1270,0,0,907,0
1123,1205,1254,1123,1166,1110,407,418,1149,1212,0,1250,1149,0,0,1270,0,0,907,0
1123,1205,1254,1123,1207,1154,407,418,1149,1212,0,1250,1149,0,0,0,0,0,1282,0
1123,1205,1254,1123,1207,1154,407,418,1149,1212,0,1250,1149,0,0,0,0,0,1282,0
1126,1205,1254,1126,1210,1316,407,418,1155,1212,0,1250,1155,0,0,916,0,0,1326,0
1126,1205,1254,1126,1210,1316,407,418,1155,1212,0,1250,1155,0,0,916,0,0,1326,0
1126,1223,1255,1126,1184,0,407,418,1155,1214,0,1279,1155,0,0,0,0,0,0,0
1126,1223,1255,1126,1184,0,407,418,1155,1214,0,1279,1155,0,0,0,0,0,0,0
1133,1223,1255,1133,1187,706,407,418,1163,1214,0,1279,1163,0,0,981,0,0,1177,0
1133,1223,1255,1133,1187,706,407,418,1163,1214,0,1279,1163,0,0,981,0,0,1177,0
1133,1223,1255,1133,833,707,407,418,1163,1214,0,1279,1163,0,0,1134,0,0,1376,0
1133,1223,1255,1133,833,707,407,418,1163,1214,0,1279,1163,0,0,1134,0,0,1376,0
1136,1227,1266,1136,1378,718,407,418,1171,1222,0,1285,1171,0,0,0,0,0,0,0
1136,1227,1266,1136,1378,718,407,418,1171,1222,0,1285,1171,0,0,0,0,0,0,0
1136,1227,1266,1136,841,718,407,418,1171,1222,0,1285,1171,0,0,465,0,0,846,0
1136,1227,1266,1136,841,718,407,418,1171,1222,0,1285,1171,0,0,465,0,0,846,0
1139,1227,1266,1139,1192,718,407,418,1175,1222,0,1285,1175,0,0,465,0,0,846,0
1139,1227,1266,1139,1192,718,407,418,1175,1222,0,1285,1175,0,0,465,0,0,846,0
1139,1231,1267,1139,853,718,407,418,1175,1223,0,1293,1175,0,0,465,0,0,846,0
1139,1231,1267,1139,853,718,407,418,1175,1223,0,1293,1175,0,0,465,0,0,846,0
1146,1231,1267,1146,1196,718,407,418,1180,1223,0,1293,1180,0,0,465,0,0,846,0
1146,1231,1267,1146,1196,718,407,418,1180,1223,0,1293,1180,0,0,465,0,0,846,0
1146,1231,1267,1146,1213,718,407,418,1180,1223,0,1293,1180,0,0,465,0,0,846,0
1146,1231,1267,1146,1213,718,407,418,1180,1223,0,1293,1180,0,0,465,0,0,846,0
1159,1245,1271,1159,871,718,407,418,1188,1226,0,1300,1188,0,0,465,0,0,846,0
1159,1245,1271,1159,871,718,407,418,1188,1226,0,1300,1188,0,0,465,0,0,846,0
1159,1245,1271,1159,1417,718,407,418,1188,1226,0,1300,1188,0,0,465,0,0,846,0
1159,1245,1271,1159,1417,718,407,418,1188,1226,0,1300,1188,0,0,465,0,0,846,0
1161,1245,1271,1161,1270,1407,407,418,1205,1226,0,1300,1205,0,0,465,0,0,846,0
1161,1245,1271,1161,1270,1407,407,418,1205,1226,0,1300,1205,0,0,465,0,0,846,0
1161,1249,1273,1161,1278,0,407,418,1205,1227,0,1301,1205,0,0,843,0,0,465,0
1161,1249,1273,1161,1278,0,407,418,1205,1227,0,1301,1205,0,0,843,0,0,465,0
1191,1249,1273,1191,1437,759,407,418,1208,1227,0,1301,1208,0,0,0,0,0,465,0
1191,1249,1273,1191,1437,759,407,418,1208,1227,0,1301,1208,0,0,0,0,0,465,0
1191,1249,1273,1191,1291,1338,407,418,1208,1227,0,1301,1208,0,0,177,0,0,465,0
1202,1249,1273,1202,1291,1338,407,418,1215,1227,0,1301,1215,0,0,177,0,0,465,0
1202,1256,1275,1202,1294,0,407,418,1215,1231,0,1306,1215,0,0,1184,0,0,465,0
1202,1256,1275,1202,1294,0,407,418,1215,1231,0,1306,1215,0,0,1184,0,0,465,0
1212,1256,1275,1212,1319,794,407,418,1218,1231,0,1306,1218,0,0,0,0,0,465,0
1212,1256,1275,1212,1319,794,407,418,1218,1231,0,1306,1218,0,0,0,0,0,465,0
1212,1256,1275,1212,1359,797,407,418,1218,1231,0,1306,1218,0,0,731,0,0,465,0
1214,1256,1275,1214,1359,797,407,418,1245,1231,0,1306,1245,0,0,731,0,0,465,0
1214,1284,1296,1214,1418,1436,407,418,1245,1244,0,1312,1245,0,0,825,0,0,465,0
1214,1284,1296,1214,1418,1436,407,418,1245,1244,0,1312,1245,0,0,825,0,0,465,0
1222,1284,1296,1222,1396,0,407,418,1249,1244,0,1312,1249,0,0,0,0,0,465,0
1222,1284,1296,1222,1396,0,407,418,1249,1244,0,1312,1249,0,0,0,0,0,465,0
1222,1284,1296,1222,1439,855,407,418,1249,1244,0,1312,1249,0,0,761,0,0,470,0
1237,1287,1304,1237,1439,855,407,418,1255,1254,0,1318,1255,0,0,761,0,0,470,0
1237,1287,1304,1237,0,865,407,418,1255,1254,0,1318,1255,0,0,984,0,0,1286,0
1237,1287,1304,1237,0,865,407,418,1255,1254,0,1318,1255,0,0,984,0,0,1286,0
1247,1287,1304,1247,0,0,407,418,1256,1254,0,1318,1256,0,0,1281,0,0,0,0
1247,1287,1304,1247,0,0,407,418,1256,1254,0,1318,1256,0,0,1281,0,0,0,0
1247,1298,1320,1247,0,1077,407,418,1256,1266,0,1323,1256,0,0,0,0,0,797,0
1250,1298,1320,1250,0,1077,407,418,1267,1266,0,1323,1267,0,0,0,0,0,797,0
1250,1298,1320,1250,0,1344,407,418,1267,1266,0,1323,1267,0,0,1378,0,0,0,0
1250,1298,1320,1250,0,1344,407,418,1267,1266,0,1323,1267,0,0,1378,0,0,0,0
1279,1298,1320,1279,0,0,407,418,1271,1266,0,1323,1271,1266,0,0,0,0,1105,0
1279,1311,1332,1279,0,0,407,418,1271,1275,0,1340,1271,1266,0,0,0,0,1105,0
1279,1311,1332,1279,0,1243,407,418,1271,1275,0,1340,1271,1266,0,1185,0,0,1106,0
1285,1311,1332,1285,0,1243,407,418,1273,1275,0,1340,1273,1266,0,1185,0,0,1106,0
1285,1311,1332,1285,0,1252,407,418,1273,1275,0,1340,1273,1266,0,1253,0,0,0,0
1285,1311,1332,1285,0,1252,407,418,1273,1275,0,1340,1273,1266,0,1253,0,0,0,0
1293,1314,1343,1293,0,1257,407,418,1284,1298,0,1345,1284,1266,0,1274,0,0,759,0
1293,1314,1343,1293,0,1257,407,418,1284,1298,0,1345,1284,1275,0,1274,0,0,759,0
1293,1314,1343,1293,0,1258,407,418,1284,1298,0,1345,1284,1275,0,1416,0,0,0,0
1300,1314,1343,1300,0,1258,407,418,1287,1298,0,1345,1287,1275,0,1416,0,0,0,0
1300,1314,1343,1300,0,0,407,418,1287,1298,0,1345,1287,1275,0,1418,0,0,1351,0
1300,1329,1346,1300,0,0,407,418,1287,1322,0,1349,1287,1275,0,1418,0,0,1351,0
1301,1329,1346,1301,0,1263,407,418,1296,1322,0,1349,1296,1275,0,0,0,0,1351,0
1301,1329,1346,1301,0,1263,407,418,1296,1322,0,1349,1296,1275,0,0,0,0,1351,0
1301,1329,1346,1301,0,1265,407,418,1296,1322,0,1349,1296,1298,0,737,0,0,1351,0
1306,1329,1346,1306,0,1265,407,418,1304,1322,0,1349,1304,1298,0,737,0,0,1351,0
1306,1336,1361,1306,0,1438,407,418,1304,1329,0,1354,1304,1298,0,1036,0,0,1351,0
1306,1336,1361,1306,0,1438,407,418,1304,1329,0,1354,1304,1298,0,1036,0,0,1351,0
1312,1336,1361,1312,0,0,407,418,1311,1329,0,1354,1311,1298,0,0,0,0,1351,0
1312,1336,1361,1312,0,0,407,418,1311,1329,0,1354,1311,1298,0,0,0,0,1351,0
1312,1336,1361,1312,0,1229,407,418,1311,1329,0,1354,1311,1298,0,806,0,0,1351,0
1318,1337,1362,1318,0,1229,407,418,1314,1339,0,1360,1314,1329,0,806,0,0,1351,0
1318,1337,1362,1318,0,1229,407,418,1314,1339,0,1360,1314,1329,0,1147,0,0,1351,0
1318,1337,1362,1318,0,1229,407,418,1314,1339,0,1360,1314,1329,0,1147,0,0,1351,0
1322,1337,1362,1322,0,1229,407,418,1320,1339,0,1360,1320,1329,0,1150,0,0,1351,0
1322,1337,1362,1322,0,1229,407,418,1320,1339,0,1360,1320,1329,0,1150,0,0,1351,0
1322,1339,1363,1322,0,1229,407,418,1320,1343,0,1364,1320,1329,0,1351,0,0,1289,0
1323,1339,1363,1323,0,1229,407,418,1332,1343,0,1364,1332,1329,0,1351,0,0,1289,0
1323,1339,1363,1323,0,1229,407,418,1332,1343,0,1364,1332,1339,0,1351,0,0,0,0
1323,1339,1363,1323,0,1229,407,418,1332,1343,0,1364,1332,1339,0,1351,0,0,0,0
1340,1339,1363,1340,0,1229,407,418,1336,1343,0,1364,1336,1339,0,1351,0,0,424,0
1340,1348,1367,1340,0,1229,407,418,1336,1348,0,1369,1336,1339,0,1351,0,0,424,0
1340,1348,1367,1340,0,1229,407,418,1336,1348,0,1369,1336,1339,0,1351,0,0,0,0
1345,1348,1367,1345,0,1229,407,418,1337,1348,0,1369,1337,1339,0,1351,0,0,0,0
1345,1348,1367,1345,0,1229,407,418,1337,1348,0,1369,1337,1339,0,1351,0,0,1049,0
1345,1348,1367,1345,0,1229,407,418,1337,1348,0,1369,1337,1343,0,1351,0,0,1049,0
1349,1353,1382,1349,0,1351,407,418,1346,1353,0,1370,1346,1343,0,1351,0,0,1386,0
1349,1353,1382,1349,0,1351,407,418,1346,1353,0,1370,1346,1343,0,1351,0,0,1386,0
1349,1353,1382,1349,0,1351,407,418,1346,1353,0,1370,1346,1343,0,1351,0,0,0,0
1354,1353,1382,1354,0,1351,407,418,1361,1353,0,1370,1361,1343,0,1351,0,0,0,0
1354,1353,1382,1354,0,1351,407,418,1361,1353,0,1370,1361,1343,0,1351,0,0,753,0
1354,1358,1385,1354,0,1351,407,418,1361,1358,0,1372,1361,1343,0,1351,0,0,753,0
1360,1358,1385,1360,0,1351,407,418,1362,1358,0,1372,1362,1348,0,1356,0,0,1077,0
1360,1358,1385,1360,0,1351,407,418,1362,1358,0,1372,1362,1348,0,1356,0,0,1077,0
1360,1358,1385,1360,0,1351,407,418,1362,1358,0,1372,1362,1348,0,0,0,0,0,0
1364,1358,1385,1364,0,1351,407,418,1363,1358,0,1372,1363,1348,0,0,0,0,0,0
1364,1374,1393,1364,0,1351,407,418,1363,1365,0,1373,1363,1348,0,582,0,0,606,0
1364,1374,1393,1364,0,1351,407,418,1363,1365,0,1373,1363,1348,0,582,0,0,606,0
1365,1374,1393,1365,0,1351,407,418,1367,1365,0,1373,1367,1348,0,582,0,0,1263,0
1365,1374,1393,1365,0,1351,407,418,1367,1365,0,1373,1367,1353,0,582,0,0,1263,0
1365,1374,1393,1365,0,1351,407,418,1367,1365,0,1373,1367,1353,0,582,0,0,1292,0
1369,1375,1395,1369,0,1351,407,418,1374,1377,0,1379,1374,1353,0,582,0,0,1292,0
1369,1375,1395,1369,0,0,407,418,1374,1377,0,1379,1374,1353,0,582,0,0,0,0
1369,1375,1395,1369,0,0,407,418,1374,1377,0,1379,1374,1353,0,582,0,0,0,0
1370,1375,1395,1370,0,0,407,418,1375,1377,0,1379,1375,1353,0,582,0,0,838,0
1370,1375,1395,1370,0,0,407,418,1375,1377,0,1379,1375,1353,0,582,0,0,838,0
1370,1377,1410,1370,0,0,407,418,1375,1383,0,1380,1375,1358,0,582,0,0,1381,0
1372,1377,1410,1372,0,0,407,418,1382,1383,0,1380,1382,1358,0,582,0,0,1381,0
1372,1377,1410,1372,0,0,407,418,1382,1383,0,1380,1382,1358,0,582,0,0,1424,0
1372,1377,1410,1372,0,0,407,418,1382,1383,0,1380,1382,1358,0,582,0,0,1424,0
1373,1377,1410,1373,0,0,407,418,1385,1383,0,1380,1385,1358,0,582,0,0,0,0
1373,1383,1413,1373,0,0,407,418,1385,1393,0,1384,1385,1358,0,582,0,0,0,0
1373,1383,1413,1373,0,0,407,418,1385,1393,0,1384,1385,1358,0,0,0,0,794,0
1379,1383,1413,1379,0,0,407,418,1395,1393,0,1384,1395,1377,0,0,0,0,794,0
1379,1383,1413,1379,0,0,407,418,1395,1393,0,1384,1395,1377,0,1124,0,0,0,0
1379,1383,1413,1379,0,0,407,418,1395,1393,0,1384,1395,1377,0,1124,0,0,0,0
1380,1398,1420,1380,0,0,407,418,1398,1394,0,1401,1398,1377,0,1278,0,0,616,0
1380,1398,1420,1380,0,0,407,418,1398,1394,0,1401,1398,1377,0,1278,0,0,616,0
1380,1398,1420,1380,0,0,407,418,1398,1394,0,1401,1398,1377,0,0,0,0,0,0
1384,1398,1420,1384,0,0,407,418,1405,1394,0,1401,1405,1377,0,0,0,0,0,0
1384,1398,1420,1384,0,0,407,418,1405,1394,0,1401,1405,1383,0,718,0,0,718,0
1384,1399,1421,1384,0,0,407,418,1405,1399,0,1403,1405,1383,0,718,0,0,718,0
1394,1399,1421,1394,0,0,407,418,1410,1399,0,1403,1410,1383,0,718,0,0,718,0
1394,1399,1421,1394,0,0,407,418,1410,1399,0,1403,1410,1383,0,718,0,0,718,0
1394,1399,1421,1394,0,0,407,418,1410,1399,0,1403,1410,1383,0,718,0,0,718,0
1401,1399,1421,1401,0,0,407,418,1413,1399,0,1403,1413,1383,0,718,0,0,718,0
1401,1405,1423,1401,0,0,407,418,1413,1409,0,1408,1413,1393,0,718,0,0,718,0
1401,1405,1423,1401,0,0,407,418,1413,1409,0,1408,1413,1393,0,718,0,0,718,0
1403,1405,1423,1403,0,0,407,418,1420,1409,0,1408,1420,1393,0,718,0,0,718,0
1403,1405,1423,1403,0,0,407,418,1420,1409,0,1408,1420,1393,0,718,0,0,718,0
1403,1405,1423,1403,0,0,407,418,1420,1409,0,1408,1420,1393,0,718,0,0,718,0
1408,1411,1427,1408,0,0,407,418,1421,1411,0,1419,1421,1393,0,718,0,0,718,0
1408,1411,1427,1408,0,0,407,418,1421,1411,0,1419,1421,1399,0,718,0,0,718,0
1408,1411,1427,1408,0,0,407,418,1421,1411,0,1419,1421,1399,0,718,0,0,718,0
1409,1411,1427,1409,0,0,407,418,1423,1411,0,1419,1423,1399,0,718,0,0,718,0
1409,1411,1427,1409,0,0,407,418,1423,1411,0,1419,1423,1399,0,718,0,0,718,0
1409,1425,1430,1409,0,0,407,418,1423,1425,0,1426,1423,1399,0,0,0,0,0,0
1419,1425,1430,1419,0,0,407,418,1427,1425,0,1426,1427,1399,0,0,0,0,0,0
1419,1425,1430,1419,0,0,407,418,1427,1425,0,1426,1427,1411,0,0,0,0,0,0
1419,1425,1430,1419,0,0,407,418,1427,1425,0,1426,1427,1411,0,0,0,0,0,0
1426,1425,1430,1426,0,0,407,418,1430,1425,0,1426,1430,1411,0,0,0,0,0,0
1426,1432,1435,1426,0,0,407,418,1430,1432,0,1433,1430,1411,0,0,0,0,0,0
1426,1432,1435,1426,0,0,407,418,1430,1432,0,1433,1430,1411,0,0,0,0,0,0
1433,1432,1435,1433,0,0,407,418,1435,1432,0,1433,1435,1411,0,0,0,0,0,0
1433,1432,1435,1433,0,0,407,418,1435,1432,0,1433,1435,0,0,0,0,0,0,0
1433,1432,1435,1433,0,0,407,418,1435,1432,0,1433,1435,0,0,0,0,0,0,0