105,612,619,105,1247,1349,1291,603,1196,1060,0,921,994,1365,718,0,1375,0,1153,1238
105,612,619,105,1247,1349,1291,603,1196,1060,0,921,994,1365,718,0,1375,0,1153,1238
105,612,619,105,1400,604,1402,1100,1424,1124,1131,1377,994,1206,0,0,869,1291,1158,0
169,612,619,169,1400,604,1402,1100,1424,1124,1131,1377,994,1206,0,0,869,1291,1158,0
169,612,619,169,1360,1221,1113,820,704,907,0,1049,994,1206,731,782,1356,1416,0,739
169,612,619,169,1360,1221,1113,820,704,907,0,1049,994,1206,731,782,1356,1416,0,739
197,612,619,197,1261,1372,1347,1198,1289,1065,0,765,994,1206,0,782,1358,1417,1325,799
197,612,619,197,1261,1372,1347,1198,1289,1065,0,765,994,1206,0,782,1358,1417,1325,799
197,612,619,197,694,1228,829,1350,707,1290,1251,1434,994,1206,807,782,1359,1417,0,820
310,612,619,310,694,1228,829,1350,707,1290,1251,1434,994,1206,807,782,1359,1417,0,820
310,612,619,310,1164,1299,830,632,708,820,1290,768,994,1206,0,782,1360,1417,1350,1355
310,724,758,310,1164,1299,830,632,708,820,1290,768,994,1206,0,782,1360,1417,1350,1355
329,724,758,329,1198,1351,0,651,737,1231,0,1289,994,1206,1054,782,1367,1417,1357,1418
329,724,758,329,1198,1351,0,651,737,1231,0,1289,994,1206,1054,782,1367,1417,1357,1418
329,724,758,329,1166,619,1346,1135,740,1293,0,773,994,1206,1276,782,1369,1417,1357,1426
366,724,758,366,1166,619,1346,1135,740,1293,0,773,994,1206,1276,782,1369,1417,1357,1426
366,724,758,366,949,619,1212,739,747,1317,0,774,829,782,1282,782,1370,1417,1357,0
366,724,758,366,949,619,1212,739,747,1317,0,774,829,782,1282,782,1370,1417,1357,0
392,724,758,392,1106,1382,1292,1095,1129,1308,536,1431,0,782,1312,782,1377,1417,1357,604
392,724,758,392,1106,1382,1292,1095,1129,1308,536,1431,0,782,1312,782,1377,1417,1357,604
392,724,758,392,896,1202,837,774,417,994,1365,783,971,782,1317,1062,1257,1417,1357,1221
399,724,758,399,896,1202,837,774,417,994,1365,783,971,782,1317,1062,1257,1417,1357,1221
399,987,818,399,1068,1230,1377,1078,1347,994,1366,929,0,782,1320,1069,1014,1394,1357,1224
399,987,818,399,1068,1230,1377,1078,1347,994,1366,929,0,782,1320,1069,1014,1394,1357,1224
401,987,818,401,1111,1288,841,822,876,994,1366,1389,603,782,0,0,1106,1394,1357,1227
401,987,818,401,1111,1288,841,822,876,994,1366,1389,603,782,0,0,1106,1394,1357,1227
401,987,818,401,1296,1370,1342,465,1158,994,1366,1124,1142,782,1330,1425,1430,1394,1357,0
407,987,818,407,1296,1370,1342,465,1158,994,1366,1124,1142,782,1330,1425,1430,1394,1357,0
407,987,818,407,799,1420,1097,1153,1142,994,1366,1293,0,782,0,1448,1107,1394,1433,1230
407,987,818,407,799,1420,1097,1153,1142,994,1366,1293,0,782,0,1448,1107,1394,1433,1230
452,987,818,452,1088,1424,1247,468,482,994,1366,0,1202,782,1347,1448,1285,1394,1433,1231
452,987,818,452,1088,1424,1247,468,482,994,1366,0,1202,782,1347,1448,1285,1394,1433,1231
452,987,818,452,1410,758,1369,468,576,994,1366,976,1280,0,1439,1448,1330,1096,1433,1276
472,997,831,472,1410,758,1369,468,576,994,1366,976,1280,0,1439,1448,1330,1096,1433,1276
472,997,831,472,1234,758,850,468,1131,994,1366,1164,1281,0,0,1448,651,1096,1433,0
472,997,831,472,1234,758,850,468,1131,994,1366,1164,1281,0,0,1448,651,1096,1433,0
491,997,831,491,1389,1386,979,468,807,1309,1366,1217,1281,0,1131,800,773,1096,1433,417
491,997,831,491,1389,1386,979,468,807,1309,1366,1217,1281,0,1131,800,773,1096,1433,417
491,997,831,491,774,678,1216,468,1253,647,493,0,1281,0,0,800,1350,1096,1433,1309
499,997,831,499,774,678,1216,468,1253,647,493,0,1281,0,0,800,1350,1096,1433,1309
499,997,831,499,536,1375,1373,468,906,1311,493,991,1281,585,1134,800,923,1096,1433,1314
499,997,831,499,536,1375,1373,468,906,1311,493,991,1281,585,1134,800,923,1096,1433,1314
503,997,831,503,1165,818,271,468,1320,841,493,1007,1281,585,1143,800,388,1096,1433,1314
503,997,831,503,1165,818,271,468,1320,841,493,1007,1281,585,1143,800,388,1096,1433,1314
503,1000,839,503,863,818,857,468,1151,1312,493,1325,1281,585,0,800,927,1096,0,1314
531,1000,839,531,863,818,857,468,1151,1312,493,1325,1281,585,0,800,927,1096,0,1314
531,1000,839,531,1099,1394,1378,474,829,1165,493,1439,1281,585,1250,800,417,1096,0,1314
531,1000,839,531,1099,1394,1378,474,829,1165,493,1439,1281,585,1250,800,417,1096,0,1314
545,1000,839,545,1181,482,991,1186,1143,1166,493,1442,1281,585,1428,800,1345,0,585,1314
545,1000,839,545,1181,482,991,1186,1143,1166,493,1442,1281,585,1428,800,1345,0,585,1314
545,1000,839,545,541,1415,1442,1107,927,1344,493,0,0,585,1306,800,1346,0,585,1314
564,1000,839,564,541,1415,1442,1107,927,1344,493,0,0,585,1306,800,1346,0,585,1314
564,1000,839,564,603,487,1306,1302,413,585,493,1298,468,585,633,867,933,1121,585,1314
564,1000,839,564,603,487,1306,1302,413,585,493,1298,468,585,633,867,933,1121,585,1314
600,1000,839,600,544,1129,867,718,1299,585,800,1438,468,585,633,897,1288,1394,585,1314
600,1023,915,600,544,1129,867,718,1299,585,800,1438,468,585,633,897,1288,1394,585,1314
600,1023,915,600,413,1130,1254,719,1375,585,800,0,468,1432,633,904,1378,1394,585,929
606,1023,915,606,413,1130,1254,719,1375,585,800,0,468,1432,633,904,1378,1394,585,929
606,1023,915,606,1355,1130,1258,1425,971,585,800,1248,468,1433,633,904,1111,1394,585,0
606,1023,915,606,1355,1130,1258,1425,971,585,800,1248,468,1433,633,904,1111,1394,585,0
670,1023,915,670,417,1130,1407,1303,1426,585,800,0,468,1433,633,904,1202,1394,585,863
670,1023,915,670,417,1130,1407,1303,1426,585,800,0,468,1433,633,904,1202,1394,585,863
670,1023,915,670,1170,1130,869,731,1325,585,800,1170,468,1433,633,904,783,1394,585,0
672,1023,915,672,1170,1130,869,731,1325,585,800,1170,468,1433,633,904,783,1394,585,0
672,1023,915,672,1209,1130,897,1304,974,585,800,0,468,1433,633,904,946,1394,996,856
672,1023,915,672,1209,1130,897,1304,974,585,800,0,468,1433,633,904,946,1394,996,856
688,1052,930,688,686,1130,1014,1124,507,585,800,1099,468,1433,633,904,1383,1394,996,967
688,1052,930,688,686,1130,1014,1124,507,585,800,1099,468,1433,633,904,1383,1394,996,967
688,1052,930,688,1254,1130,1307,1257,694,541,800,1107,1282,1433,585,904,1237,1394,996,576
700,1052,930,700,1254,1130,1307,1257,694,541,800,1107,1282,1433,585,904,1237,1394,996,576
700,1052,930,700,550,1130,1307,976,794,604,1119,0,1303,1433,585,904,1085,1356,996,1370
700,1052,930,700,550,1130,1307,976,794,604,1119,0,1303,1433,585,904,1085,1356,996,1370
709,1052,930,709,731,1290,1307,118,1384,859,1406,1058,1303,1433,585,1430,1247,0,996,0
709,1052,930,709,731,1290,1307,118,1384,859,1406,1058,1303,1433,585,1430,1247,0,996,0
709,1052,930,709,1121,1425,1307,118,996,929,1408,1269,1303,1206,585,1432,1184,0,996,974
714,1052,930,714,1121,1425,1307,118,996,929,1408,1269,1303,1206,585,1432,1184,0,996,974
714,1052,930,714,1317,831,1307,118,996,1100,1410,1271,996,1206,585,1433,1267,0,996,837
714,1056,943,714,1317,831,1307,118,996,1100,1410,1271,996,1206,585,1433,1267,0,996,837
715,1056,943,715,773,831,1307,118,996,1107,1412,0,996,1206,585,1433,1095,0,996,1014
715,1056,943,715,773,831,1307,118,996,1107,1412,0,996,1206,585,1433,1095,0,996,1014
715,1056,943,715,1397,1421,1307,118,996,1330,1425,576,996,1206,585,1433,1097,0,1062,603
732,1056,943,732,1397,1421,1307,118,996,1330,1425,576,996,1206,585,1433,1097,0,1062,603
732,1056,943,732,1216,990,1307,118,996,445,1364,0,996,725,585,1433,1384,0,1366,0
732,1056,943,732,1216,990,1307,118,996,445,1364,0,996,725,585,1433,1384,0,1366,0
763,1056,943,763,507,1422,1367,118,996,1282,1364,807,996,725,1221,1433,1186,800,1366,632
763,1056,943,763,507,1422,1367,118,996,1282,1364,807,996,725,1221,1433,1186,800,1366,632
763,1056,943,763,632,1238,1443,118,996,1346,1364,0,996,725,0,1433,1402,800,1366,1204
766,1056,943,766,632,1238,1443,118,996,1346,1364,0,996,725,0,1433,1402,800,1366,1204
766,1073,952,766,1413,1293,1306,904,996,1267,1364,907,996,725,1224,1433,1166,800,1366,0
766,1073,952,766,1413,1293,1306,904,996,1267,1364,907,996,725,1224,1433,1166,800,1366,0
772,1073,952,772,737,1430,1068,904,686,1349,1228,1111,996,725,1227,1433,1273,800,1366,725
772,1073,952,772,737,1430,1068,904,686,1349,1228,1111,996,725,1227,1433,1273,800,1366,725
772,1073,952,772,1007,839,1069,904,696,933,1234,0,1304,725,1228,1117,990,800,1366,725
777,1073,952,777,1007,839,1069,904,696,933,1234,0,1304,725,1228,1117,990,800,1366,725
777,1073,952,777,704,839,1276,904,1177,1069,1237,817,1304,725,0,1117,1290,800,1366,725
777,1073,952,777,704,839,1276,904,1177,1069,1237,817,1304,725,0,1117,1290,800,1366,725
781,1073,952,781,576,1436,1323,904,515,1368,1249,820,445,725,1253,1117,1434,800,1366,725
781,1073,952,781,576,1436,1323,904,515,1368,1249,820,445,725,1253,1117,1434,800,1366,725
781,1073,952,781,1097,859,1306,904,863,856,1253,0,0,0,1293,1068,465,800,0,725
787,1102,980,787,1097,859,1306,904,863,856,1253,0,0,0,1293,1068,465,800,0,725
787,1102,980,787,953,1257,1077,904,1184,953,1257,468,541,859,1357,0,1068,782,0,725
787,1102,980,787,953,1257,1077,904,1184,953,1257,468,541,859,1357,0,1068,782,0,725
789,1102,980,789,1258,1422,1080,904,388,1271,1261,468,1357,1395,1357,1169,1254,782,0,725
789,1102,980,789,1258,1422,1080,904,388,1271,1261,468,1357,1395,1357,1169,1254,782,0,725
789,1102,980,789,1439,1320,1106,929,1224,1371,0,468,1357,1395,1357,1169,1397,782,0,725
791,1102,980,791,1439,1320,1106,929,1224,1371,0,468,1357,1395,1357,1169,1397,782,0,725
791,1102,980,791,265,1434,0,1230,1328,718,1292,468,1357,1395,1357,1169,1438,782,0,743
791,1102,980,791,265,1434,0,1230,1328,718,1292,468,1357,1395,1357,1169,1438,782,0,743
796,1102,980,796,271,1438,906,1173,1228,719,0,468,1357,1395,1357,1169,1077,782,0,1054
796,1102,980,796,271,1438,906,1173,1228,719,0,468,1357,1395,1357,1169,1077,782,0,1054
796,1105,982,796,1190,1445,1325,990,921,1276,0,468,1357,1395,1357,1169,1078,782,493,1247
804,1105,982,804,1190,1445,1325,990,921,1276,0,468,1357,1395,1357,1169,1078,782,493,1247
804,1105,982,804,1426,915,1439,1430,1445,1285,0,468,1357,1395,1357,1169,1080,782,493,0
804,1105,982,804,1426,915,1439,1430,1445,1285,0,468,1357,1395,1357,1169,1080,782,493,0
813,1105,982,813,869,915,1446,1348,1279,1389,990,468,1357,1395,1357,1169,1292,782,493,704
813,1105,982,813,869,915,1446,1348,1279,1389,990,468,1357,1395,1357,1169,1292,782,493,704
813,1105,982,813,1173,930,1306,1054,865,1397,0,747,1357,1395,1431,1169,704,1395,493,923
825,1105,982,825,1173,930,1306,1054,865,1397,0,747,1357,1395,1431,1169,704,1395,493,923
825,1105,982,825,1428,856,799,1361,1113,1412,1016,821,1129,1206,1306,493,1048,1395,493,991
825,1105,982,825,1428,856,799,1361,1113,1412,1016,821,1129,1206,1306,493,1048,1395,493,991
840,1105,982,840,1014,1153,800,706,1291,1419,0,1231,1130,1206,1307,493,1124,1395,493,1173
840,1110,1117,840,1014,1153,800,706,1291,1419,0,1231,1130,1206,1307,493,1124,1395,493,1173
840,1110,1117,840,739,930,800,817,1370,1372,1019,0,1130,1049,1307,493,1170,1395,493,1209
868,1110,1117,868,739,930,800,817,1370,1372,1019,0,1130,1049,1307,493,1170,1395,493,1209
868,1110,1117,868,465,930,800,1190,783,678,1019,1130,1130,1308,1307,493,0,1395,493,1299
868,1110,1117,868,465,930,800,1190,783,678,1019,1130,1130,1308,1307,493,0,1395,493,1299
870,1110,1117,870,1085,1158,800,550,1323,1444,1019,1130,1130,1309,1307,493,482,1395,1392,0
870,1110,1117,870,1085,1158,800,550,1323,1444,1019,1130,1130,1309,1307,493,482,1395,1392,0
870,1110,1117,870,1431,943,800,1217,1351,1382,1019,1130,1130,0,1307,493,0,1395,1393,647
875,1110,1117,875,1431,943,800,1217,1351,1382,1019,1130,1130,0,1307,493,0,1395,1393,647
875,1110,1117,875,1373,943,800,896,1251,765,1019,1130,1130,0,1307,493,487,1395,1393,0
875,1110,1117,875,1373,943,800,896,1251,765,1019,1130,1130,0,1307,493,487,1395,1393,0
878,1114,1128,878,1356,1177,800,1362,1355,1385,1019,1130,1130,1328,1307,493,1296,1394,1393,474
878,1114,1128,878,1356,1177,800,1362,1355,1385,1019,1130,1130,1328,1307,493,1296,1394,1393,474
878,1114,1128,878,740,1184,800,907,1383,768,1019,1130,1130,1345,1307,0,1373,1394,1393,0
881,1114,1128,881,740,1184,800,907,1383,768,1019,1130,1130,1345,1307,0,1373,1394,1393,0
881,1114,1128,881,511,1186,0,1227,897,329,1019,1130,0,1351,1443,0,0,1394,1393,482
881,1114,1128,881,511,1186,0,1227,897,329,1019,1130,0,1351,1443,0,0,1394,1393,482
889,1114,1128,889,1217,1187,1400,1363,949,329,1134,1130,857,1358,1306,511,507,1394,1393,0
889,1114,1128,889,1217,1187,1400,1363,949,366,1134,1130,857,1358,1306,511,507,1394,1393,0
889,1114,1128,889,696,1224,1306,923,1298,366,0,1165,1173,1359,740,1085,1442,1394,1393,949
901,1114,1128,901,696,1224,1306,923,1298,366,0,1165,1173,1359,740,1085,1442,1394,1393,949
901,1114,1128,901,1078,1253,876,1170,1418,399,1166,0,1212,1360,1444,1095,1444,1394,1393,1048
901,1201,1145,901,1078,1253,876,1170,1418,399,1166,0,1212,1360,1444,1095,1444,1394,1393,1048
902,1201,1145,902,1269,1328,0,1237,1432,399,1198,822,1304,1366,1306,1106,0,455,0,1129
902,1201,1145,902,1269,1328,0,1237,1432,407,1198,822,1304,1366,1306,1106,0,455,0,1129
902,1201,1145,902,967,952,1204,1364,1272,407,1379,1307,1304,1366,1059,1416,718,455,0,1130
909,1201,1145,909,967,952,1204,1364,1272,407,1379,1307,1304,1366,1059,1416,718,455,0,1130
909,1201,1145,909,1134,952,1231,1059,1356,491,1380,1307,544,1366,1280,1417,1099,455,876,1130
909,1201,1145,909,1134,952,1231,1059,1356,491,1380,1307,544,1366,1280,1417,1099,455,876,1130
913,1201,1145,913,708,980,1117,1280,1357,491,1380,1307,0,1366,1281,1417,0,455,0,1130
913,1201,1145,913,708,980,1117,1280,1357,499,1380,1307,0,1366,1281,1417,0,455,0,1130
913,1201,1145,913,1135,980,1049,1282,1357,499,1380,1307,0,1366,1281,1417,731,455,0,1130
917,1201,1145,917,1135,980,1049,1282,1357,499,1380,1307,0,1366,1281,1417,731,455,0,1130
917,1210,1156,917,388,761,1391,1296,1357,976,1380,1307,867,1366,1281,1417,1400,455,0,1130
917,1210,1156,917,388,761,1391,1296,1357,976,1380,1307,867,1366,1281,1417,1400,455,0,1130
928,1210,1156,928,747,761,1391,1308,1357,1016,1380,1307,1177,1366,1281,1417,0,455,0,1130
928,1210,1156,928,747,761,1391,1308,1357,1016,1380,1307,1177,1366,1281,1417,0,455,0,1130
928,1210,1156,928,1285,761,918,1309,1357,1345,1380,1307,1249,1366,1281,1417,737,455,0,1130
931,1210,1156,931,1285,761,918,1309,1357,1345,1380,1307,1249,1366,1281,1417,737,455,0,1130
931,1210,1156,931,1289,761,1058,1311,1357,1365,1380,1307,0,118,1281,1417,740,1019,0,1130
931,1210,1156,931,1289,761,1058,1311,1357,1365,1380,1307,0,118,1281,1417,740,1019,0,1130
932,1210,1156,932,979,761,1234,1312,1357,1428,1380,0,0,118,1281,1417,0,1019,455,465
932,1210,1156,932,979,761,1234,1312,1357,1428,1380,0,0,118,1281,1417,0,1019,455,465
940,1210,1156,940,445,761,0,1401,1357,1386,1392,118,761,118,1281,1407,0,1019,455,0
940,1213,1175,940,445,761,0,1401,1357,1386,1392,118,761,118,1281,1407,0,1019,455,0
962,1213,1175,962,1298,761,743,1060,1403,1249,1419,118,761,118,1413,1407,918,1019,455,468
962,1213,1175,962,1298,761,743,1060,1403,1249,1419,118,761,118,1413,1407,918,1019,455,468
964,1213,1175,964,991,761,921,1238,969,1288,1428,118,761,118,1446,1407,0,1019,455,468
964,1213,1175,964,991,761,921,1238,969,1288,1428,118,761,118,1446,1407,0,1019,455,468
992,1213,1175,992,1248,982,1248,487,1007,1421,1364,118,761,118,1306,1407,544,1019,455,468
992,1213,1175,992,1248,982,1248,487,1007,1421,1364,118,761,118,1306,1407,544,1019,455,468
1008,1213,1175,1008,474,982,0,536,1414,1181,1364,118,761,118,678,1407,0,1019,455,468
1008,1213,1175,1008,474,982,0,536,1414,1181,1364,118,761,118,678,1407,0,1019,455,468
1012,1213,1175,1012,1237,943,265,1062,1048,1422,1364,118,761,118,0,1379,1216,1019,455,468
1012,1213,1175,1012,1237,982,265,1062,1048,1422,1364,118,761,118,0,1379,1216,1019,455,468
1013,1214,1189,1013,1196,515,0,1358,1221,1054,1364,118,761,996,821,1380,0,1130,455,468
1013,1214,1189,1013,1196,515,0,1358,1221,1054,1364,118,761,996,821,1380,0,1130,455,468
1015,1214,1189,1015,743,0,1131,1359,1441,1202,118,118,761,996,953,1380,118,1130,0,468
1015,1214,1189,1015,743,0,1131,1359,1441,1202,118,118,761,996,953,1380,118,1130,0,468
1020,1214,1189,1020,768,969,0,1360,1077,1431,118,1355,0,996,1306,1380,118,1130,859,468
1020,1214,1189,1020,768,969,0,1360,1077,1431,118,1355,0,996,1306,1380,118,1130,859,468
1021,1214,1189,1021,918,971,1134,1365,1080,1435,118,0,979,996,1306,1380,118,1130,1395,0
1021,1214,1189,1021,918,971,1134,1365,1080,1435,118,0,979,996,1306,1380,118,1130,1395,0
1022,1214,1189,1022,647,1128,0,1413,1423,1119,118,707,0,996,515,1380,118,1130,1395,1164
1022,1214,1189,1022,647,1128,0,1413,1423,1119,118,707,0,996,515,1380,118,1130,1395,1164
1024,1214,1189,1024,1016,1128,1143,1420,1447,1436,118,0,0,996,686,1380,118,1130,1395,1165
1024,1277,1192,1024,1016,1128,1143,1420,1447,1436,118,0,0,996,686,1380,118,1130,1395,1165
1030,1277,1192,1030,1058,1145,1209,1438,455,817,118,413,604,996,0,1380,118,1130,1395,1181
1030,1277,1192,1030,1058,1145,1209,1438,455,817,118,413,604,996,0,1380,118,1130,1395,1181
1032,1277,1192,1032,923,1145,1249,1427,455,1187,118,1113,0,996,850,1380,118,1130,1395,1216
1032,1277,1192,1032,923,1145,1249,1427,455,1187,118,1113,0,996,850,1380,118,1130,1395,1216
1040,1277,1192,1040,783,493,1117,1065,455,1212,118,1151,0,633,0,1117,118,0,1395,0
1040,1277,1192,1040,783,493,1117,1065,455,1212,118,1151,0,633,0,1117,118,0,1395,0
1041,1277,1192,1041,651,493,773,633,455,1377,761,1443,904,633,996,725,0,0,1395,445
1041,1277,1192,1041,651,493,773,633,455,1377,761,1443,904,633,996,725,0,0,1395,445
1047,1277,1192,1047,830,493,927,633,455,1434,761,0,904,633,996,725,765,0,1395,1373
1047,1277,1192,1047,830,493,927,633,455,1434,761,0,904,633,996,725,765,0,1395,1373
1075,1284,1206,1075,707,493,1085,633,455,1437,761,1299,904,633,996,725,0,0,1380,0
1075,1284,1206,1075,707,493,1085,633,455,1437,761,1299,904,633,996,725,0,0,1380,0
1079,1284,1206,1079,1442,493,0,633,455,1039,761,0,904,633,996,725,768,761,1380,1248
1079,1284,1206,1079,1442,493,0,633,455,1039,761,0,904,633,996,725,768,761,1380,1248
1090,1284,1206,1090,794,493,511,633,455,1446,761,686,904,633,996,725,0,761,1380,0
1090,1284,1206,1090,794,493,511,633,455,1446,761,686,904,633,996,725,0,761,1380,0
1093,1284,1206,1093,1250,493,1261,633,1433,1448,761,841,904,633,996,725,774,761,1380,487
1093,1284,1206,1093,1250,493,1261,633,1433,1448,761,841,904,633,996,725,774,761,1380,487
1101,1284,1206,1101,706,493,0,633,1433,1049,761,1346,904,633,996,725,0,761,1380,1184
1101,1284,1206,1101,706,493,0,633,1433,1049,761,1346,904,633,996,725,0,761,1380,1184
1109,1284,1206,1109,1367,1156,544,633,1433,1059,761,0,904,1096,996,725,1323,761,1380,1250
1109,1303,1222,1109,1367,1156,544,633,1433,1059,761,0,904,1096,996,725,1323,761,1380,1250
1112,1303,1222,1112,1345,1156,1267,1250,1433,1280,1393,678,918,1096,1187,0,0,761,1380,0
1112,1303,1222,1112,1345,1156,1267,1250,1433,1280,1393,678,918,1096,1187,0,0,761,1380,0
1123,1303,1222,1123,1251,980,0,1269,1433,1281,1393,0,0,1096,1261,850,694,761,1380,904
1123,1303,1222,1123,1251,1128,0,1269,1433,1281,1393,0,0,1096,1261,850,694,761,1380,904
1126,1303,1222,1126,1204,974,807,1429,1433,1281,1393,388,0,1096,1402,0,696,761,0,904
1126,1303,1222,1126,1204,974,807,1429,1433,1281,1393,388,0,1096,1402,0,696,761,0,904
1127,1303,1222,1127,1342,1175,1404,1314,1433,1281,1393,1267,585,1096,1361,0,706,0,0,904
1127,1303,1222,1127,1342,1175,1404,1314,1433,1281,1393,1267,585,1096,1361,0,706,0,0,904
1132,1303,1222,1132,821,1175,1404,1314,1433,1281,1393,1285,585,1096,1361,0,1234,0,0,904
1132,1303,1222,1132,821,1175,1404,1314,1433,1281,1393,1285,585,1096,1361,0,1234,0,0,904
1136,1304,1225,1136,837,1189,865,1314,105,1281,1393,1367,585,1096,876,0,0,1281,0,904
1136,1304,1225,1136,837,1189,865,1314,105,1281,1393,1367,585,1096,876,0,0,1281,0,904
1140,1304,1225,1140,850,1189,933,1314,105,1281,1393,0,585,1096,0,1039,719,1281,0,904
1140,1304,1225,1140,850,1189,933,1314,169,1281,1393,0,585,1096,0,1039,719,1281,0,904
1141,1304,1225,1141,857,765,0,1314,169,1281,1393,799,585,0,969,0,1135,1281,0,904
1141,1304,1225,1141,857,765,0,1314,169,1281,1393,799,585,0,969,0,1135,1281,0,904
1148,1304,1225,1148,867,822,1088,1314,310,1281,725,800,585,0,1391,1058,1142,1281,0,904
1148,1304,1225,1148,867,822,1088,1314,310,1281,725,800,585,0,1391,1058,1142,1281,0,904
1149,1304,1225,1149,1402,1379,0,1314,310,545,725,800,585,1169,1391,1065,0,1281,0,921
1149,1304,1225,1149,1402,1379,0,1314,392,545,725,800,585,1169,1391,1065,0,1281,0,921
1150,1304,1225,1150,1350,1380,946,1314,392,545,725,800,585,1169,719,1117,743,1281,0,1424
1150,1306,1305,1150,1350,1380,946,1314,392,619,725,800,585,1169,719,1117,743,1281,0,1424
1160,1306,1305,1160,946,1380,1407,1366,401,619,725,800,0,1169,1411,1117,1100,1281,1417,1445
1160,1306,1305,1160,946,1380,1407,1366,401,619,725,800,0,1169,1411,1117,1100,1281,1417,1445
1161,1306,1305,1161,1443,1380,1407,1366,401,670,725,800,706,1169,1411,1117,1251,1281,1417,0
1161,1306,1305,1161,1443,1380,1407,1366,452,670,725,800,706,1169,1411,1117,1251,1281,1417,0
1167,1306,1305,1167,1120,1380,1119,1366,452,670,725,800,794,1169,794,1117,0,994,1417,1254
1167,1306,1305,1167,1120,1380,1119,1366,452,724,725,800,794,1169,794,1117,0,994,1417,1254
1178,1306,1305,1178,1271,1380,1120,1366,503,724,725,800,927,1169,865,1117,1190,994,1417,1375
1178,1306,1305,1178,1271,1380,1120,1366,503,724,725,800,927,1169,865,1117,1190,994,1417,1375
1179,1306,1305,1179,1039,1380,1121,1366,503,758,725,800,0,1169,904,1117,0,994,1417,1378
1179,1306,1305,1179,1039,1380,1121,1366,531,758,725,800,0,1169,904,1117,0,994,1417,1378
1188,1334,1339,1188,1048,1380,1142,1366,531,758,1153,0,0,1169,904,1117,739,994,1417,0
1188,1334,1339,1188,1048,1380,1142,1366,531,763,1153,0,0,1169,904,1117,739,994,1417,0
1193,1334,1339,1193,1062,1380,1151,1366,564,763,1158,1369,455,1206,904,1117,0,994,1417,507
1193,1334,1339,1193,1062,1380,1151,1366,564,763,1158,1369,455,1206,904,1117,0,994,1417,507
1199,1334,1339,1199,1273,1384,1164,1366,564,766,1177,1379,455,1206,904,1117,747,994,1417,0
1199,1334,1339,1199,1273,1384,1164,1366,600,766,1177,1379,455,1206,904,1117,747,994,1417,0
1203,1334,1339,1203,1279,1192,1273,197,600,796,1212,1380,455,1206,904,1117,0,994,0,1186
1203,1334,1339,1203,1279,1192,1273,197,600,796,1212,1380,455,1206,904,1117,0,994,0,1186
1218,1334,1339,1218,1292,1192,1392,197,606,804,0,1380,455,1206,904,1078,817,994,0,1258
1218,1334,1339,1218,1292,1192,1392,472,606,804,0,1380,455,1206,904,1078,817,994,0,1258
1220,1334,1339,1220,1369,1201,1393,472,606,818,0,1380,455,1206,904,0,829,1169,1060,1384
1220,1353,1344,1220,1369,1201,1393,472,612,818,0,1380,455,1206,904,0,829,1169,1060,1384
1232,1353,1344,1232,1378,1201,1393,714,612,825,0,1380,455,1206,904,0,830,1169,0,1397
1232,1353,1344,1232,1378,1201,1393,714,612,825,0,1380,455,1206,904,0,830,1169,0,1397
1233,1353,1344,1233,1383,725,1393,714,672,831,0,1380,455,1206,0,1088,0,1169,0,0
1233,1353,1344,1233,1383,725,1393,715,672,831,0,1380,455,1206,0,1088,0,1169,0,0
1235,1353,1344,1235,1444,725,1393,715,688,839,782,1380,455,1206,974,1096,0,1169,0,0
1235,1353,1344,1235,1444,725,1393,715,688,839,782,1380,455,1206,974,1096,0,1169,0,0
1236,1353,1344,1236,612,725,1393,732,700,881,782,1380,536,1060,1151,1096,967,1169,0,994
1236,1353,1344,1236,612,725,1393,732,700,881,782,1380,536,1060,1151,1096,967,1169,0,994
1239,1353,1344,1239,612,725,1393,732,709,915,782,1380,0,1065,1198,1096,0,1169,0,994
1239,1353,1344,1239,612,725,1393,781,709,915,782,1380,0,1065,1198,1096,0,1169,0,994
1241,1354,1349,1241,612,725,1393,781,772,930,782,647,0,1066,1418,1096,837,1169,633,994
1241,1354,1349,1241,724,725,1393,781,772,930,782,647,0,1066,1418,1096,837,1169,633,994
1242,1354,1349,1242,724,725,1393,787,777,943,782,696,632,1066,1306,1096,979,1169,633,994
1242,1354,1349,1242,724,725,1393,787,777,943,782,696,632,1066,1306,1096,979,1169,633,994
1243,1354,1349,1243,724,725,1306,787,789,952,782,1288,0,1066,1306,1096,0,1230,633,994
1243,1354,1349,1243,724,725,1306,840,789,952,782,1288,0,1066,1306,1096,0,1230,633,994
1244,1354,1349,1244,987,725,1099,840,791,964,782,0,946,1066,869,1096,550,1238,633,994
1244,1354,1349,1244,987,725,1099,840,791,964,782,0,946,1066,869,1096,550,1238,633,994
1252,1354,1349,1252,987,1416,0,868,813,980,782,550,0,1066,0,1096,0,1272,633,994
1252,1354,1349,1252,987,1416,0,868,813,980,782,550,0,1066,0,1096,0,1272,633,994
1255,1354,1349,1255,987,1418,821,868,870,982,0,0,0,1066,1120,265,896,1405,633,994
1255,1361,1362,1255,997,1418,821,875,870,982,0,0,0,1066,1120,265,896,1405,633,994
1256,1361,1362,1256,997,1419,0,875,913,1008,0,896,271,1066,1405,1097,1143,1406,633,0
1256,1361,1362,1256,997,1419,0,875,913,1008,0,896,271,1066,1405,1097,1143,1406,633,0
1259,1361,1362,1259,997,1423,967,878,917,1013,971,897,493,1066,1406,1113,0,1408,633,1289
1259,1361,1362,1259,997,1423,967,878,917,1013,971,897,493,1066,1406,1113,0,1408,633,1289
1260,1361,1362,1260,1000,1222,1111,878,931,1020,1272,1181,493,0,0,0,906,1413,0,0
1260,1361,1362,1260,1000,1222,1111,889,931,1020,1272,1181,493,0,0,0,906,1413,0,0
1262,1361,1362,1262,1000,1222,0,889,940,1021,1308,0,493,0,1410,1119,907,1423,0,1271
1262,1361,1362,1262,1000,1222,0,889,940,1021,1308,0,493,0,1410,1119,907,1423,0,1271
1263,1361,1362,1263,1000,1225,782,901,987,1022,1311,906,493,0,1412,1120,1217,1424,0,1296
1263,1361,1362,1263,1023,1225,782,901,987,1022,1311,906,493,0,1412,1120,1217,1424,0,1296
1266,1364,1372,1266,1023,1225,782,901,992,1023,1314,1196,493,0,1419,1121,1298,1426,0,0
1266,1364,1372,1266,1023,1225,782,902,992,1023,1314,1196,493,0,1419,1121,1298,1426,0,0
1268,1364,1372,1268,1023,1095,782,902,997,1024,1314,0,493,0,1306,1405,1420,1432,0,0
1268,1364,1372,1268,1023,1095,782,902,997,1024,1314,0,493,0,1306,1405,1420,1432,0,0
1270,1364,1372,1270,1052,1227,782,909,1000,1052,1314,651,493,0,1306,1408,0,1433,0,707
1270,1364,1372,1270,1052,1227,782,909,1000,1052,1314,651,493,0,1306,1408,0,1433,0,707
1275,1364,1372,1275,1052,1272,782,909,1012,1073,1314,1069,493,0,1358,1423,468,1433,0,1307
1275,1364,1372,1275,1052,1272,782,928,1012,1073,1314,1069,493,0,1358,1423,468,1433,0,1307
1294,1364,1372,1294,1052,1330,782,928,1015,1105,1314,1445,0,0,1359,1415,468,1433,0,1307
1294,1364,1372,1294,1056,1330,782,928,1015,1105,1314,1445,0,0,1359,1415,468,1433,0,1307
1300,1364,1372,1300,1056,1395,782,932,1030,1110,1314,0,830,1393,1366,1415,468,1433,1096,1307
1300,1394,1382,1300,1056,1395,782,932,1030,1110,1314,0,830,1393,1366,1415,468,1433,1096,1307
1301,1394,1382,1301,1056,1395,782,932,1032,1114,1314,1077,949,1393,1366,1415,468,1433,1096,1307
1301,1394,1382,1301,1056,1395,782,962,1032,1114,1314,1077,949,1393,1366,1415,468,1433,1096,1307
1302,1394,1382,1302,1073,1395,1405,962,1040,1128,1314,1080,1039,1393,1366,1415,468,1433,1096,1307
1302,1394,1382,1302,1073,1395,1405,962,1040,1128,1314,1080,1039,1393,1366,1415,468,1433,1096,1307
1310,1394,1382,1310,1073,1395,1406,1075,1041,1145,0,1088,0,1393,1366,1415,468,1433,1096,1307
1310,1394,1382,1310,1073,1395,1406,1075,1041,1145,0,1088,0,1393,1366,1415,468,1433,1096,1307
1315,1394,1382,1315,1073,1395,1408,1075,1047,1156,0,0,1059,1393,1366,1314,468,1433,1096,1307
1315,1394,1382,1315,1102,1395,1408,1079,1047,1156,0,0,1059,1393,1366,1314,468,1433,1096,1307
1318,1394,1382,1318,1102,1395,0,1079,1056,1167,1066,1100,0,1393,1366,1314,468,1394,1096,1307
1318,1394,1382,1318,1102,1395,0,1079,1056,1167,1066,1100,0,1393,1366,1314,468,1394,1096,1307
1321,1399,1386,1321,1102,1395,1410,1090,1102,1175,1066,1204,0,1393,1366,1314,822,1394,1096,1305
1321,1399,1386,1321,1102,1395,1410,1090,1102,1175,1066,1204,0,1393,1366,1314,822,1394,1096,1305
1322,1399,1386,1322,1105,1395,1412,1090,1160,1188,1066,0,708,1393,1366,1314,953,1394,1096,1305
1322,1399,1386,1322,1105,1395,1412,1093,1160,1188,1066,0,708,1393,1366,1314,953,1394,1096,1305
1324,1399,1386,1324,1105,1339,1411,1093,1179,1189,1066,863,1307,1206,1305,1314,0,1394,1019,265
1324,1399,1386,1324,1105,1339,1411,1093,1179,1189,1066,863,1307,1206,1305,1314,0,1394,1019,265
1326,1399,1386,1326,1105,1339,1411,1101,1199,1192,1066,0,1307,1206,737,1314,865,1394,1019,271
1326,1399,1386,1326,1110,1339,1411,1101,1199,1192,1066,0,1307,1206,737,1314,865,1394,1019,271
1331,1399,1386,1331,1110,1344,1169,1101,1214,1201,1066,511,1307,1206,0,1314,0,1394,1019,1279
1331,1399,1386,1331,1110,1344,1169,1109,1214,1201,1066,511,1307,1206,0,1314,0,1394,1019,1279
1332,1404,1391,1332,1110,1344,1169,1109,1220,1206,1066,1209,1307,1206,0,1314,413,1394,1019,0
1332,1404,1391,1332,1110,1344,1169,1109,1220,1206,1066,1209,1307,1206,0,1314,413,1394,1019,0
1333,1404,1391,1333,1114,1019,1169,1112,1236,1210,1066,1258,1307,1206,1016,1117,0,1279,1019,541
1333,1404,1391,1333,1114,1019,1169,1112,1236,1210,1066,1258,1307,1206,1016,1117,0,1279,1019,541
1337,1404,1391,1337,1114,1019,1169,1112,1243,1213,1135,0,1307,976,1392,1117,841,1312,1019,1342
1337,1404,1391,1337,1114,1019,1169,1123,1243,1213,1135,0,1307,976,1392,1117,841,1312,1019,1342
1338,1404,1391,1338,1114,1019,1169,1123,1252,1218,0,694,1307,1416,1393,455,1196,1317,1019,0
1338,1404,1391,1338,1210,1019,1169,1123,1252,1218,0,694,1307,1416,1393,455,1196,1317,1019,0
1343,1404,1391,1343,1210,1019,1169,1126,1259,1222,1190,0,1307,1417,1393,455,0,1320,1019,0
1343,1404,1391,1343,1210,1019,1169,1126,1259,1222,1190,0,1307,1417,1393,455,0,1320,1019,0
1348,1411,1407,1348,1210,1019,1169,1126,1268,1225,1446,856,933,1417,1393,455,708,1328,1066,1007
1348,1411,1407,1348,1210,1019,1169,1127,1268,1225,1446,856,933,1417,1393,455,708,1328,1066,1007
1352,1411,1407,1352,1213,1019,1169,1127,1270,1232,0,0,1311,1417,1393,455,1347,1342,1066,1187
1352,1411,1407,1352,1213,1019,1169,1127,1270,1232,0,0,1311,1417,1393,455,1347,1342,1066,1187
1363,1411,1407,1363,1213,1019,1417,1132,1277,1233,0,474,1304,1417,1393,455,0,1383,1066,1269
1363,1411,1407,1363,1213,1019,1417,1132,1277,1233,0,474,1304,1417,1393,455,0,1383,1066,1269
1368,1411,1407,1368,1213,1019,1417,1136,1294,1239,0,1323,1304,1417,1393,455,857,1389,1066,1291
1368,1411,1407,1368,1214,1019,1417,1136,1294,1239,0,1323,1304,1417,1393,455,857,1389,1066,1291
1371,1411,1407,1371,1214,1066,1417,1140,1301,1241,0,1351,515,1417,1393,455,0,1394,1066,1420
1371,1411,1407,1371,1214,1066,1417,1140,1301,1241,0,1351,515,1417,1393,455,0,1394,1066,1420
1374,1421,1415,1374,1214,1066,1417,1141,1324,1242,1395,0,1273,1417,1393,455,1281,1394,1066,0
1374,1421,1415,1374,1214,1066,1417,1141,1324,1242,1395,0,1273,1417,1393,455,1281,1394,1066,0
1376,1421,1415,1376,1277,1066,1417,1148,1332,1244,1395,761,1400,1417,1305,633,1281,1394,1066,0
1376,1421,1415,1376,1277,1066,1417,1148,1332,1244,1395,761,1400,1417,1305,633,1281,1394,1066,0
1381,1421,1415,1381,1277,1066,1417,1149,1334,1260,1395,761,1303,1206,994,633,1281,1394,1066,1066
1381,1421,1415,1381,1277,1066,1417,1149,1334,1260,1395,761,1303,1206,994,633,1281,1394,1066,1066
1385,1421,1415,1385,1284,1066,1417,1150,1337,1275,1395,761,1303,1206,994,633,1281,1394,1169,1066
1385,1421,1415,1385,1284,1066,1417,1150,1337,1275,1395,761,1303,1206,994,633,1281,1394,1169,1066
1390,1421,1415,1390,1284,1066,1417,1161,1343,1284,1395,761,969,1206,994,633,1281,1394,1169,1066
1390,1421,1415,1390,1284,1066,1417,1161,1343,1284,1395,761,969,1206,994,633,1281,1394,1169,1066
1396,1436,1422,1396,1334,1066,1117,1178,1352,1310,1395,761,0,1206,994,633,1281,1394,1169,1066
1396,1436,1422,1396,1334,1066,1117,1178,1352,1310,1395,761,0,1206,994,633,1281,1394,1169,1066
1398,1436,1422,1398,1334,1066,1117,1193,1353,1315,1395,761,0,1206,994,633,1281,1394,1169,1066
1398,1436,1422,1398,1334,1066,1117,1193,1353,1315,1395,761,0,1206,994,633,1281,1394,1169,1066
1401,1436,1422,1401,1353,1096,1117,1203,1354,1318,1395,761,1314,1019,994,633,1281,1357,1169,1066
1401,1436,1422,1401,1353,1096,1117,1203,1354,1318,1395,761,1314,1019,994,633,1281,1357,1169,1066
1403,1436,1422,1403,1353,1096,1117,1235,1374,1321,1364,761,1314,1019,994,633,1362,1357,1169,1066
1403,1436,1422,1403,1353,1096,1117,1235,1374,1321,1364,761,1314,1019,994,633,1362,1357,1169,1066
1414,1436,1422,1414,1354,1096,1117,1255,1376,1322,1364,0,1314,1019,994,1404,1362,1357,1169,1066
1414,1436,1422,1414,1354,1096,1117,1255,1376,1322,1364,0,1314,1019,994,1404,1362,1357,1169,1066
1427,1441,1448,1427,1354,1096,1117,1256,1381,1326,1364,0,1314,1019,1305,1404,1362,1357,1169,1305
1427,1441,1448,1427,1354,1096,1117,1256,1381,1326,1364,0,1314,1019,1305,1404,1362,1357,1169,1305
1429,1441,1448,1429,1399,1096,1117,1262,1390,1331,1364,0,1314,1019,1305,1404,1362,1357,0,1305
1429,1441,1448,1429,1399,1096,1117,1262,1390,1331,1364,0,1314,1019,1305,1404,1362,1357,0,1305
1435,1441,1448,1435,1399,1096,1117,1263,1396,1333,1364,0,1314,1019,1305,1404,1362,1357,0,1305
1435,1441,1448,1435,1399,1096,1306,1263,1396,1333,1364,0,1314,1019,1305,1404,1362,1357,0,1305
1437,1441,1448,1437,1441,1096,1306,1266,1398,1338,1364,0,1314,1019,1305,1404,1362,1357,0,1305
1437,1441,1448,1437,1441,1096,1306,1266,1398,1338,1364,0,1314,1019,1305,1404,1362,1357,0,1305
1447,1441,1448,1447,1441,1096,1306,1300,1399,1339,1364,0,1314,1019,1305,1404,1362,1357,0,1305
1447,1441,1448,1447,1441,1096,1306,1300,1399,1339,1364,0,1314,1019,1305,1404,1362,1357,0,1305