176,1
177,1
178,2