71,36,43,71,414,0,0,18,0,153,0,0,189,184,428,422,0,0,182,428
71,36,43,71,414,0,0,18,0,153,0,0,189,184,428,422,0,0,182,428
71,36,43,71,128,18,0,423,192,438,18,178,189,184,428,423,219,18,0,428
71,36,43,71,128,18,0,423,192,438,18,178,189,184,428,423,219,18,0,428
71,36,43,71,311,194,178,431,361,83,357,0,189,184,428,430,279,0,194,428
72,36,43,72,311,194,178,431,361,83,357,0,189,184,428,430,279,0,194,428
72,36,43,72,408,194,182,431,400,83,403,225,189,184,428,0,283,0,194,428
72,36,43,72,408,194,182,431,400,83,403,225,189,184,428,0,283,0,194,428
72,36,43,72,409,194,0,431,400,83,43,0,189,184,428,0,294,83,194,428
72,36,43,72,409,194,0,431,400,83,43,0,189,184,428,0,294,83,194,428
94,36,43,94,361,194,295,431,400,83,43,231,189,184,428,0,0,83,194,428
94,36,43,94,361,194,295,431,400,83,43,231,189,184,428,0,0,83,194,428
94,36,43,94,260,194,0,431,128,83,43,281,189,184,428,0,0,83,194,428
94,36,43,94,260,194,0,431,128,83,43,281,189,184,428,0,0,83,194,428
94,36,43,94,295,194,332,431,129,83,43,0,189,184,428,0,0,83,194,428
95,36,43,95,295,194,332,431,129,83,43,0,189,184,428,0,0,83,194,428
95,36,43,95,404,194,418,431,129,83,83,0,0,326,0,0,99,83,194,0
95,36,43,95,404,194,418,431,129,83,83,0,0,326,0,0,99,83,194,0
95,36,43,95,283,194,0,431,129,83,83,0,0,326,0,98,99,83,194,286
95,36,43,95,283,194,0,431,129,83,83,0,0,326,0,98,99,83,194,286
109,36,43,109,192,0,0,360,129,354,83,0,0,326,83,98,99,83,0,326
109,36,43,109,192,0,0,360,129,354,83,0,0,326,83,98,99,83,0,326
109,36,43,109,120,127,133,413,129,439,83,182,98,326,83,98,99,83,192,326
109,36,43,109,120,127,133,413,129,439,83,182,98,326,83,98,99,83,192,326
109,36,43,109,178,127,0,425,129,138,83,0,98,326,83,98,99,0,0,326
122,36,43,122,178,127,0,425,129,138,83,0,98,326,83,98,99,0,0,326
122,36,43,122,339,127,0,425,129,250,83,279,98,326,83,98,99,0,0,326
122,36,43,122,339,127,0,425,129,250,83,279,98,326,83,98,99,0,0,326
122,36,43,122,286,127,260,294,129,281,83,402,98,326,83,98,99,128,233,326
122,36,43,122,286,127,260,294,129,281,83,402,98,326,83,98,99,128,233,326
144,36,43,144,411,127,0,355,145,147,83,0,98,326,83,98,99,194,0,326
144,36,43,144,411,127,0,355,145,147,83,0,98,326,83,98,99,194,0,326
144,36,43,144,153,127,0,379,286,219,0,0,98,0,83,98,0,194,0,326
144,36,43,144,153,127,0,379,286,219,0,0,98,0,83,98,0,194,0,326
144,36,43,144,133,127,333,356,326,279,128,0,98,98,83,0,0,194,0,326
146,36,43,146,133,127,333,356,326,279,128,0,98,98,83,0,0,194,0,326
146,36,43,146,266,127,426,225,326,403,339,0,98,98,169,99,0,194,0,414
146,36,43,146,266,127,426,225,326,403,339,0,98,98,169,99,0,194,0,414
146,36,43,146,138,0,0,386,326,98,351,99,437,98,169,99,133,194,98,0
146,36,43,146,138,0,0,386,326,98,351,99,437,98,169,99,133,194,98,0
162,36,43,162,249,0,0,356,326,98,395,99,0,98,169,99,0,194,98,0
162,36,43,162,249,0,0,356,326,98,395,99,0,98,169,99,0,194,98,0
162,36,43,162,436,0,169,120,326,98,43,99,0,98,169,99,0,194,98,192
162,36,43,162,436,0,169,120,326,98,43,99,0,98,169,99,0,194,98,192
162,36,43,162,145,0,169,0,326,98,43,99,0,98,169,99,120,194,98,0
181,36,43,181,145,0,169,0,326,98,43,99,0,98,169,99,120,194,98,0
181,36,43,181,147,0,169,189,326,98,43,99,0,98,169,99,0,127,98,240
181,36,43,181,147,0,169,189,326,98,43,99,0,98,169,99,0,127,98,240
181,36,43,181,346,0,169,189,326,98,43,99,0,98,169,99,286,127,98,0
181,36,43,181,346,0,169,189,326,98,43,99,0,98,169,99,286,127,98,0
190,36,43,190,231,0,169,189,424,98,43,99,0,373,169,99,326,127,98,0
190,36,43,190,231,0,169,189,424,98,43,99,0,373,169,99,326,127,98,0
190,36,43,190,269,0,169,189,424,98,147,99,0,431,0,129,326,127,98,324
190,36,43,190,269,0,169,189,424,98,147,99,0,431,0,129,326,127,98,324
190,36,43,190,182,262,169,189,184,99,294,127,0,431,129,129,326,127,0,0
197,36,43,197,182,262,169,189,184,99,294,127,0,431,129,129,326,127,0,0
197,36,43,197,280,262,169,189,184,99,360,127,409,431,129,129,326,127,225,0
197,36,43,197,280,262,169,189,184,99,360,127,409,431,129,129,326,127,225,0
197,36,43,197,299,262,116,189,184,99,43,127,0,431,129,129,326,127,0,0
197,36,43,197,299,262,116,189,184,99,43,127,0,431,129,129,326,127,0,0
221,36,43,221,304,262,116,189,184,99,43,127,0,431,129,129,326,127,0,0
221,36,43,221,304,262,116,189,184,99,43,127,0,431,129,129,326,127,0,0
221,36,43,221,417,262,116,392,184,99,43,127,0,431,129,129,326,249,231,0
221,36,43,221,417,262,116,392,184,99,43,127,0,431,129,129,326,249,231,0
221,36,43,221,210,262,116,359,184,99,43,127,0,431,129,129,326,0,232,333
224,36,43,224,210,262,116,359,184,99,43,127,0,431,129,129,326,0,232,333
224,36,43,224,426,262,116,123,184,99,43,127,83,431,129,129,0,0,232,0
224,36,43,224,426,262,116,123,184,99,43,127,83,431,129,129,0,0,232,0
224,36,43,224,219,262,116,123,184,99,127,127,83,0,129,184,169,0,232,0
224,36,43,224,219,262,116,123,184,99,127,127,83,0,129,184,169,0,232,0
226,36,43,226,225,349,116,123,422,156,127,145,83,194,0,184,169,0,232,0
226,36,43,226,225,349,116,123,422,156,127,145,83,194,0,184,169,0,232,0
226,36,43,226,379,349,116,123,428,156,127,326,83,194,138,184,169,0,232,120
226,36,43,226,379,349,116,123,428,156,127,326,83,194,138,184,169,0,232,120
226,36,43,226,294,349,0,123,428,156,127,326,83,194,250,184,169,0,232,370
230,36,43,230,294,349,0,123,428,156,127,326,83,194,250,184,169,0,232,370
230,36,43,230,233,349,240,123,428,156,127,326,83,194,0,184,169,0,232,401
230,36,43,230,233,349,240,123,428,156,127,326,83,194,0,184,169,0,232,401
230,36,43,230,279,349,269,123,428,156,127,326,83,194,153,184,169,0,232,437
230,36,43,230,279,349,269,123,428,156,127,326,83,194,153,184,169,0,232,437
236,36,43,236,240,349,0,123,428,156,127,326,83,194,418,184,169,0,0,0
236,36,43,236,240,349,0,123,428,156,127,326,83,194,418,184,169,0,0,0
236,36,43,236,250,349,312,135,428,156,127,326,127,194,431,184,169,0,0,0
236,36,43,236,250,349,312,135,428,156,127,326,127,194,431,184,169,0,0,0
236,36,43,236,281,349,312,135,428,156,194,326,127,194,431,232,178,0,0,0
246,36,43,246,281,349,312,135,428,156,194,326,127,194,431,232,178,0,0,0
246,36,43,246,306,158,312,135,428,283,194,326,127,210,431,232,232,170,138,0
246,36,43,246,306,158,312,135,428,283,194,326,127,210,431,232,232,170,138,0
246,36,43,246,406,158,312,135,71,435,194,0,127,332,431,232,232,170,219,0
246,36,43,246,406,158,312,135,71,435,194,0,127,332,431,232,232,170,219,0
248,36,43,248,388,158,312,135,210,231,194,283,127,0,431,232,232,170,250,0
248,36,43,248,388,158,312,135,210,231,194,283,127,0,431,232,232,170,250,0
248,36,43,248,418,158,312,135,266,233,194,0,127,0,431,232,232,170,0,0
248,36,43,248,418,158,312,135,266,233,194,0,127,0,431,232,232,170,0,0
248,36,43,248,300,158,312,135,340,0,194,0,127,0,431,232,232,170,0,0
256,36,43,256,300,158,312,135,340,0,194,0,127,0,431,232,232,170,0,0
256,36,43,256,437,158,312,135,340,249,194,0,127,0,431,232,232,170,0,0
256,36,43,256,437,158,312,135,340,249,194,0,127,0,431,232,232,170,0,0
256,36,43,256,354,158,0,404,340,0,194,0,169,0,170,232,232,170,0,0
256,36,43,256,354,158,0,404,340,0,194,0,169,0,170,232,232,170,0,0
259,36,43,259,413,158,335,406,340,368,0,184,169,0,170,123,232,170,99,0
259,36,43,259,413,158,335,406,340,368,0,184,169,0,170,123,232,170,99,0
259,36,43,259,321,254,430,408,340,0,0,184,169,0,170,123,280,252,99,0
259,36,43,259,321,254,430,408,340,0,0,184,169,0,170,123,280,252,99,0
259,36,43,259,322,254,0,409,340,370,189,184,169,0,170,123,0,252,99,133
263,36,43,263,322,254,0,409,340,370,189,184,169,0,170,123,0,252,99,133
263,36,43,263,385,254,0,411,340,385,189,184,169,0,170,123,295,252,99,145
263,36,43,263,385,254,0,411,340,385,189,184,169,0,170,123,295,252,99,145
263,36,43,263,324,254,170,414,340,387,189,184,169,0,170,123,0,252,99,408
263,36,43,263,324,254,170,414,340,387,189,184,169,0,170,123,0,252,99,408
285,36,43,285,331,254,170,427,383,395,189,184,169,0,170,123,0,252,99,0
285,36,43,285,331,254,170,427,383,395,189,184,169,0,170,123,0,252,99,0
285,36,43,285,332,254,170,427,416,393,189,184,169,0,170,123,0,252,99,0
285,36,43,285,332,254,170,427,416,393,189,184,169,0,170,123,0,252,99,0
285,36,43,285,333,254,170,338,416,280,189,184,266,123,116,123,156,252,99,0
290,36,43,290,333,254,170,338,416,280,189,184,266,123,116,123,156,252,99,0
290,36,43,290,335,254,170,339,416,0,189,252,382,123,116,426,156,252,116,116
290,36,43,290,335,254,170,339,416,0,189,252,382,123,116,426,156,252,116,116
290,36,43,290,338,207,170,0,213,220,189,252,385,123,116,0,156,0,116,116
290,36,43,290,338,207,170,0,213,220,189,252,385,123,116,0,156,0,116,116
291,36,43,291,350,207,170,346,213,220,262,252,387,123,116,0,156,153,116,116
291,36,43,291,350,207,170,346,213,220,262,252,387,123,116,0,156,153,116,116
291,36,43,291,351,207,170,350,213,220,262,252,411,123,116,0,156,233,116,116
291,36,43,291,351,207,170,350,213,220,262,252,411,123,116,0,156,233,116,116
291,36,43,291,355,207,373,351,213,220,262,252,0,123,116,0,156,360,116,116
296,36,43,296,355,207,373,351,213,220,262,252,0,123,116,0,156,360,116,116
296,36,43,296,357,207,382,352,213,220,262,252,0,123,116,0,156,0,116,116
296,36,43,296,357,207,382,352,213,220,262,252,0,123,116,0,156,0,116,116
296,36,43,296,395,207,390,352,213,220,262,252,0,123,116,0,156,0,116,116
296,36,43,296,395,207,390,352,213,220,262,252,0,123,116,0,156,0,116,116
301,36,43,301,360,207,398,352,213,220,262,252,0,0,156,0,135,0,116,116
301,36,43,301,360,207,398,352,213,220,262,252,0,0,156,0,135,0,116,116
301,36,43,301,368,207,417,352,213,220,262,116,269,0,156,135,135,0,422,123
301,36,43,301,368,207,417,352,213,220,262,116,269,0,156,135,135,0,422,123
301,36,43,301,370,235,434,352,232,261,262,116,0,0,156,135,135,129,426,123
303,36,43,303,370,235,434,352,232,261,262,116,0,0,156,135,135,129,426,123
303,36,43,303,0,235,0,352,232,261,431,116,349,0,156,135,135,129,434,123
303,36,43,303,0,235,0,352,232,261,431,116,349,0,156,135,135,129,434,123
303,36,43,303,373,235,0,352,232,261,431,116,349,0,156,135,135,129,0,123
303,36,43,303,373,235,0,352,232,261,431,116,349,0,156,135,135,129,0,123
307,36,43,307,382,235,202,352,232,261,431,116,349,0,156,135,135,129,0,123
307,36,43,307,382,235,202,352,232,261,431,116,349,0,156,135,135,129,0,123
307,36,43,307,383,235,202,401,232,261,431,116,349,0,156,135,135,129,0,123
307,36,43,307,383,235,202,401,232,261,431,116,349,0,156,135,135,129,0,123
307,36,43,307,386,235,202,359,232,261,431,116,349,0,156,135,135,129,0,123
309,36,43,309,386,235,202,359,232,261,431,116,349,0,156,135,135,129,0,123
309,36,43,309,387,235,202,271,232,261,431,116,349,135,252,135,147,129,0,123
309,36,43,309,387,235,202,271,232,261,431,116,349,135,252,135,147,129,0,123
309,36,43,309,390,235,202,271,232,261,431,135,349,135,252,0,0,129,123,350
309,36,43,309,390,235,202,271,232,261,431,135,349,135,252,0,0,129,123,350
310,36,43,310,398,257,202,271,306,273,431,135,349,135,252,158,0,349,123,0
310,36,43,310,398,257,202,271,306,273,431,135,349,135,252,158,0,349,123,0
310,36,43,310,392,257,202,271,0,273,129,135,413,135,252,158,210,349,123,368
310,36,43,310,392,257,202,271,0,273,129,135,413,135,252,158,210,349,123,368
310,36,43,310,401,257,202,271,311,273,129,135,0,135,252,158,0,349,123,379
315,36,43,315,401,257,202,271,311,273,129,135,0,135,252,158,0,349,123,379
315,36,43,315,402,257,299,271,388,273,129,135,0,135,252,158,260,349,123,409
315,36,43,315,402,257,299,271,388,273,129,135,0,135,252,158,260,349,123,409
315,36,43,315,403,257,300,271,402,273,129,135,0,135,252,158,281,349,123,0
315,36,43,315,403,257,300,271,402,273,129,135,0,135,252,158,281,349,123,0
325,36,43,325,422,257,304,271,419,273,129,135,0,135,252,158,385,349,123,0
325,36,43,325,422,257,304,271,419,273,129,135,0,135,252,158,385,349,123,0
325,36,43,325,423,257,324,276,419,273,129,135,156,0,321,158,386,349,123,0
325,36,43,325,423,257,324,276,419,273,129,135,156,0,321,158,386,349,123,0
325,36,43,325,430,257,357,276,419,273,129,213,156,0,331,158,388,349,260,158
327,36,43,327,430,257,357,276,419,273,129,213,156,0,331,158,388,349,260,158
327,36,43,327,434,407,436,276,277,144,129,213,156,0,0,189,401,383,269,158
327,36,43,327,434,407,436,276,277,144,129,213,156,0,0,189,401,383,269,158
327,36,43,327,36,407,0,276,277,144,346,213,156,333,0,189,0,388,436,158
327,36,43,327,36,407,0,276,277,144,346,213,156,333,0,189,0,388,436,158
328,36,43,328,36,407,0,276,277,144,354,213,156,0,0,189,0,398,0,158
328,36,43,328,36,407,0,276,277,144,354,213,156,0,0,189,0,398,0,158
328,36,43,328,36,407,252,276,277,144,361,213,156,0,0,189,0,402,0,158
328,36,43,328,36,407,252,276,277,144,361,213,156,0,0,189,0,402,0,158
328,36,43,328,36,407,252,276,277,146,43,213,156,0,0,189,0,0,0,158
330,36,43,330,36,407,252,276,277,146,43,213,156,0,0,189,0,0,0,158
330,36,43,330,36,407,252,276,277,146,43,213,156,0,0,189,411,0,0,158
330,36,43,330,36,407,252,276,277,146,43,213,156,0,0,189,411,0,0,158
330,36,43,330,36,407,252,109,277,146,43,213,312,158,189,189,0,0,0,158
330,36,43,330,36,407,252,109,277,146,43,213,312,158,189,189,0,0,0,158
336,36,43,336,36,407,252,109,277,146,43,373,312,158,189,189,0,0,158,169
336,36,43,336,36,407,252,109,277,146,43,373,312,158,189,189,0,0,158,169
336,36,43,336,36,43,252,109,36,162,43,379,312,158,189,417,0,156,158,169
336,36,43,336,36,43,252,109,36,162,43,379,312,158,189,417,0,156,158,169
336,264,43,336,36,43,252,109,36,162,273,386,312,158,189,418,170,156,158,169
337,264,43,337,36,43,252,109,36,162,273,386,312,158,189,418,170,156,158,169
337,264,43,337,36,43,252,109,36,162,273,0,312,158,189,0,170,156,158,169
337,264,43,337,36,43,252,122,36,162,273,0,312,158,189,0,170,156,158,169
337,264,43,337,36,43,0,122,36,162,273,0,312,158,189,0,170,156,158,169
337,264,43,337,36,43,0,122,36,162,273,0,312,158,189,0,170,156,158,169
341,264,43,341,36,43,321,122,71,197,273,0,312,158,189,0,170,156,158,169
341,264,43,341,36,43,321,122,71,197,273,0,312,158,189,0,170,156,158,169
341,264,43,341,36,43,322,122,71,197,273,0,312,158,189,0,170,156,158,169
341,264,43,341,36,43,322,122,71,197,273,0,312,158,189,0,170,156,158,169
341,264,43,341,36,43,331,122,71,197,273,0,404,254,254,0,170,156,158,169
343,264,43,343,36,43,331,122,71,197,273,0,404,254,254,0,170,156,158,169
343,264,43,343,36,43,0,181,71,197,273,170,406,254,254,0,170,156,407,254
343,264,43,343,36,43,0,181,71,197,273,170,406,254,254,0,170,156,407,254
343,264,43,343,36,43,437,181,72,230,273,170,408,254,254,266,170,0,407,254
343,264,43,343,36,43,437,181,72,230,273,170,408,254,254,266,170,0,407,254
345,264,43,345,36,43,0,181,72,230,0,170,414,254,254,0,184,300,407,254
345,264,43,345,36,43,0,181,72,230,0,170,414,254,254,0,184,300,407,254
345,264,43,345,36,43,0,181,72,230,295,170,0,254,254,340,184,355,407,254
345,264,43,345,36,43,0,181,72,230,295,170,0,254,254,340,184,355,407,254
345,264,43,345,36,43,278,181,72,230,392,170,0,254,254,340,184,404,407,254
347,264,43,347,36,43,278,224,72,230,392,170,0,254,254,340,184,404,407,254
347,264,43,347,36,43,278,224,94,246,43,170,0,254,254,340,184,406,407,254
347,264,43,347,36,43,278,224,94,246,43,170,0,254,254,340,184,406,407,254
347,264,43,347,36,43,278,224,94,246,43,170,0,254,254,340,184,407,407,254
347,264,43,347,36,43,278,224,94,246,43,170,0,254,254,340,184,407,407,254
356,264,43,356,36,43,278,224,94,246,43,170,202,202,0,340,184,407,407,254
356,264,43,356,36,43,278,224,94,246,43,170,202,202,0,340,184,407,407,254
356,264,43,356,36,43,278,224,94,246,43,0,202,202,0,340,184,407,417,262
356,264,43,356,36,43,278,224,94,246,43,0,202,202,0,340,184,407,417,262
356,264,43,356,36,43,278,236,95,248,43,240,202,202,0,340,184,407,430,262
359,264,43,359,36,43,278,236,95,248,43,240,202,202,0,340,184,407,430,262
359,264,43,359,36,43,278,236,95,248,254,368,202,202,0,340,340,407,0,262
359,264,43,359,36,43,278,236,95,248,254,368,202,202,0,340,340,407,0,262
359,264,43,359,36,43,278,236,95,248,254,370,202,202,0,0,340,407,0,262
359,264,43,359,36,43,278,236,95,248,254,370,202,202,0,0,340,407,0,262
362,264,43,362,36,43,0,236,95,248,254,398,202,202,0,0,340,407,0,262
362,264,43,362,36,43,0,236,95,248,254,398,202,202,0,0,340,407,0,262
362,264,43,362,36,43,0,236,190,291,254,0,202,202,0,0,340,407,0,262
362,264,43,362,36,43,0,290,190,291,254,0,202,202,0,0,340,407,0,262
362,264,43,362,36,43,0,290,190,291,254,0,202,202,0,0,340,0,0,262
363,264,43,363,36,43,0,290,190,291,254,0,202,202,0,0,340,0,0,262
363,264,43,363,36,43,0,290,190,291,254,0,338,213,207,0,340,0,0,262
363,264,43,363,36,43,0,290,190,291,254,0,338,213,207,0,340,0,0,262
363,264,43,363,36,43,0,290,190,291,254,0,361,213,207,0,340,0,202,207
363,264,43,363,36,43,0,290,190,291,254,0,361,213,207,0,340,0,202,207
364,264,43,364,36,43,0,290,221,303,254,0,392,213,207,220,340,339,202,207
364,264,43,364,36,43,0,290,221,303,254,0,392,213,207,220,340,339,202,207
364,264,43,364,36,43,0,296,221,303,202,280,434,213,207,220,382,354,202,207
364,264,43,364,36,43,0,296,221,303,202,280,434,213,207,220,382,354,202,207
364,264,43,364,36,43,0,296,221,303,202,0,0,213,207,220,383,357,202,207
365,264,43,365,36,43,0,296,221,303,202,0,0,213,207,220,383,357,202,207
365,264,43,365,36,43,0,296,221,303,202,0,0,213,207,220,387,0,202,207
365,264,43,365,36,43,0,296,221,327,202,0,0,213,207,220,387,0,202,207
365,264,43,365,36,43,0,296,226,327,202,0,0,213,207,220,390,0,202,207
365,264,43,365,36,43,0,296,226,327,202,0,0,213,207,220,390,0,202,207
366,264,43,366,36,43,0,296,226,327,202,0,0,213,207,220,0,0,202,207
366,264,43,366,36,43,0,301,226,327,202,0,0,213,207,220,0,0,202,207
366,264,43,366,36,43,0,301,226,327,202,0,321,306,220,220,0,0,202,207
366,264,43,366,36,43,0,301,226,327,202,0,321,306,220,220,0,0,202,207
371,264,43,371,36,43,0,301,226,328,202,207,331,311,220,220,0,0,207,299
371,264,43,371,36,43,0,301,226,328,202,207,331,311,220,220,0,0,207,299
371,264,43,371,36,43,0,301,256,328,202,207,346,0,220,249,0,299,207,300
371,264,43,371,36,43,0,301,256,328,202,207,346,0,220,249,0,299,207,300
375,264,43,375,36,43,0,301,256,328,338,207,350,0,220,0,213,304,207,304
375,264,43,375,36,43,0,301,256,328,338,207,350,0,220,0,213,304,207,304
375,264,43,375,36,43,0,330,256,328,355,207,351,0,220,407,213,395,207,390
375,264,43,375,36,43,0,330,256,336,355,207,351,0,220,407,213,395,207,390
376,264,43,376,36,43,0,330,256,336,43,207,352,0,220,407,213,0,207,413
376,264,43,376,36,43,0,330,256,336,43,207,352,0,220,407,213,0,207,413
376,264,43,376,36,43,0,330,259,336,43,207,352,0,220,407,213,0,207,0
376,264,43,376,36,43,0,330,259,336,43,207,352,0,220,407,213,0,207,0
377,264,43,377,36,43,0,330,259,336,43,207,352,0,220,407,213,0,207,0
377,264,43,377,36,43,0,330,259,336,43,207,352,0,220,407,213,0,207,0
377,264,43,377,36,43,0,330,259,363,43,207,352,235,261,407,213,0,207,0
377,264,43,377,36,43,0,337,259,363,43,207,352,235,261,407,213,0,207,0
378,264,43,378,36,43,0,337,259,363,43,232,352,235,261,407,213,0,235,252
378,264,43,378,36,43,0,337,259,363,43,232,352,235,261,407,213,0,235,252
378,264,43,378,36,43,0,337,263,363,43,232,352,235,261,407,213,235,235,252
378,264,43,378,36,43,0,337,263,363,43,232,352,235,261,407,213,235,235,252
380,264,43,380,36,43,0,337,263,363,213,232,352,235,261,407,423,235,235,252
380,264,43,380,36,43,0,337,263,364,213,232,352,235,261,407,423,235,235,252
380,264,43,380,36,43,0,337,263,364,213,232,352,235,261,0,0,235,235,252
380,264,43,380,36,43,0,337,263,364,213,232,352,235,261,0,0,235,235,252
381,264,43,381,36,43,0,341,263,364,213,232,0,235,261,0,0,235,235,252
381,264,43,381,264,43,0,341,263,364,213,232,0,235,261,0,0,235,235,252
381,264,43,381,264,43,0,341,264,364,213,232,0,235,261,0,0,235,235,252
381,264,43,381,264,43,0,341,264,364,213,232,0,235,261,0,0,235,235,252
384,264,43,384,264,43,0,341,264,365,213,232,0,235,261,0,0,235,235,252
384,264,43,384,264,43,0,341,264,365,213,232,0,235,261,0,0,235,235,252
384,264,43,384,264,43,0,341,264,365,213,232,257,261,0,0,0,235,235,252
384,264,43,384,264,43,0,341,264,365,213,232,257,261,0,0,0,235,235,252
389,264,43,389,264,43,0,343,264,365,213,261,257,261,335,0,0,235,261,352
389,264,43,389,264,43,0,343,264,365,213,261,257,261,335,0,0,235,261,352
389,264,43,389,264,43,0,343,285,365,213,261,257,261,0,0,0,257,261,352
389,264,43,389,264,43,0,343,285,366,213,261,257,261,0,0,0,257,261,352
393,264,43,393,264,43,0,343,285,366,220,261,257,261,0,271,220,257,261,352
393,264,43,393,264,43,0,343,285,366,220,261,257,261,0,271,220,257,261,352
393,264,43,393,264,43,0,343,285,366,220,261,257,261,0,271,220,257,261,352
393,264,43,393,264,43,0,343,285,366,220,261,257,261,0,271,220,257,261,352
394,264,43,394,264,43,0,345,285,366,220,261,257,261,0,271,220,257,261,352
394,264,43,394,264,43,0,345,285,366,220,261,257,261,0,271,220,257,261,352
394,264,43,394,264,43,0,345,307,371,220,261,257,261,0,271,220,257,261,352
394,264,43,394,264,43,0,345,307,371,220,261,257,261,0,271,220,257,261,352
396,264,43,396,264,43,0,345,307,371,220,261,257,261,0,271,220,257,261,352
396,264,43,396,264,43,0,345,307,371,220,261,257,261,0,271,220,257,261,352
396,264,43,396,264,43,0,345,307,371,220,261,0,0,273,271,220,257,261,352
396,264,43,396,264,43,0,345,307,371,220,261,0,0,273,271,220,257,261,352
397,264,43,397,264,43,0,347,307,371,220,352,335,322,273,271,220,257,322,257
397,264,43,397,264,43,0,347,307,375,220,352,335,322,273,271,220,257,322,257
397,264,43,397,264,43,0,347,309,375,220,352,403,324,273,271,220,271,332,257
397,264,43,397,264,43,0,347,309,375,220,352,403,324,273,271,220,271,332,257
399,264,43,399,264,43,0,347,309,375,235,352,436,407,273,312,352,271,0,257
399,264,43,399,264,43,0,347,309,375,235,352,436,407,273,312,352,271,0,257
399,264,43,399,264,43,0,347,309,375,235,352,0,407,273,312,352,271,0,257
399,264,43,399,264,43,0,347,309,375,235,352,0,407,273,312,352,271,0,257
400,264,43,400,264,43,0,356,309,376,235,352,0,407,273,312,352,271,0,257
400,264,43,400,264,43,0,356,309,376,235,352,0,407,273,312,352,271,0,257
400,264,43,400,264,43,0,356,310,376,235,352,0,407,273,312,352,271,0,257
400,264,43,400,264,43,0,356,310,376,235,352,0,407,273,312,352,271,0,257
405,264,43,405,264,43,0,356,310,376,235,352,0,407,273,312,352,271,0,257
405,264,43,405,264,43,0,356,310,376,235,352,0,407,273,312,352,271,0,257
405,264,43,405,264,43,0,356,310,376,235,352,273,407,276,312,352,271,0,257
405,264,43,405,264,43,0,356,310,377,235,352,273,407,276,312,352,271,0,257
410,264,43,410,264,43,0,359,310,377,235,262,273,407,276,312,352,271,312,306
410,264,43,410,264,43,0,359,310,377,235,262,273,407,276,312,352,271,312,306
410,264,43,410,264,43,0,359,315,377,235,262,273,407,276,312,352,273,312,0
410,264,43,410,264,43,0,359,315,377,235,262,273,407,276,312,352,273,312,0
412,264,43,412,264,43,0,359,315,377,257,262,273,0,276,277,262,273,312,311
412,264,43,412,264,43,0,359,315,377,257,262,273,0,276,277,262,273,312,311
412,264,43,412,264,43,0,359,315,378,257,262,273,0,276,277,262,273,312,0
412,264,43,412,264,43,0,359,315,378,257,262,273,0,276,277,262,273,312,0
415,264,43,415,264,43,0,389,315,378,257,262,273,0,276,277,262,273,312,0
415,264,43,415,264,43,0,389,315,378,257,262,273,0,276,277,262,273,312,0
415,264,43,415,264,43,0,389,325,378,257,262,273,0,276,277,262,273,312,349
415,264,43,415,264,43,0,389,325,378,257,262,273,0,276,277,262,273,312,349
416,264,43,416,264,43,0,389,325,378,257,262,273,0,276,277,262,273,312,349
416,264,43,416,264,43,0,389,325,381,257,262,273,0,276,277,262,273,312,349
416,264,43,416,264,43,0,389,325,381,257,262,276,276,278,277,262,273,312,349
416,264,43,416,264,43,0,389,325,381,257,262,276,276,278,277,262,273,312,349
419,264,43,419,264,43,0,405,325,381,257,271,276,276,278,277,262,273,276,349
419,264,43,419,264,43,0,405,325,381,257,271,276,276,278,277,262,273,276,349
419,264,43,419,264,43,0,405,362,381,257,271,276,276,278,277,262,277,276,349
419,264,43,419,264,43,0,405,362,381,257,271,276,276,278,277,262,277,276,349
420,264,43,420,264,43,0,405,362,384,349,271,276,276,278,428,271,277,276,349
420,264,43,420,264,43,0,405,362,384,349,271,276,276,278,428,271,277,276,349
420,264,43,420,264,43,0,405,362,384,349,271,276,276,278,428,271,277,276,349
420,264,43,420,264,43,0,405,362,384,349,271,276,276,278,428,271,277,276,349
424,264,43,424,264,43,0,410,362,384,349,271,276,276,278,428,271,277,276,349
424,264,43,424,264,43,0,410,362,384,349,271,276,276,278,428,271,277,276,349
424,264,43,424,264,43,0,410,380,384,349,271,276,276,278,428,271,277,276,0
424,264,43,424,264,43,0,410,380,393,349,271,276,276,278,428,271,277,276,0
425,264,43,425,264,43,0,410,380,393,349,271,276,276,278,428,271,277,276,0
425,264,43,425,264,43,0,410,380,393,349,271,276,276,278,428,271,277,276,0
425,264,43,425,264,43,0,410,380,393,349,271,277,278,340,428,271,277,276,0
425,264,43,425,264,43,0,410,380,393,349,271,277,278,340,428,271,277,276,0
427,264,43,427,264,43,0,412,380,393,349,340,277,278,340,428,271,277,278,277
427,264,43,427,264,43,0,412,380,393,349,340,277,278,340,428,271,277,278,277
427,264,43,427,264,43,0,412,396,394,349,340,277,278,340,428,271,312,278,277
427,264,43,427,264,43,0,412,396,394,349,340,277,278,340,428,271,312,278,277
429,264,43,429,264,43,0,412,396,394,278,340,277,278,340,431,428,312,278,277
429,264,43,429,264,43,0,412,396,394,278,340,277,278,340,431,428,312,278,277
429,264,43,429,264,43,0,412,396,394,278,340,277,278,340,431,428,312,278,277
429,264,43,429,264,43,0,412,396,394,278,340,277,278,340,431,428,312,278,277
432,264,43,432,264,43,0,415,396,394,278,340,277,278,340,431,428,312,278,277
432,264,43,432,264,43,0,415,396,432,278,340,277,278,340,431,428,312,278,277
432,264,43,432,264,43,0,415,397,432,278,340,277,278,340,431,428,312,278,277
432,264,43,432,264,43,0,415,397,432,278,340,277,278,340,431,428,312,278,277
433,264,43,433,264,43,0,415,397,432,278,340,277,278,340,431,428,312,278,277
433,264,43,433,264,43,0,415,397,432,278,340,277,278,340,431,428,312,278,277
433,264,43,433,264,43,0,415,397,432,278,340,0,0,0,431,428,312,278,277
433,264,43,433,264,43,0,415,397,432,278,340,0,0,0,431,428,312,278,277
435,264,43,435,264,43,0,420,397,433,278,0,0,0,0,431,428,312,0,0
435,264,43,435,264,43,0,420,397,433,278,0,0,0,0,431,428,312,0,0
435,264,43,435,264,43,0,420,399,433,278,0,0,0,0,431,428,0,0,0
435,264,43,435,264,43,0,420,399,433,278,0,0,0,0,431,428,0,0,0
438,264,43,438,264,43,0,420,399,433,0,0,0,0,0,0,0,0,0,0
438,264,43,438,264,43,0,420,399,433,0,0,0,0,0,0,0,0,0,0
438,264,43,438,264,43,0,420,399,433,0,0,0,0,0,0,0,0,0,0
438,264,43,438,264,43,0,420,399,435,0,0,0,0,0,0,0,0,0,0
439,264,43,439,264,43,0,429,399,435,0,0,0,0,0,0,0,0,0,0
439,264,43,439,264,43,0,429,399,435,0,0,0,0,0,0,0,0,0,0
439,264,43,439,264,43,0,429,0,435,0,0,0,0,0,0,0,0,0,0
439,264,43,439,264,43,0,429,0,435,0,0,0,0,0,0,0,0,0,0