67,16