31,60,29,21,60,29,21,56,73,29,43,56,21,31,78,94,60,31,64,30
31,60,29,21,60,29,21,56,73,29,43,56,21,31,78,94,60,31,64,30
31,60,29,21,60,29,21,56,73,29,43,56,21,31,78,94,60,31,64,30
31,60,29,21,60,29,21,56,73,29,43,56,21,31,78,94,60,31,64,30
31,60,29,21,60,29,21,56,73,29,43,56,21,31,78,94,60,31,64,30
31,60,29,21,60,29,21,56,73,29,43,56,21,31,78,94,60,31,64,30
31,60,29,21,60,29,21,56,73,29,43,56,21,31,78,94,60,31,64,30
31,60,29,21,60,29,21,56,73,29,43,56,21,31,78,94,60,31,64,30
31,60,29,21,60,29,21,56,73,29,43,56,21,31,78,94,60,31,64,30
31,60,29,21,60,29,21,56,73,29,43,56,21,31,78,94,60,31,64,30
31,60,29,21,60,29,21,56,73,29,43,56,21,31,78,94,60,31,64,30
31,60,29,21,60,29,21,56,73,29,43,56,21,31,78,94,60,31,64,30
31,60,29,21,60,29,21,56,73,29,43,56,21,31,78,94,60,31,64,30
31,60,29,21,60,29,21,56,73,29,43,56,21,31,78,94,60,31,64,30
31,60,29,21,60,29,21,56,73,29,43,56,21,31,78,94,60,31,64,30
31,60,29,21,60,29,21,56,73,29,43,56,21,31,78,94,60,31,64,30
82,64,30,43,64,30,43,78,91,42,66,94,82,77,80,108,82,83,91,30
82,64,30,43,64,30,43,78,91,42,66,94,82,77,80,108,82,83,91,71
82,64,30,43,64,30,43,78,91,42,66,94,82,77,80,108,82,83,91,71
82,64,30,43,64,30,43,78,91,42,66,94,82,77,80,108,82,83,91,71
82,64,30,43,64,30,43,78,91,42,66,94,82,77,80,108,82,83,91,71
82,64,30,43,64,30,43,78,91,42,66,94,82,77,80,108,82,83,91,71
82,64,30,43,64,30,43,78,91,42,66,94,82,77,80,108,82,83,91,71
82,64,30,43,64,30,43,78,91,42,66,94,82,77,80,108,82,83,91,71
82,64,30,43,64,30,43,78,91,42,66,94,82,77,80,108,82,83,91,71
82,64,30,43,64,30,43,78,91,42,66,94,82,77,80,108,82,83,91,71
82,64,30,43,64,30,43,78,91,42,66,94,82,77,80,108,82,83,91,71
82,64,30,43,64,30,43,78,91,42,66,94,82,77,80,108,82,83,91,71
82,64,30,43,64,30,43,78,91,42,66,94,82,77,80,108,82,83,91,71
82,64,30,43,64,30,43,78,91,42,66,94,82,77,80,108,82,83,91,71
82,64,30,43,64,30,43,78,91,42,66,94,82,77,80,108,82,83,91,71
82,64,30,43,64,30,43,78,91,42,66,94,82,77,80,108,82,83,91,71
109,71,42,56,71,42,66,80,92,50,75,103,88,105,99,115,88,105,109,71
109,71,42,56,71,42,66,80,92,50,75,103,88,105,99,115,88,105,109,71
109,71,42,56,71,42,66,80,92,50,75,103,88,105,99,115,88,105,109,86
109,71,42,56,71,42,66,80,92,50,75,103,88,105,99,115,88,105,109,86
109,71,42,56,71,42,66,80,92,50,75,103,88,105,99,115,88,105,109,86
109,71,42,56,71,42,66,80,92,50,75,103,88,105,99,115,88,105,109,86
109,71,42,56,71,42,66,80,92,50,75,103,88,105,99,115,88,105,109,86
109,71,42,56,71,42,66,80,92,50,75,103,88,105,99,115,88,105,109,86
109,71,42,56,71,42,66,80,92,50,75,103,88,105,99,115,88,105,109,86
109,71,42,56,71,42,66,80,92,50,75,103,88,105,99,115,88,105,109,86
109,71,42,56,71,42,66,80,92,50,75,103,88,105,99,115,88,105,109,86
109,71,42,56,71,42,66,80,92,50,75,103,88,105,99,115,88,105,109,86
109,71,42,56,71,42,66,80,92,50,75,103,88,105,99,115,88,105,109,86
109,71,42,56,71,42,66,80,92,50,75,103,88,105,99,115,88,105,109,86
109,71,42,56,71,42,66,80,92,50,75,103,88,105,99,115,88,105,109,86
109,71,42,56,71,42,66,80,92,50,75,103,88,105,99,115,88,105,109,86
127,73,50,66,73,50,75,94,104,74,78,108,104,109,105,122,104,111,142,86
127,73,50,66,73,50,75,94,104,74,78,108,104,109,105,122,104,111,142,86
127,73,50,66,73,50,75,94,104,74,78,108,104,109,105,122,104,111,142,86
127,73,50,66,73,50,75,94,104,74,78,108,104,109,105,122,104,111,142,99
127,73,50,66,73,50,75,94,104,74,78,108,104,109,105,122,104,111,142,99
127,73,50,66,73,50,75,94,104,74,78,108,104,109,105,122,104,111,142,99
127,73,50,66,73,50,75,94,104,74,78,108,104,109,105,122,104,111,142,99
127,73,50,66,73,50,75,94,104,74,78,108,104,109,105,122,104,111,142,99
127,73,50,66,73,50,75,94,104,74,78,108,104,109,105,122,104,111,142,99
127,73,50,66,73,50,75,94,104,74,78,108,104,109,105,122,104,111,142,99
127,73,50,66,73,50,75,94,104,74,78,108,104,109,105,122,104,111,142,99
127,73,50,66,73,50,75,94,104,74,78,108,104,109,105,122,104,111,142,99
127,73,50,66,73,50,75,94,104,74,78,108,104,109,105,122,104,111,142,99
127,73,50,66,73,50,75,94,104,74,78,108,104,109,105,122,104,111,142,99
127,73,50,66,73,50,75,94,104,74,78,108,104,109,105,122,104,111,142,99
127,73,50,66,73,50,75,94,104,74,78,108,104,109,105,122,104,111,142,99
142,83,74,75,83,74,77,103,123,77,80,115,123,111,121,125,112,127,146,99
142,83,74,75,83,74,77,103,123,77,80,115,123,111,121,125,112,127,146,99
142,83,74,75,83,74,77,103,123,77,80,115,123,111,121,125,112,127,146,99
142,83,74,75,83,74,77,103,123,77,80,115,123,111,121,125,112,127,146,99
142,83,74,75,83,74,77,103,123,77,80,115,123,111,121,125,112,127,146,101
142,83,74,75,83,74,77,103,123,77,80,115,123,111,121,125,112,127,146,101
142,83,74,75,83,74,77,103,123,77,80,115,123,111,121,125,112,127,146,101
142,83,74,75,83,74,77,103,123,77,80,115,123,111,121,125,112,127,146,101
142,83,74,75,83,74,77,103,123,77,80,115,123,111,121,125,112,127,146,101
142,83,74,75,83,74,77,103,123,77,80,115,123,111,121,125,112,127,146,101
142,83,74,75,83,74,77,103,123,77,80,115,123,111,121,125,112,127,146,101
142,83,74,75,83,74,77,103,123,77,80,115,123,111,121,125,112,127,146,101
142,83,74,75,83,74,77,103,123,77,80,115,123,111,121,125,112,127,146,101
142,83,74,75,83,74,77,103,123,77,80,115,123,111,121,125,112,127,146,101
142,83,74,75,83,74,77,103,123,77,80,115,123,111,121,125,112,127,146,101
142,83,74,75,83,74,77,103,123,77,80,115,123,111,121,125,112,127,146,101
146,92,86,90,92,91,90,108,135,86,90,122,135,127,142,134,123,138,150,101
146,92,86,90,92,91,90,108,135,86,90,122,135,127,142,134,123,138,150,101
146,92,86,90,92,91,90,108,135,86,90,122,135,127,142,134,123,138,150,101
146,92,86,90,92,91,90,108,135,86,90,122,135,127,142,134,123,138,150,101
146,92,86,90,92,91,90,108,135,86,90,122,135,127,142,134,123,138,150,101
146,92,86,90,92,91,90,108,135,86,90,122,135,127,142,134,123,138,150,119
146,92,86,90,92,91,90,108,135,86,90,122,135,127,142,134,123,138,150,119
146,92,86,90,92,91,90,108,135,86,90,122,135,127,142,134,123,138,150,119
146,92,86,90,92,91,90,108,135,86,90,122,135,127,142,134,123,138,150,119
146,92,86,90,92,91,90,108,135,86,90,122,135,127,142,134,123,138,150,119
146,92,86,90,92,91,90,108,135,86,90,122,135,127,142,134,123,138,150,119
146,92,86,90,92,91,90,108,135,86,90,122,135,127,142,134,123,138,150,119
146,92,86,90,92,91,90,108,135,86,90,122,135,127,142,134,123,138,150,119
146,92,86,90,92,91,90,108,135,86,90,122,135,127,142,134,123,138,150,119
146,92,86,90,92,91,90,108,135,86,90,122,135,127,142,134,123,138,150,119
146,92,86,90,92,91,90,108,135,86,90,122,135,127,142,134,123,138,150,119
149,99,100,137,101,100,121,115,141,88,111,125,141,138,154,152,135,143,156,119
149,99,100,137,101,100,121,115,141,88,111,125,141,138,154,152,135,143,156,119
149,99,100,137,101,100,121,115,141,88,111,125,141,138,154,152,135,143,156,119
149,99,100,137,101,100,121,115,141,88,111,125,141,138,154,152,135,143,156,119
149,99,100,137,101,100,121,115,141,88,111,125,141,138,154,152,135,143,156,119
149,99,100,137,101,100,121,115,141,88,111,125,141,138,154,152,135,143,156,119
149,99,100,137,101,100,121,115,141,88,111,125,141,138,154,152,135,143,156,132
149,99,100,137,101,100,121,115,141,88,111,125,141,138,154,152,135,143,156,132
149,99,100,137,101,100,121,115,141,88,111,125,141,138,154,152,135,143,156,132
149,99,100,137,101,100,121,115,141,88,111,125,141,138,154,152,135,143,156,132
149,99,100,137,101,100,121,115,141,88,111,125,141,138,154,152,135,143,156,132
149,99,100,137,101,100,121,115,141,88,111,125,141,138,154,152,135,143,156,132
149,99,100,137,101,100,121,115,141,88,111,125,141,138,154,152,135,143,156,132
149,99,100,137,101,100,121,115,141,88,111,125,141,138,154,152,135,143,156,132
149,99,100,137,101,100,121,115,141,88,111,125,141,138,154,152,135,143,156,132
149,99,100,137,101,100,121,115,141,88,111,125,141,138,154,152,135,143,156,132
157,101,107,139,103,107,137,122,145,100,121,134,145,146,155,160,141,149,157,132
157,101,107,139,103,107,137,122,145,100,121,134,145,146,155,160,141,149,157,132
157,101,107,139,103,107,137,122,145,100,121,134,145,146,155,160,141,149,157,132
157,101,107,139,103,107,137,122,145,100,121,134,145,146,155,160,141,149,157,132
157,101,107,139,103,107,137,122,145,100,121,134,145,146,155,160,141,149,157,132
157,101,107,139,103,107,137,122,145,100,121,134,145,146,155,160,141,149,157,132
157,101,107,139,103,107,137,122,145,100,121,134,145,146,155,160,141,149,157,132
157,101,107,139,103,107,137,122,145,100,121,134,145,146,155,160,141,149,157,159
157,101,107,139,103,107,137,122,145,100,121,134,145,146,155,160,141,149,157,159
157,101,107,139,103,107,137,122,145,100,121,134,145,146,155,160,141,149,157,159
157,101,107,139,103,107,137,122,145,100,121,134,145,146,155,160,141,149,157,159
157,101,107,139,103,107,137,122,145,100,121,134,145,146,155,160,141,149,157,159
157,101,107,139,103,107,137,122,145,100,121,134,145,146,155,160,141,149,157,159
157,101,107,139,103,107,137,122,145,100,121,134,145,146,155,160,141,149,157,159
157,101,107,139,103,107,137,122,145,100,121,134,145,146,155,160,141,149,157,159
157,101,107,139,103,107,137,122,145,100,121,134,145,146,155,160,141,149,157,159
161,112,113,143,112,113,139,125,159,107,137,152,160,154,164,165,145,154,162,159
161,112,113,143,112,113,139,125,159,107,137,152,160,154,164,165,145,154,162,159
161,112,113,143,112,113,139,125,159,107,137,152,160,154,164,165,145,154,162,159
161,112,113,143,112,113,139,125,159,107,137,152,160,154,164,165,145,154,162,159
161,112,113,143,112,113,139,125,159,107,137,152,160,154,164,165,145,154,162,159
161,112,113,143,112,113,139,125,159,107,137,152,160,154,164,165,145,154,162,159
161,112,113,143,112,113,139,125,159,107,137,152,160,154,164,165,145,154,162,159
161,112,113,143,112,113,139,125,159,107,137,152,160,154,164,165,145,154,162,159
161,112,113,143,112,113,139,125,159,107,137,152,160,154,164,165,145,154,162,160
161,112,113,143,112,113,139,125,159,107,137,152,160,154,164,165,145,154,162,160
161,112,113,143,112,113,139,125,159,107,137,152,160,154,164,165,145,154,162,160
161,112,113,143,112,113,139,125,159,107,137,152,160,154,164,165,145,154,162,160
161,112,113,143,112,113,139,125,159,107,137,152,160,154,164,165,145,154,162,160
161,112,113,143,112,113,139,125,159,107,137,152,160,154,164,165,145,154,162,160
161,112,113,143,112,113,139,125,159,107,137,152,160,154,164,165,145,154,162,160
185,119,113,143,119,113,139,125,159,107,137,152,160,154,164,165,145,154,162,160
185,119,132,149,119,132,143,134,166,113,139,159,166,155,172,171,161,155,168,160
185,119,132,149,119,132,143,134,166,113,139,159,166,155,172,171,161,155,168,160
185,119,132,149,119,132,143,134,166,113,139,159,166,155,172,171,161,155,168,160
185,119,132,149,119,132,143,134,166,113,139,159,166,155,172,171,161,155,168,160
185,119,132,149,119,132,143,134,166,113,139,159,166,155,172,171,161,155,168,160
185,119,132,149,119,132,143,134,166,113,139,159,166,155,172,171,161,155,168,160
185,119,132,149,119,132,143,134,166,113,139,159,166,155,172,171,161,155,168,160
185,119,132,149,119,132,143,134,166,113,139,159,166,155,172,171,161,155,168,160
185,119,132,149,119,132,143,134,166,113,139,159,166,155,172,171,161,155,168,160
185,119,132,149,119,132,143,134,166,113,139,159,166,155,172,171,161,155,168,169
185,119,132,149,119,132,143,134,166,113,139,159,166,155,172,171,161,155,168,169
185,119,132,149,119,132,143,134,166,113,139,159,166,155,172,171,161,155,168,169
185,119,132,149,119,132,143,134,166,113,139,159,166,155,172,171,161,155,168,169
185,119,132,149,119,132,143,134,166,113,139,159,166,155,172,171,161,155,168,169
199,150,132,149,150,132,143,134,166,113,139,159,166,155,172,171,161,155,168,169
199,150,132,149,150,132,143,134,166,113,139,159,166,155,172,171,161,155,168,169
199,150,156,157,150,156,164,152,174,138,164,165,174,172,184,173,166,172,185,169
199,150,156,157,150,156,164,152,174,138,164,165,174,172,184,173,166,172,185,169
199,150,156,157,150,156,164,152,174,138,164,165,174,172,184,173,166,172,185,169
199,150,156,157,150,156,164,152,174,138,164,165,174,172,184,173,166,172,185,169
199,150,156,157,150,156,164,152,174,138,164,165,174,172,184,173,166,172,185,169
199,150,156,157,150,156,164,152,174,138,164,165,174,172,184,173,166,172,185,169
199,150,156,157,150,156,164,152,174,138,164,165,174,172,184,173,166,172,185,169
199,150,156,157,150,156,164,152,174,138,164,165,174,172,184,173,166,172,185,169
199,150,156,157,150,156,164,152,174,138,164,165,174,172,184,173,166,172,185,169
199,150,156,157,150,156,164,152,174,138,164,165,174,172,184,173,166,172,185,169
199,150,156,157,150,156,164,152,174,138,164,165,174,172,184,173,166,172,185,171
199,150,156,157,150,156,164,152,174,138,164,165,174,172,184,173,166,172,185,171
199,150,156,157,150,156,164,152,174,138,164,165,174,172,184,173,166,172,185,171
206,162,156,157,162,156,164,152,174,138,164,165,174,172,184,173,166,172,185,171
206,162,156,157,162,156,164,152,174,138,164,165,174,172,184,173,166,172,185,171
206,162,156,157,162,156,164,152,174,138,164,165,174,172,184,173,166,172,185,171
206,162,163,161,162,163,170,165,178,163,170,171,178,175,199,182,174,175,192,171
206,162,163,161,162,163,170,165,178,163,170,171,178,175,199,182,174,175,192,171
206,162,163,161,162,163,170,165,178,163,170,171,178,175,199,182,174,175,192,171
206,162,163,161,162,163,170,165,178,163,170,171,178,175,199,182,174,175,192,171
206,162,163,161,162,163,170,165,178,163,170,171,178,175,199,182,174,175,192,171
206,162,163,161,162,163,170,165,178,163,170,171,178,175,199,182,174,175,192,171
206,162,163,161,162,163,170,165,178,163,170,171,178,175,199,182,174,175,192,171
206,162,163,161,162,163,170,165,178,163,170,171,178,175,199,182,174,175,192,171
206,162,163,161,162,163,170,165,178,163,170,171,178,175,199,182,174,175,192,171
206,162,163,161,162,163,170,165,178,163,170,171,178,175,199,182,174,175,192,171
206,162,163,161,162,163,170,165,178,163,170,171,178,175,199,182,174,175,192,171
206,162,163,161,162,163,170,165,178,163,170,171,178,175,199,182,174,175,192,179
207,168,163,161,168,163,170,165,178,163,170,171,178,175,199,182,174,175,192,179
207,168,163,161,168,163,170,165,178,163,170,171,178,175,199,182,174,175,192,179
207,168,163,161,168,163,170,165,178,163,170,171,178,175,199,182,174,175,192,179
207,168,163,161,168,163,170,165,178,163,170,171,178,175,199,182,174,175,192,179
207,168,169,170,168,169,181,173,183,175,181,173,183,184,205,189,178,184,199,179
207,168,169,170,168,169,181,173,183,175,181,173,183,184,205,189,178,184,199,179
207,168,169,170,168,169,181,173,183,175,181,173,183,184,205,189,178,184,199,179
207,168,169,170,168,169,181,173,183,175,181,173,183,184,205,189,178,184,199,179
207,168,169,170,168,169,181,173,183,175,181,173,183,184,205,189,178,184,199,179
207,168,169,170,168,169,181,173,183,175,181,173,183,184,205,189,178,184,199,179
207,168,169,170,168,169,181,173,183,175,181,173,183,184,205,189,178,184,199,179
207,168,169,170,168,169,181,173,183,175,181,173,183,184,205,189,178,184,199,179
207,168,169,170,168,169,181,173,183,175,181,173,183,184,205,189,178,184,199,179
207,168,169,170,168,169,181,173,183,175,181,173,183,184,205,189,178,184,199,179
207,168,169,170,168,169,181,173,183,175,181,173,183,184,205,189,178,184,199,179
208,179,169,170,179,169,181,173,183,175,181,173,183,184,205,189,178,184,199,179
208,179,169,170,179,169,181,173,183,175,181,173,183,184,205,189,178,184,199,186
208,179,169,170,179,169,181,173,183,175,181,173,183,184,205,189,178,184,199,186
208,179,169,170,179,169,181,173,183,175,181,173,183,184,205,189,178,184,199,186
208,179,169,170,179,169,181,173,183,175,181,173,183,184,205,189,178,184,199,186
208,179,180,181,179,180,193,182,190,180,193,182,190,205,209,196,183,205,206,186
208,179,180,181,179,180,193,182,190,180,193,182,190,205,209,196,183,205,206,186
208,179,180,181,179,180,193,182,190,180,193,182,190,205,209,196,183,205,206,186
208,179,180,181,179,180,193,182,190,180,193,182,190,205,209,196,183,205,206,186
208,179,180,181,179,180,193,182,190,180,193,182,190,205,209,196,183,205,206,186
208,179,180,181,179,180,193,182,190,180,193,182,190,205,209,196,183,205,206,186
208,179,180,181,179,180,193,182,190,180,193,182,190,205,209,196,183,205,206,186
208,179,180,181,179,180,193,182,190,180,193,182,190,205,209,196,183,205,206,186
208,179,180,181,179,180,193,182,190,180,193,182,190,205,209,196,183,205,206,186
208,179,180,181,179,180,193,182,190,180,193,182,190,205,209,196,183,205,206,186
209,186,180,181,186,180,193,182,190,180,193,182,190,205,209,196,183,205,206,186
209,186,180,181,186,180,193,182,190,180,193,182,190,205,209,196,183,205,206,186
209,186,180,181,186,180,193,182,190,180,193,182,190,205,209,196,183,205,206,186
209,186,180,181,186,180,193,182,190,180,193,182,190,205,209,196,183,205,206,194
209,186,180,181,186,180,193,182,190,180,193,182,190,205,209,196,183,205,206,194
209,186,180,181,186,180,193,182,190,180,193,182,190,205,209,196,183,205,206,194
209,186,187,185,186,187,195,189,204,187,195,189,204,208,216,203,190,213,207,194
209,186,187,185,186,187,195,189,204,187,195,189,204,208,216,203,190,213,207,194
209,186,187,185,186,187,195,189,204,187,195,189,204,208,216,203,190,213,207,194
209,186,187,185,186,187,195,189,204,187,195,189,204,208,216,203,190,213,207,194
209,186,187,185,186,187,195,189,204,187,195,189,204,208,216,203,190,213,207,194
209,186,187,185,186,187,195,189,204,187,195,189,204,208,216,203,190,213,207,194
209,186,187,185,186,187,195,189,204,187,195,189,204,208,216,203,190,213,207,194
209,186,187,185,186,187,195,189,204,187,195,189,204,208,216,203,190,213,207,194
209,186,187,185,186,187,195,189,204,187,195,189,204,208,216,203,190,213,207,194
219,192,187,185,192,187,195,189,204,187,195,189,204,208,216,203,190,213,207,194
219,192,187,185,192,187,195,189,204,187,195,189,204,208,216,203,190,213,207,194
219,192,187,185,192,187,195,189,204,187,195,189,204,208,216,203,190,213,207,194
219,192,187,185,192,187,195,189,204,187,195,189,204,208,216,203,190,213,207,194
219,192,187,185,192,187,195,189,204,187,195,189,204,208,216,203,190,213,207,194
219,192,187,185,192,187,195,189,204,187,195,189,204,208,216,203,190,213,207,200
219,192,187,185,192,187,195,189,204,187,195,189,204,208,216,203,190,213,207,200
219,192,194,193,192,194,202,196,206,201,202,196,207,218,219,210,204,218,209,200
219,192,194,193,192,194,202,196,206,201,202,196,207,218,219,210,204,218,209,200
219,192,194,193,192,194,202,196,206,201,202,196,207,218,219,210,204,218,209,200
219,192,194,193,192,194,202,196,206,201,202,196,207,218,219,210,204,218,209,200
219,192,194,193,192,194,202,196,206,201,202,196,207,218,219,210,204,218,209,200
219,192,194,193,192,194,202,196,206,201,202,196,207,218,219,210,204,218,209,200
219,192,194,193,192,194,202,196,206,201,202,196,207,218,219,210,204,218,209,200
219,192,194,193,192,194,202,196,206,201,202,196,207,218,219,210,204,218,209,200
225,200,194,193,200,194,202,196,206,201,202,196,207,218,219,210,204,218,209,200
225,200,194,193,200,194,202,196,206,201,202,196,207,218,219,210,204,218,209,200
225,200,194,193,200,194,202,196,206,201,202,196,207,218,219,210,204,218,209,200
225,200,194,193,200,194,202,196,206,201,202,196,207,218,219,210,204,218,209,200
225,200,194,193,200,194,202,196,206,201,202,196,207,218,219,210,204,218,209,200
225,200,194,193,200,194,202,196,206,201,202,196,207,218,219,210,204,218,209,200
225,200,194,193,200,194,202,196,206,201,202,196,207,218,219,210,204,218,209,200
225,200,194,193,200,194,202,196,206,201,202,196,207,218,219,210,204,218,209,208
225,200,201,195,200,201,214,203,217,216,214,203,211,227,225,212,211,227,219,208
225,200,201,195,200,201,214,203,217,216,214,203,211,227,225,212,211,227,219,208
225,200,201,195,200,201,214,203,217,216,214,203,211,227,225,212,211,227,219,208
225,200,201,195,200,201,214,203,217,216,214,203,211,227,225,212,211,227,219,208
225,200,201,195,200,201,214,203,217,216,214,203,211,227,225,212,211,227,219,208
225,200,201,195,200,201,214,203,217,216,214,203,211,227,225,212,211,227,219,208
225,200,201,195,200,201,214,203,217,216,214,203,211,227,225,212,211,227,219,208
228,210,201,195,211,201,214,203,217,216,214,203,211,227,225,212,211,227,219,208
228,210,201,195,211,201,214,203,217,216,214,203,211,227,225,212,211,227,219,208
228,210,201,195,211,201,214,203,217,216,214,203,211,227,225,212,211,227,219,208
228,210,201,195,211,201,214,203,217,216,214,203,211,227,225,212,211,227,219,208
228,210,201,195,211,201,214,203,217,216,214,203,211,227,225,212,211,227,219,208
228,210,201,195,211,201,214,203,217,216,214,203,211,227,225,212,211,227,219,208
228,210,201,195,211,201,214,203,217,216,214,203,211,227,225,212,211,227,219,208
228,210,201,195,211,201,214,203,217,216,214,203,211,227,225,212,211,227,219,208
228,210,201,195,211,201,214,203,217,216,214,203,211,227,225,212,211,227,219,208
228,210,213,202,211,213,216,215,226,231,218,215,217,237,227,221,217,237,225,210
228,210,213,202,211,213,216,215,226,231,218,215,217,237,227,221,217,237,225,210
228,210,213,202,211,213,216,215,226,231,218,215,217,237,227,221,217,237,225,210
228,210,213,202,211,213,216,215,226,231,218,215,217,237,227,221,217,237,225,210
228,210,213,202,211,213,216,215,226,231,218,215,217,237,227,221,217,237,225,210
228,210,213,202,211,213,216,215,226,231,218,215,217,237,227,221,217,237,225,210
234,212,213,202,215,213,216,215,226,231,218,215,217,237,227,221,217,237,225,210
234,212,213,202,215,213,216,215,226,231,218,215,217,237,227,221,217,237,225,210
234,212,213,202,215,213,216,215,226,231,218,215,217,237,227,221,217,237,225,210
234,212,213,202,215,213,216,215,226,231,218,215,217,237,227,221,217,237,225,210
234,212,213,202,215,213,216,215,226,231,218,215,217,237,227,221,217,237,225,210
234,212,213,202,215,213,216,215,226,231,218,215,217,237,227,221,217,237,225,210
234,212,213,202,215,213,216,215,226,231,218,215,217,237,227,221,217,237,225,210
234,212,213,202,215,213,216,215,226,231,218,215,217,237,227,221,217,237,225,210
234,212,213,202,215,213,216,215,226,231,218,215,217,237,227,221,217,237,225,210
234,212,213,202,215,213,216,215,226,231,218,215,217,237,227,221,217,237,225,210
234,212,229,214,215,230,223,224,229,236,223,224,226,243,230,228,226,243,233,212
234,212,229,214,215,230,223,224,229,236,223,224,226,243,230,228,226,243,233,212
234,212,229,214,215,230,223,224,229,236,223,224,226,243,230,228,226,243,233,212
234,212,229,214,215,230,223,224,229,236,223,224,226,243,230,228,226,243,233,212
234,212,229,214,215,230,223,224,229,236,223,224,226,243,230,228,226,243,233,212
237,221,229,214,224,230,223,224,229,236,223,224,226,243,230,228,226,243,233,212
237,221,229,214,224,230,223,224,229,236,223,224,226,243,230,228,226,243,233,212
237,221,229,214,224,230,223,224,229,236,223,224,226,243,230,228,226,243,233,212
237,221,229,214,224,230,223,224,229,236,223,224,226,243,230,228,226,243,233,212
237,221,229,214,224,230,223,224,229,236,223,224,226,243,230,228,226,243,233,212
237,221,229,214,224,230,223,224,229,236,223,224,226,243,230,228,226,243,233,212
237,221,229,214,224,230,223,224,229,236,223,224,226,243,230,228,226,243,233,212
237,221,229,214,224,230,223,224,229,236,223,224,226,243,230,228,226,243,233,212
237,221,229,214,224,230,223,224,229,236,223,224,226,243,230,228,226,243,233,212
237,221,229,214,224,230,223,224,229,236,223,224,226,243,230,228,226,243,233,212
237,221,229,214,224,230,223,224,229,236,223,224,226,243,230,228,226,243,233,212
237,221,236,223,224,236,231,240,230,238,232,232,229,244,234,231,232,244,234,221
237,221,236,223,224,236,231,240,230,238,232,232,229,244,234,231,232,244,234,221
237,221,236,223,224,236,231,240,230,238,232,232,229,244,234,231,232,244,234,221
237,221,236,223,224,236,231,240,230,238,232,232,229,244,234,231,232,244,234,221
244,233,236,223,233,236,231,240,230,238,232,232,229,244,234,231,232,244,234,221
244,233,236,223,233,236,231,240,230,238,232,232,229,244,234,231,232,244,234,221
244,233,236,223,233,236,231,240,230,238,232,232,229,244,234,231,232,244,234,221
244,233,236,223,233,236,231,240,230,238,232,232,229,244,234,231,232,244,234,221
244,233,236,223,233,236,231,240,230,238,232,232,229,244,234,231,232,244,234,221
244,233,236,223,233,236,231,240,230,238,232,232,229,244,234,231,232,244,234,221
244,233,236,223,233,236,231,240,230,238,232,232,229,244,234,231,232,244,234,221
244,233,236,223,233,236,231,240,230,238,232,232,229,244,234,231,232,244,234,221
244,233,236,223,233,236,231,240,230,238,232,232,229,244,234,231,232,244,234,221
244,233,236,223,233,236,231,240,230,238,232,232,229,244,234,231,232,244,234,221
244,233,236,223,233,236,231,240,230,238,232,232,229,244,234,231,232,244,234,221
244,233,236,223,233,236,231,240,230,238,232,232,229,244,234,231,232,244,234,221
244,233,238,248,233,238,251,245,242,247,251,240,242,247,243,240,242,247,248,228
244,233,238,248,233,238,251,245,242,247,251,240,242,247,243,240,242,247,248,228
244,233,238,248,233,238,251,245,242,247,251,240,242,247,243,240,242,247,248,228
248,241,238,248,241,238,251,245,242,247,251,240,242,247,243,240,242,247,248,228
248,241,238,248,241,238,251,245,242,247,251,240,242,247,243,240,242,247,248,228
248,241,238,248,241,238,251,245,242,247,251,240,242,247,243,240,242,247,248,228
248,241,238,248,241,238,251,245,242,247,251,240,242,247,243,240,242,247,248,228
248,241,238,248,241,238,251,245,242,247,251,240,242,247,243,240,242,247,248,228
248,241,238,248,241,238,251,245,242,247,251,240,242,247,243,240,242,247,248,228
248,241,238,248,241,238,251,245,242,247,251,240,242,247,243,240,242,247,248,228
248,241,238,248,241,238,251,245,242,247,251,240,242,247,243,240,242,247,248,228
248,241,238,248,241,238,251,245,242,247,251,240,242,247,243,240,242,247,248,228
248,241,238,248,241,238,251,245,242,247,251,240,242,247,243,240,242,247,248,228
248,241,238,248,241,238,251,245,242,247,251,240,242,247,243,240,242,247,248,228
248,241,238,248,241,238,251,245,242,247,251,240,242,247,243,240,242,247,248,228
248,241,238,248,241,238,251,245,242,247,251,240,242,247,243,240,242,247,248,228
248,241,250,255,241,250,255,253,246,250,255,245,246,256,251,245,246,256,257,241
248,241,250,255,241,250,255,253,246,250,255,245,246,256,251,245,246,256,257,241
256,249,250,255,249,250,255,253,246,250,255,245,246,256,251,245,246,256,257,241
256,249,250,255,249,250,255,253,246,250,255,245,246,256,251,245,246,256,257,241
256,249,250,255,249,250,255,253,246,250,255,245,246,256,251,245,246,256,257,241
256,249,250,255,249,250,255,253,246,250,255,245,246,256,251,245,246,256,257,241
256,249,250,255,249,250,255,253,246,250,255,245,246,256,251,245,246,256,257,241
256,249,250,255,249,250,255,253,246,250,255,245,246,256,251,245,246,256,257,241
256,249,250,255,249,250,255,253,246,250,255,245,246,256,251,245,246,256,257,241
256,249,250,255,249,250,255,253,246,250,255,245,246,256,251,245,246,256,257,241
256,249,250,255,249,250,255,253,246,250,255,245,246,256,251,245,246,256,257,241
256,249,250,255,249,250,255,253,246,250,255,245,246,256,251,245,246,256,257,241
256,249,250,255,249,250,255,253,246,250,255,245,246,256,251,245,246,256,257,241
256,249,250,255,249,250,255,253,246,250,255,245,246,256,251,245,246,256,257,241
256,249,250,255,249,250,255,253,246,250,255,245,246,256,251,245,246,256,257,241
256,249,250,255,249,250,255,253,246,250,255,245,246,256,251,245,246,256,257,241
256,249,252,257,249,252,257,258,254,252,258,253,254,259,258,253,254,259,260,249
259,260,252,257,260,252,257,258,254,252,258,253,254,259,258,253,254,259,260,249
259,260,252,257,260,252,257,258,254,252,258,253,254,259,258,253,254,259,260,249
259,260,252,257,260,252,257,258,254,252,258,253,254,259,258,253,254,259,260,249
259,260,252,257,260,252,257,258,254,252,258,253,254,259,258,253,254,259,260,249
259,260,252,257,260,252,257,258,254,252,258,253,254,259,258,253,254,259,260,249
259,260,252,257,260,252,257,258,254,252,258,253,254,259,258,253,254,259,260,249
259,260,252,257,260,252,257,258,254,252,258,253,254,259,258,253,254,259,260,249
259,260,252,257,260,252,257,258,254,252,258,253,254,259,258,253,254,259,260,249
259,260,252,257,260,252,257,258,254,252,258,253,254,259,258,253,254,259,260,249
259,260,252,257,260,252,257,258,254,252,258,253,254,259,258,253,254,259,260,249
259,260,252,257,260,252,257,258,254,252,258,253,254,259,258,253,254,259,260,249
259,260,252,257,260,252,257,258,254,252,258,253,254,259,258,253,254,259,260,249
259,260,252,257,260,252,257,258,254,252,258,253,254,259,258,253,254,259,260,249
259,260,252,257,260,252,257,258,254,252,258,253,254,259,258,253,254,259,260,249
259,260,252,257,260,252,257,258,254,252,258,253,254,259,258,253,254,259,260,249