84,100,74,36,100,74,36,76,78,81,36,202,78,84,76,200,78,127,74,199
84,100,74,36,100,74,36,76,78,81,36,202,78,84,76,200,78,127,74,199
84,100,74,36,100,74,36,76,78,81,36,202,78,84,76,200,78,127,74,199
84,100,74,36,100,74,36,76,78,81,36,202,78,84,76,200,78,127,74,199
119,136,131,153,136,131,137,202,136,127,76,242,81,97,119,202,81,140,84,200
119,136,131,153,136,131,137,202,136,127,76,242,81,97,119,202,81,140,84,200
119,136,131,153,136,131,137,202,136,127,76,242,81,97,119,202,81,140,84,200
119,136,131,153,136,131,137,202,136,127,76,242,81,97,119,202,81,140,84,200
196,179,206,178,179,158,149,242,139,131,137,313,97,127,140,228,97,149,100,228
196,179,206,178,179,158,149,242,139,131,137,313,97,127,140,228,97,149,100,228
196,179,206,178,179,158,149,242,139,131,137,313,97,127,140,228,97,149,100,228
196,179,206,178,179,158,149,242,139,131,137,313,97,127,140,228,97,149,100,228
203,211,220,199,211,206,153,351,178,158,149,364,139,140,158,242,137,196,119,240
203,211,220,199,211,206,153,351,178,158,149,364,139,140,158,242,137,196,119,240
203,211,220,199,211,206,153,351,178,158,149,364,139,140,158,242,137,196,119,240
203,211,220,199,211,206,153,351,178,158,149,364,139,140,158,242,137,196,119,240
269,266,240,203,266,220,233,364,199,206,153,378,178,179,201,364,139,201,211,297
269,266,240,203,266,220,233,364,199,206,153,378,178,179,201,364,139,201,211,297
269,266,240,203,266,220,233,364,199,206,153,378,178,179,201,364,139,201,211,297
269,266,240,203,266,220,233,364,199,206,153,378,178,179,201,364,139,201,211,297
278,297,277,287,297,240,287,378,262,220,233,380,200,196,233,378,203,245,266,350
278,297,277,287,297,240,287,378,262,220,233,380,200,196,233,378,203,245,266,350
278,297,277,287,297,240,287,378,262,220,233,380,200,196,233,378,203,245,266,350
278,297,277,287,297,240,287,378,262,220,233,380,200,196,233,378,203,245,266,350
313,342,298,293,342,277,293,380,281,277,245,415,262,201,278,380,262,269,278,373
313,342,298,293,342,277,293,380,281,277,245,415,262,201,278,380,262,269,278,373
313,342,298,293,342,277,293,380,281,277,245,415,262,201,278,380,262,269,278,373
313,342,298,293,342,277,293,380,281,277,245,415,262,201,278,380,262,269,278,373
322,350,310,345,350,373,345,415,294,382,287,427,294,228,322,415,294,310,281,376
322,350,310,345,350,373,345,415,294,382,287,427,294,228,322,415,294,310,281,376
322,350,310,345,350,373,345,415,294,382,287,427,294,228,322,415,294,310,281,376
322,350,310,345,350,373,345,415,294,382,287,427,294,228,322,415,294,310,281,376
341,403,373,365,376,412,365,427,298,392,293,435,298,245,341,426,300,342,322,410
341,403,373,365,376,412,365,427,298,392,293,435,298,245,341,426,300,342,322,410
341,403,373,365,376,412,365,427,298,392,293,435,298,245,341,426,300,342,322,410
341,403,373,365,376,412,365,427,298,392,293,435,298,245,341,426,300,342,322,410
359,410,412,389,403,473,389,435,429,438,345,443,300,269,351,427,313,358,341,419
359,410,412,389,403,473,389,435,429,438,345,443,300,269,351,427,313,358,341,419
359,410,412,389,403,473,389,435,429,438,345,443,300,269,351,427,313,358,341,419
359,410,412,389,403,473,389,435,429,438,345,443,300,269,351,427,313,358,341,419
376,419,473,414,410,475,414,443,431,445,351,453,369,281,358,435,369,359,375,426
376,419,473,414,410,475,414,443,431,445,351,453,369,281,358,435,369,359,375,426
376,419,473,414,410,475,414,443,431,445,351,453,369,281,358,435,369,359,375,426
376,419,473,414,410,475,414,443,431,445,351,453,369,281,358,435,369,359,375,426
409,439,475,423,419,483,423,453,437,473,365,463,429,300,375,443,412,382,409,447
409,439,475,423,419,483,423,453,437,473,365,463,429,300,375,443,412,382,409,447
409,439,475,423,419,483,423,453,437,473,365,463,429,300,375,443,412,382,409,447
409,439,475,423,419,483,423,453,437,473,365,463,429,300,375,443,412,382,409,447
426,445,483,428,439,489,428,477,454,483,414,477,431,310,409,472,429,389,439,472
426,445,483,428,439,489,428,477,454,483,414,477,431,310,409,472,429,389,439,472
426,445,483,428,439,489,428,477,454,483,414,477,431,310,409,472,429,389,439,472
426,445,483,428,439,489,428,477,454,483,414,477,431,310,409,472,429,389,439,472
456,472,489,447,454,523,447,492,474,489,423,492,437,358,417,492,431,392,456,475
456,472,489,447,454,523,447,492,474,489,423,492,437,358,417,492,431,392,456,475
456,472,489,447,454,523,447,492,474,489,423,492,437,358,417,492,431,392,456,475
456,472,489,447,454,523,447,492,474,489,423,492,437,358,417,492,431,392,456,475
459,482,523,453,477,524,463,501,478,513,428,501,454,359,456,501,437,403,459,482
459,482,523,453,477,524,463,501,478,513,428,501,454,359,456,501,437,403,459,482
459,482,523,453,477,524,463,501,478,513,428,501,454,359,456,501,437,403,459,482
459,482,523,453,477,524,463,501,478,513,428,501,454,359,456,501,437,403,459,482
535,488,524,463,482,537,469,508,487,524,455,508,474,369,479,508,474,417,488,497
535,488,524,463,482,537,469,508,487,524,455,508,474,369,479,508,474,417,488,497
535,488,524,463,482,537,469,508,487,524,455,508,474,369,479,508,474,417,488,497
535,488,524,463,482,537,469,508,487,524,455,508,474,369,479,508,474,417,488,497
543,497,537,469,488,542,507,532,494,537,469,529,478,375,495,539,478,438,504,523
543,497,537,469,488,542,507,532,494,537,469,529,478,375,495,539,478,438,504,523
543,497,537,469,488,542,507,532,494,537,469,529,478,375,495,539,478,438,504,523
543,497,537,469,488,542,507,532,494,537,469,529,478,375,495,539,478,438,504,523
544,504,542,507,497,546,538,539,500,542,507,532,487,382,517,550,487,445,529,536
544,504,542,507,497,546,538,539,500,542,507,532,487,382,517,550,487,445,529,536
544,504,542,507,497,546,538,539,500,542,507,532,487,382,517,550,487,445,529,536
544,504,542,507,497,546,538,539,500,542,507,532,487,382,517,550,487,445,529,536
568,536,546,535,504,563,549,550,527,563,538,539,494,392,529,558,494,455,535,546
568,536,546,535,504,563,549,550,527,563,538,539,494,392,529,558,494,455,535,546
568,536,546,535,504,563,549,550,527,563,538,539,494,392,529,558,494,455,535,546
568,536,546,535,504,563,549,550,527,563,538,539,494,392,529,558,494,455,535,546
591,554,563,549,536,583,573,558,540,573,549,550,500,417,534,566,500,479,544,554
591,554,563,549,536,583,573,558,540,573,549,550,500,417,534,566,500,479,544,554
591,554,563,549,536,583,573,558,540,573,549,550,500,417,534,566,500,479,544,554
591,554,563,549,536,583,573,558,540,573,549,550,500,417,534,566,500,479,544,554
592,562,585,568,554,585,595,566,551,583,595,558,527,438,538,574,527,495,568,562
592,562,585,568,554,585,595,566,551,583,595,558,527,438,538,574,527,495,568,562
592,562,585,568,554,585,595,566,551,583,595,558,527,438,538,574,527,495,568,562
592,562,585,568,554,585,595,566,551,583,595,558,527,438,538,574,527,495,568,562
596,572,598,586,562,598,602,569,567,585,616,566,540,455,544,582,532,513,591,596
596,572,598,586,562,598,602,569,567,585,616,566,540,455,544,582,532,513,591,596
596,572,598,586,562,598,602,569,567,585,616,566,540,455,544,582,532,513,591,596
596,572,598,586,562,598,602,569,567,585,616,566,540,455,544,582,532,513,591,596
607,578,609,595,572,607,643,574,587,588,644,569,551,459,605,596,540,517,607,602
607,578,609,595,572,607,643,574,587,588,644,569,551,459,605,596,540,517,607,602
607,578,609,595,572,607,643,574,587,588,644,569,551,459,605,596,540,517,607,602
607,578,609,595,572,607,643,574,587,588,644,569,551,459,605,596,540,517,607,602
620,583,622,602,578,622,655,580,591,598,657,574,567,479,611,623,551,534,616,609
620,583,622,602,578,622,655,580,591,598,657,574,567,479,611,623,551,534,616,609
620,583,622,602,578,622,655,580,591,598,657,574,567,479,611,623,551,534,616,609
620,583,622,602,578,622,655,580,591,598,657,574,567,479,611,623,551,534,616,609
624,588,634,620,588,635,657,582,592,610,659,582,580,495,616,626,567,543,619,623
624,588,634,620,588,635,657,582,592,610,659,582,580,495,616,626,567,543,619,623
624,588,634,620,588,635,657,582,592,610,659,582,580,495,616,626,567,543,619,623
624,588,634,620,588,635,657,582,592,610,659,582,580,495,616,626,567,543,619,623
632,593,641,638,592,641,659,586,604,631,672,586,587,513,631,632,572,578,631,625
632,593,641,638,592,641,659,586,604,631,672,586,587,513,631,632,572,578,631,625
632,593,641,638,592,641,659,586,604,631,672,586,587,513,631,632,572,578,631,625
632,593,641,638,592,641,659,586,604,631,672,586,587,513,631,632,572,578,631,625
638,621,642,651,621,642,662,620,609,635,685,619,593,517,644,634,580,605,641,626
638,621,642,651,621,642,662,620,609,635,685,619,593,517,644,634,580,605,641,626
638,621,642,651,621,642,662,620,609,635,685,619,593,517,644,634,580,605,641,626
638,621,642,651,621,642,662,620,609,635,685,619,593,517,644,634,580,605,641,626
648,625,694,655,625,671,672,644,619,643,691,622,604,534,649,667,587,611,651,632
648,625,694,655,625,671,672,644,619,643,691,622,604,534,649,667,587,611,651,632
648,625,694,655,625,671,672,644,619,643,691,622,604,534,649,667,587,611,651,632
648,625,694,655,625,671,672,644,619,643,691,622,604,534,649,667,587,611,651,632
651,627,703,657,627,694,678,673,621,678,698,673,610,543,672,673,593,624,662,634
651,627,703,657,627,694,678,673,621,678,698,673,610,543,672,673,593,624,662,634
651,627,703,657,627,694,678,673,621,678,698,673,610,543,672,673,593,624,662,634
651,627,703,657,627,694,678,673,621,678,698,673,610,543,672,673,593,624,662,634
666,640,704,659,640,703,691,685,665,687,700,680,623,569,685,680,604,640,666,642
666,640,704,659,640,703,691,685,665,687,700,680,623,569,685,680,604,640,666,642
666,640,704,659,640,703,691,685,665,687,700,680,623,569,685,680,604,640,666,642
666,640,704,659,640,703,691,685,665,687,700,680,623,569,685,680,604,640,666,642
688,682,718,662,682,717,700,705,671,694,704,705,626,573,700,698,610,649,689,655
688,682,718,662,682,717,700,705,671,694,704,705,626,573,700,698,610,649,689,655
688,682,718,662,682,717,700,705,671,694,704,705,626,573,700,698,610,649,689,655
688,682,718,662,682,717,700,705,671,694,704,705,626,573,700,698,610,649,689,655
707,689,734,666,689,718,704,710,680,696,710,720,648,605,727,705,627,682,707,667
707,689,734,666,689,718,704,710,680,696,710,720,648,605,727,705,627,682,707,667
707,689,734,666,689,718,704,710,680,696,710,720,648,605,727,705,627,682,707,667
707,689,734,666,689,718,704,710,680,696,710,720,648,605,727,705,627,682,707,667
715,702,737,691,702,734,719,720,702,703,719,736,665,611,741,720,638,688,714,698
715,702,737,691,702,734,719,720,702,703,719,736,665,611,741,720,638,688,714,698
715,702,737,691,702,734,719,720,702,703,719,736,665,611,741,720,638,688,714,698
715,702,737,691,702,734,719,720,702,703,719,736,665,611,741,720,638,688,714,698
782,714,745,696,714,737,727,736,722,708,727,756,667,624,742,736,648,708,716,717
782,714,745,696,714,737,727,736,722,708,727,756,667,624,742,736,648,708,716,717
782,714,745,696,714,737,727,736,722,708,727,756,667,624,742,736,648,708,716,717
782,714,745,696,714,737,727,736,722,708,727,756,667,624,742,736,648,708,716,717
801,716,753,707,716,741,742,765,739,718,742,765,671,635,746,756,665,710,733,734
801,716,753,707,716,741,742,765,739,718,742,765,671,635,746,756,665,710,733,734
801,716,753,707,716,741,742,765,739,718,742,765,671,635,746,756,665,710,733,734
801,716,753,707,716,741,742,765,739,718,742,765,671,635,746,756,665,710,733,734
821,733,764,719,733,745,746,775,761,737,746,771,674,643,762,765,674,750,792,741
821,733,764,719,733,745,746,775,761,737,746,771,674,643,762,765,674,750,792,741
821,733,764,719,733,745,746,775,761,737,746,771,674,643,762,765,674,750,792,741
821,733,764,719,733,745,746,775,761,737,746,771,674,643,762,765,674,750,792,741
826,750,766,748,752,753,748,804,767,745,748,775,687,649,805,775,687,751,821,752
826,750,766,748,752,753,748,804,767,745,748,775,687,649,805,775,687,751,821,752
826,750,766,748,752,753,748,804,767,745,748,775,687,649,805,775,687,751,821,752
826,750,766,748,752,753,748,804,767,745,748,775,687,649,805,775,687,751,821,752
832,752,784,782,758,764,751,808,783,753,751,808,715,674,812,784,715,758,826,756
832,752,784,782,758,764,751,808,783,753,751,808,715,674,812,784,715,758,826,756
832,752,784,782,758,764,751,808,783,753,751,808,715,674,812,784,715,758,826,756
832,752,784,782,758,764,751,808,783,753,751,808,715,674,812,784,715,758,826,756
837,758,789,790,763,766,771,812,799,764,787,815,717,678,826,801,722,762,836,763
837,758,789,790,763,766,771,812,799,764,787,815,717,678,826,801,722,762,836,763
837,758,789,790,763,766,771,812,799,764,787,815,717,678,826,801,722,762,836,763
837,758,789,790,763,766,771,812,799,764,787,815,717,678,826,801,722,762,836,763
839,763,798,792,770,789,787,815,813,766,790,824,722,688,832,808,739,771,841,770
839,763,798,792,770,789,787,815,813,766,790,824,722,688,832,808,739,771,841,770
839,763,798,792,770,789,787,815,813,766,790,824,722,688,832,808,739,771,841,770
839,763,798,792,770,789,787,815,813,766,790,824,722,688,832,808,739,771,841,770
841,770,806,821,778,798,790,824,825,778,812,866,739,696,841,815,761,777,846,778
841,770,806,821,778,798,790,824,825,778,812,866,739,696,841,815,761,777,846,778
841,770,806,821,778,798,790,824,825,778,812,866,739,696,841,815,761,777,846,778
841,770,806,821,778,798,790,824,825,778,812,866,739,696,841,815,761,777,846,778
846,777,816,836,783,806,794,851,859,789,836,868,761,708,849,824,767,788,855,782
846,777,816,836,783,806,794,851,859,789,836,868,761,708,849,824,767,788,855,782
846,777,816,836,783,806,794,851,859,789,836,868,761,708,849,824,767,788,855,782
846,777,816,836,783,806,794,851,859,789,836,868,761,708,849,824,767,788,855,782
852,783,856,838,802,816,823,866,870,794,838,869,767,750,851,839,787,802,872,784
852,783,856,838,802,816,823,866,870,794,838,869,767,750,851,839,787,802,872,784
852,783,856,838,802,816,823,866,870,794,838,869,767,750,851,839,787,802,872,784
852,783,856,838,802,816,823,866,870,794,838,869,767,750,851,839,787,802,872,784
871,788,873,846,822,856,838,868,881,806,849,875,788,762,860,842,799,805,877,798
871,788,873,846,822,856,838,868,881,806,849,875,788,762,860,842,799,805,877,798
871,788,873,846,822,856,838,868,881,806,849,875,788,762,860,842,799,805,877,798
871,788,873,846,822,856,838,868,881,806,849,875,788,762,860,842,799,805,877,798
891,802,887,857,855,873,849,869,883,816,851,881,799,777,877,852,804,829,889,801
891,802,887,857,855,873,849,869,883,816,851,881,799,777,877,852,804,829,889,801
891,802,887,857,855,873,849,869,883,816,851,881,799,777,877,852,804,829,889,801
891,802,887,857,855,873,849,869,883,816,851,881,799,777,877,852,804,829,889,801
899,822,893,865,868,887,857,875,896,829,857,903,804,792,884,866,813,830,891,822
899,822,893,865,868,887,857,875,896,829,857,903,804,792,884,866,813,830,891,822
899,822,893,865,868,887,857,875,896,829,857,903,804,792,884,866,813,830,891,822
899,822,893,865,868,887,857,875,896,829,857,903,804,792,884,866,813,830,891,822
905,842,906,867,872,893,865,901,898,840,865,914,813,794,891,869,823,837,898,832
905,842,906,867,872,893,865,901,898,840,865,914,813,794,891,869,823,837,898,832
905,842,906,867,872,893,865,901,898,840,865,914,813,794,891,869,823,837,898,832
905,842,906,867,872,893,865,901,898,840,865,914,813,794,891,869,823,837,898,832
911,855,921,874,875,906,867,908,910,856,867,916,823,805,897,881,825,840,899,839
911,855,921,874,875,906,867,908,910,856,867,916,823,805,897,881,825,840,899,839
911,855,921,874,875,906,867,908,910,856,867,916,823,805,897,881,825,840,899,839
911,855,921,874,875,906,867,908,910,856,867,916,823,805,897,881,825,840,899,839
924,872,936,879,889,921,874,916,914,876,874,929,825,829,898,882,859,860,927,842
924,872,936,879,889,921,874,916,914,876,874,929,825,829,898,882,859,860,927,842
924,872,936,879,889,921,874,916,914,876,874,929,825,829,898,882,859,860,927,842
924,872,936,879,889,921,874,916,914,876,874,929,825,829,898,882,859,860,927,842
927,882,937,899,892,936,879,924,917,887,879,939,830,830,901,904,870,871,928,852
927,882,937,899,892,936,879,924,917,887,879,939,830,830,901,904,870,871,928,852
927,882,937,899,892,936,879,924,917,887,879,939,830,830,901,904,870,871,928,852
927,882,937,899,892,936,879,924,917,887,879,939,830,830,901,904,870,871,928,852
928,889,947,905,908,947,904,929,930,890,909,958,859,837,903,911,883,876,937,873
928,889,947,905,908,947,904,929,930,890,909,958,859,837,903,911,883,876,937,873
928,889,947,905,908,947,904,929,930,890,909,958,859,837,903,911,883,876,937,873
928,889,947,905,908,947,904,929,930,890,909,958,859,837,903,911,883,876,937,873
942,892,961,915,912,961,909,937,933,893,915,963,870,840,909,914,896,884,942,882
942,892,961,915,912,961,909,937,933,893,915,963,870,840,909,914,896,884,942,882
942,892,961,915,912,961,909,937,933,893,915,963,870,840,909,914,896,884,942,882
942,892,961,915,912,961,909,937,933,893,915,963,870,840,909,914,896,884,942,882
946,912,978,922,920,986,915,939,946,904,922,970,876,860,924,916,902,890,956,892
946,912,978,922,920,986,915,939,946,904,922,970,876,860,924,916,902,890,956,892
946,912,978,922,920,986,915,939,946,904,922,970,876,860,924,916,902,890,956,892
946,912,978,922,920,986,915,939,946,904,922,970,876,860,924,916,902,890,956,892
954,920,986,938,929,1008,922,963,949,918,926,973,883,871,927,954,905,897,960,906
954,920,986,938,929,1008,922,963,949,918,926,973,883,871,927,954,905,897,960,906
954,920,986,938,929,1008,922,963,949,918,926,973,883,871,927,954,905,897,960,906
954,920,986,938,929,1008,922,963,949,918,926,973,883,871,927,954,905,897,960,906
958,960,1009,955,939,1017,938,970,952,921,938,982,896,877,928,958,912,903,964,911
958,960,1009,955,939,1017,938,970,952,921,938,982,896,877,928,958,912,903,964,911
958,960,1009,955,939,1017,938,970,952,921,938,982,896,877,928,958,912,903,964,911
958,960,1009,955,939,1017,938,970,952,921,938,982,896,877,928,958,912,903,964,911
965,966,1011,956,957,1021,955,973,959,961,955,987,902,884,932,964,917,910,988,920
965,966,1011,956,957,1021,955,973,959,961,955,987,902,884,932,964,917,910,988,920
965,966,1011,956,957,1021,955,973,959,961,955,987,902,884,932,964,917,910,988,920
965,966,1011,956,957,1021,955,973,959,961,955,987,902,884,932,964,917,910,988,920
989,968,1021,962,960,1026,956,978,966,980,957,997,908,890,942,970,931,918,989,946
989,968,1021,962,960,1026,956,978,966,980,957,997,908,890,942,970,931,918,989,946
989,968,1021,962,960,1026,956,978,966,980,957,997,908,890,942,970,931,918,989,946
989,968,1021,962,960,1026,956,978,966,980,957,997,908,890,942,970,931,918,989,946
1002,983,1026,963,966,1038,962,997,968,986,962,1012,917,897,953,973,936,926,1007,947
1002,983,1026,963,966,1038,962,997,968,986,962,1012,917,897,953,973,936,926,1007,947
1002,983,1026,963,966,1038,962,997,968,986,962,1012,917,897,953,973,936,926,1007,947
1002,983,1026,963,966,1038,962,997,968,986,962,1012,917,897,953,973,936,926,1007,947
1004,988,1040,965,968,1040,980,1012,983,1004,984,1015,931,901,957,978,949,930,1008,954
1004,988,1040,965,968,1040,980,1012,983,1004,984,1015,931,901,957,978,949,930,1008,954
1004,988,1040,965,968,1040,980,1012,983,1004,984,1015,931,901,957,978,949,930,1008,954
1004,988,1040,965,968,1040,980,1012,983,1004,984,1015,931,901,957,978,949,930,1008,954
1005,993,1047,984,983,1047,984,1015,985,1010,995,1023,932,902,989,982,952,932,1010,974
1005,993,1047,984,983,1047,984,1015,985,1010,995,1023,932,902,989,982,952,932,1010,974
1005,993,1047,984,983,1047,984,1015,985,1010,995,1023,932,902,989,982,952,932,1010,974
1005,993,1047,984,983,1047,984,1015,985,1010,995,1023,932,902,989,982,952,932,1010,974
1007,994,1050,995,993,1050,995,1030,987,1019,1006,1030,949,910,1002,987,959,933,1023,982
1007,994,1050,995,993,1050,995,1030,987,1019,1006,1030,949,910,1002,987,959,933,1023,982
1007,994,1050,995,993,1050,995,1030,987,1019,1006,1030,949,910,1002,987,959,933,1023,982
1007,994,1050,995,993,1050,995,1030,987,1019,1006,1030,949,910,1002,987,959,933,1023,982
1022,1008,1053,1004,994,1053,1005,1035,1009,1038,1011,1036,952,918,1003,997,974,953,1044,993
1022,1008,1053,1004,994,1053,1005,1035,1009,1038,1011,1036,952,918,1003,997,974,953,1044,993
1022,1008,1053,1004,994,1053,1005,1035,1009,1038,1011,1036,952,918,1003,997,974,953,1044,993
1022,1008,1053,1004,994,1053,1005,1035,1009,1038,1011,1036,952,918,1003,997,974,953,1044,993
1024,1010,1057,1014,1012,1057,1014,1041,1017,1040,1014,1041,959,926,1007,1013,985,965,1045,994
1024,1010,1057,1014,1012,1057,1014,1041,1017,1040,1014,1041,959,926,1007,1013,985,965,1045,994
1024,1010,1057,1014,1012,1057,1014,1041,1017,1040,1014,1041,959,926,1007,1013,985,965,1045,994
1024,1010,1057,1014,1012,1057,1014,1041,1017,1040,1014,1041,959,926,1007,1013,985,965,1045,994
1031,1013,1062,1030,1015,1062,1027,1063,1032,1047,1027,1063,964,930,1009,1022,1024,1003,1061,1002
1031,1013,1062,1030,1015,1062,1027,1063,1032,1047,1027,1063,964,930,1009,1022,1024,1003,1061,1002
1031,1013,1062,1030,1015,1062,1027,1063,1032,1047,1027,1063,964,930,1009,1022,1024,1003,1061,1002
1031,1013,1062,1030,1015,1062,1027,1063,1032,1047,1027,1063,964,930,1009,1022,1024,1003,1061,1002
1043,1019,1066,1034,1019,1066,1034,1068,1036,1053,1035,1064,985,931,1021,1031,1026,1005,1066,1011
1043,1019,1066,1034,1019,1066,1034,1068,1036,1053,1035,1064,985,931,1021,1031,1026,1005,1066,1011
1043,1019,1066,1034,1019,1066,1034,1068,1036,1053,1035,1064,985,931,1021,1031,1026,1005,1066,1011
1043,1019,1066,1034,1019,1066,1034,1068,1036,1053,1035,1064,985,931,1021,1031,1026,1005,1066,1011
1044,1028,1077,1046,1028,1074,1046,1076,1049,1055,1046,1068,988,933,1023,1036,1049,1006,1076,1013
1044,1028,1077,1046,1028,1074,1046,1076,1049,1055,1046,1068,988,933,1023,1036,1049,1006,1076,1013
1044,1028,1077,1046,1028,1074,1046,1076,1049,1055,1046,1068,988,933,1023,1036,1049,1006,1076,1013
1044,1028,1077,1046,1028,1074,1046,1076,1049,1055,1046,1068,988,933,1023,1036,1049,1006,1076,1013
1060,1039,1080,1051,1039,1077,1051,1079,1071,1059,1051,1079,1017,953,1027,1041,1059,1028,1085,1022
1060,1039,1080,1051,1039,1077,1051,1079,1071,1059,1051,1079,1017,953,1027,1041,1059,1028,1085,1022
1060,1039,1080,1051,1039,1077,1051,1079,1071,1059,1051,1079,1017,953,1027,1041,1059,1028,1085,1022
1060,1039,1080,1051,1039,1077,1051,1079,1071,1059,1051,1079,1017,953,1027,1041,1059,1028,1085,1022
1085,1045,1087,1065,1045,1080,1065,1084,1081,1062,1065,1084,1049,974,1035,1060,1071,1032,1099,1031
1085,1045,1087,1065,1045,1080,1065,1084,1081,1062,1065,1084,1049,974,1035,1060,1071,1032,1099,1031
1085,1045,1087,1065,1045,1080,1065,1084,1081,1062,1065,1084,1049,974,1035,1060,1071,1032,1099,1031
1085,1045,1087,1065,1045,1080,1065,1084,1081,1062,1065,1084,1049,974,1035,1060,1071,1032,1099,1031
1089,1055,1091,1078,1055,1087,1075,1089,1094,1080,1075,1090,1059,980,1044,1063,1081,1043,1100,1034
1089,1055,1091,1078,1055,1087,1075,1089,1094,1080,1075,1090,1059,980,1044,1063,1081,1043,1100,1034
1089,1055,1091,1078,1055,1087,1075,1089,1094,1080,1075,1090,1059,980,1044,1063,1081,1043,1100,1034
1089,1055,1091,1078,1055,1087,1075,1089,1094,1080,1075,1090,1059,980,1044,1063,1081,1043,1100,1034
1098,1061,1101,1089,1061,1091,1078,1090,1096,1082,1078,1093,1071,1003,1056,1064,1088,1056,1106,1039
1098,1061,1101,1089,1061,1091,1078,1090,1096,1082,1078,1093,1071,1003,1056,1064,1088,1056,1106,1039
1098,1061,1101,1089,1061,1091,1078,1090,1096,1082,1078,1093,1071,1003,1056,1064,1088,1056,1106,1039
1098,1061,1101,1089,1061,1091,1078,1090,1096,1082,1078,1093,1071,1003,1056,1064,1088,1056,1106,1039
1106,1069,1111,1092,1069,1101,1092,1093,1104,1087,1092,1095,1081,1006,1072,1068,1096,1069,1107,1050
1106,1069,1111,1092,1069,1101,1092,1093,1104,1087,1092,1095,1081,1006,1072,1068,1096,1069,1107,1050
1106,1069,1111,1092,1069,1101,1092,1093,1104,1087,1092,1095,1081,1006,1072,1068,1096,1069,1107,1050
1106,1069,1111,1092,1069,1101,1092,1093,1104,1087,1092,1095,1081,1006,1072,1068,1096,1069,1107,1050
1107,1070,1116,1106,1070,1111,1117,1095,1123,1088,1117,1103,1088,1024,1075,1083,1104,1072,1114,1057
1107,1070,1116,1106,1070,1111,1117,1095,1123,1088,1117,1103,1088,1024,1075,1083,1104,1072,1114,1057
1107,1070,1116,1106,1070,1111,1117,1095,1123,1088,1117,1103,1088,1024,1075,1083,1104,1072,1114,1057
1107,1070,1116,1106,1070,1111,1117,1095,1123,1088,1117,1103,1088,1024,1075,1083,1104,1072,1114,1057
1114,1074,1119,1107,1079,1116,1121,1103,1124,1091,1122,1113,1096,1032,1085,1086,1123,1082,1121,1060
1114,1074,1119,1107,1079,1116,1121,1103,1124,1091,1122,1113,1096,1032,1085,1086,1123,1082,1121,1060
1114,1074,1119,1107,1079,1116,1121,1103,1124,1091,1122,1113,1096,1032,1085,1086,1123,1082,1121,1060
1114,1074,1119,1107,1079,1116,1121,1103,1124,1091,1122,1113,1096,1032,1085,1086,1123,1082,1121,1060
1124,1076,1121,1122,1084,1119,1122,1113,1126,1101,1130,1120,1104,1038,1108,1090,1131,1094,1132,1064
1124,1076,1121,1122,1084,1119,1122,1113,1126,1101,1130,1120,1104,1038,1108,1090,1131,1094,1132,1064
1124,1076,1121,1122,1084,1119,1122,1113,1126,1101,1130,1120,1104,1038,1108,1090,1131,1094,1132,1064
1124,1076,1121,1122,1084,1119,1122,1113,1126,1101,1130,1120,1104,1038,1108,1090,1131,1094,1132,1064
1128,1083,1130,1128,1095,1130,1131,1120,1136,1111,1148,1131,1123,1043,1109,1093,1136,1108,1134,1070
1128,1083,1130,1128,1095,1130,1131,1120,1136,1111,1148,1131,1123,1043,1109,1093,1136,1108,1134,1070
1128,1083,1130,1128,1095,1130,1131,1120,1136,1111,1148,1131,1123,1043,1109,1093,1136,1108,1134,1070
1128,1083,1130,1128,1095,1130,1131,1120,1136,1111,1148,1131,1123,1043,1109,1093,1136,1108,1134,1070
1132,1086,1137,1132,1099,1137,1148,1135,1140,1119,1153,1135,1135,1056,1112,1098,1143,1109,1150,1074
1132,1086,1137,1132,1099,1137,1148,1135,1140,1119,1153,1135,1135,1056,1112,1098,1143,1109,1150,1074
1132,1086,1137,1132,1099,1137,1148,1135,1140,1119,1153,1135,1135,1056,1112,1098,1143,1109,1150,1074
1132,1086,1137,1132,1099,1137,1148,1135,1140,1119,1153,1135,1135,1056,1112,1098,1143,1109,1150,1074
1134,1094,1139,1148,1100,1139,1152,1138,1141,1145,1158,1137,1136,1072,1114,1103,1162,1112,1151,1077
1134,1094,1139,1148,1100,1139,1152,1138,1141,1145,1158,1137,1136,1072,1114,1103,1162,1112,1151,1077
1134,1094,1139,1148,1100,1139,1152,1138,1141,1145,1158,1137,1136,1072,1114,1103,1162,1112,1151,1077
1134,1094,1139,1148,1100,1139,1152,1138,1141,1145,1158,1137,1136,1072,1114,1103,1162,1112,1151,1077
1150,1099,1145,1150,1110,1145,1158,1149,1144,1147,1167,1141,1138,1082,1117,1113,1176,1116,1154,1083
1150,1099,1145,1150,1110,1145,1158,1149,1144,1147,1167,1141,1138,1082,1117,1113,1176,1116,1154,1083
1150,1099,1145,1150,1110,1145,1158,1149,1144,1147,1167,1141,1138,1082,1117,1113,1176,1116,1154,1083
1154,1100,1147,1154,1110,1147,1158,1149,1144,1147,1167,1141,1138,1082,1117,1113,1176,1116,1154,1083
1154,1100,1147,1154,1125,1147,1167,1153,1170,1152,1168,1149,1162,1108,1134,1120,1179,1124,1157,1086
1154,1100,1147,1154,1125,1147,1167,1153,1170,1152,1168,1149,1162,1108,1134,1120,1179,1124,1157,1086
1157,1110,1151,1163,1125,1151,1167,1153,1170,1152,1168,1149,1162,1108,1134,1120,1179,1124,1157,1086
1157,1110,1151,1163,1125,1151,1167,1153,1170,1152,1168,1149,1162,1108,1134,1120,1179,1124,1157,1086
1157,1110,1151,1163,1133,1151,1168,1161,1179,1155,1171,1161,1170,1109,1139,1141,1184,1126,1164,1098
1163,1125,1155,1168,1133,1155,1168,1161,1179,1155,1171,1161,1170,1109,1139,1141,1184,1126,1164,1098
1163,1125,1155,1168,1133,1155,1168,1161,1179,1155,1171,1161,1170,1109,1139,1141,1184,1126,1164,1098
1163,1125,1155,1168,1133,1155,1168,1161,1179,1155,1171,1161,1170,1109,1139,1141,1184,1126,1164,1098
1174,1133,1160,1171,1138,1160,1171,1166,1187,1160,1172,1166,1179,1112,1152,1149,1186,1140,1166,1110
1174,1133,1160,1171,1138,1160,1171,1166,1187,1160,1172,1166,1179,1112,1152,1149,1186,1140,1166,1110
1174,1133,1160,1171,1138,1160,1171,1166,1187,1160,1172,1166,1179,1112,1152,1149,1186,1140,1166,1110
1181,1144,1165,1177,1144,1165,1177,1169,1195,1173,1177,1169,1185,1126,1157,1161,1186,1153,1166,1125
1181,1144,1165,1177,1144,1165,1177,1169,1195,1173,1177,1169,1185,1126,1157,1161,1191,1153,1174,1125
1181,1144,1165,1177,1144,1165,1177,1169,1195,1173,1177,1169,1185,1126,1157,1161,1191,1153,1174,1125
1186,1164,1167,1182,1164,1170,1182,1172,1199,1188,1183,1178,1191,1140,1158,1175,1191,1163,1174,1128
1186,1164,1167,1182,1164,1170,1182,1172,1199,1188,1183,1178,1191,1140,1158,1175,1191,1163,1174,1128
1186,1164,1167,1182,1164,1170,1182,1172,1199,1188,1183,1178,1191,1140,1158,1175,1195,1163,1181,1128
1192,1175,1176,1184,1169,1176,1184,1178,1201,1197,1189,1190,1195,1143,1172,1185,1195,1173,1181,1133
1192,1175,1176,1184,1169,1176,1184,1178,1201,1197,1189,1190,1195,1143,1172,1185,1195,1173,1181,1133
1192,1175,1176,1184,1169,1176,1184,1178,1201,1197,1189,1190,1195,1143,1172,1185,1195,1173,1181,1133
1205,1187,1183,1186,1178,1183,1189,1190,1205,1202,1198,1201,1199,1162,1174,1190,1200,1192,1193,1143
1205,1187,1183,1186,1178,1183,1189,1190,1205,1202,1198,1201,1199,1162,1174,1190,1200,1192,1193,1143
1205,1187,1183,1186,1178,1183,1189,1190,1205,1202,1198,1201,1199,1162,1174,1190,1200,1192,1193,1143
1207,1193,1188,1192,1187,1188,1197,1198,1206,1210,1203,1220,1202,1173,1181,1210,1202,1204,1201,1165
1207,1193,1188,1192,1187,1188,1197,1198,1206,1210,1203,1220,1202,1173,1181,1210,1202,1204,1201,1165
1207,1193,1188,1192,1187,1188,1197,1198,1206,1210,1203,1220,1202,1173,1181,1210,1202,1204,1201,1165
1209,1215,1194,1206,1193,1194,1203,1220,1212,1213,1204,1221,1208,1191,1189,1213,1208,1205,1206,1175
1209,1215,1194,1206,1193,1194,1203,1220,1212,1213,1204,1221,1208,1191,1189,1213,1208,1205,1206,1175
1209,1215,1194,1206,1193,1194,1203,1220,1212,1213,1204,1221,1208,1191,1189,1213,1208,1205,1206,1175
1211,1225,1199,1214,1215,1200,1210,1232,1221,1216,1218,1235,1222,1197,1198,1220,1222,1211,1207,1182
1211,1225,1199,1214,1215,1200,1210,1232,1221,1216,1218,1235,1222,1197,1198,1220,1222,1211,1207,1182
1211,1225,1199,1214,1215,1200,1210,1232,1221,1216,1218,1235,1222,1197,1198,1220,1222,1211,1207,1182
1214,1246,1200,1227,1225,1208,1218,1238,1222,1228,1219,1238,1223,1204,1203,1221,1223,1214,1209,1185
1214,1246,1200,1227,1225,1208,1218,1238,1222,1228,1219,1238,1223,1204,1203,1221,1223,1214,1209,1185
1214,1246,1200,1227,1225,1208,1218,1238,1222,1228,1219,1238,1223,1204,1203,1221,1223,1214,1209,1185
1217,1247,1212,1232,1246,1211,1219,1245,1223,1230,1227,1245,1229,1212,1207,1238,1229,1224,1215,1194
1217,1247,1212,1232,1246,1211,1219,1245,1223,1230,1227,1245,1229,1212,1207,1238,1229,1224,1215,1194
1217,1247,1212,1232,1246,1211,1219,1245,1223,1230,1227,1245,1229,1212,1207,1238,1229,1224,1215,1194
1224,1248,1216,1234,1247,1216,1227,1251,1229,1233,1234,1251,1233,1217,1209,1254,1233,1228,1217,1213
1224,1248,1216,1234,1247,1216,1227,1251,1229,1233,1234,1251,1233,1217,1209,1254,1233,1228,1217,1213
1224,1248,1216,1234,1247,1216,1227,1251,1229,1233,1234,1251,1233,1217,1209,1254,1233,1228,1217,1213
1230,1249,1226,1237,1248,1226,1234,1256,1239,1240,1237,1256,1239,1224,1218,1255,1239,1232,1225,1226
1230,1249,1226,1237,1248,1226,1234,1256,1239,1240,1237,1256,1239,1224,1218,1255,1239,1232,1225,1226
1230,1249,1226,1237,1248,1226,1234,1256,1239,1240,1237,1256,1239,1224,1218,1255,1239,1232,1225,1226
1231,1254,1236,1241,1249,1236,1237,1258,1242,1243,1241,1258,1242,1228,1219,1256,1243,1235,1231,1246
1231,1254,1236,1241,1249,1236,1237,1258,1242,1243,1241,1258,1242,1228,1219,1256,1243,1235,1231,1246
1231,1254,1236,1241,1249,1236,1237,1258,1242,1243,1241,1258,1242,1228,1219,1256,1243,1235,1231,1246
1235,1255,1240,1250,1251,1242,1241,1259,1244,1252,1250,1259,1244,1230,1231,1259,1245,1240,1236,1254
1235,1255,1240,1250,1251,1242,1241,1259,1244,1252,1250,1259,1244,1230,1231,1259,1245,1240,1236,1254
1235,1255,1240,1250,1251,1242,1241,1259,1244,1252,1250,1259,1244,1230,1231,1259,1245,1240,1236,1254
1253,1257,1243,1258,1257,1244,1250,1260,1247,1263,1262,1260,1261,1252,1253,1260,1261,1252,1249,1255
1253,1257,1243,1258,1257,1244,1250,1260,1247,1263,1262,1260,1261,1252,1253,1260,1261,1252,1249,1255
1253,1257,1243,1258,1257,1244,1250,1260,1247,1263,1262,1260,1261,1252,1253,1260,1261,1252,1249,1255
1264,1267,1265,1264,1266,1265,1261,1262,1248,1265,1266,1264,1263,1267,1266,1262,1263,1267,1253,1257
1264,1267,1265,1264,1266,1265,1261,1262,1248,1265,1266,1264,1263,1267,1266,1262,1263,1267,1253,1257
1264,1267,1265,1264,1266,1265,1261,1262,1248,1265,1266,1264,1263,1267,1266,1262,1263,1267,1253,1257