198,40,35,62,279,35,62,207,189,40,35,207,189,40,0,0,0,0,0,0
198,40,35,62,279,35,62,207,189,40,35,207,189,40,0,0,0,0,0,0
198,40,35,62,279,35,62,207,189,40,35,207,189,40,0,0,0,0,0,0
207,92,93,87,290,93,87,238,198,92,62,238,198,92,0,0,0,0,0,0
207,92,93,87,290,93,87,238,198,92,62,238,198,92,0,0,0,0,0,0
207,92,93,87,290,93,87,238,198,92,62,238,198,92,0,0,0,0,0,0
238,189,140,158,307,140,158,279,201,93,87,279,302,201,0,0,0,0,0,0
238,189,140,158,307,140,158,279,201,93,87,279,302,201,0,0,0,0,0,0
238,189,140,158,307,140,158,279,201,93,87,279,302,201,0,0,0,0,0,0
290,307,201,230,344,258,230,323,304,140,158,290,304,281,0,0,0,0,0,0
290,307,201,230,344,258,230,323,304,140,158,290,304,281,0,0,0,0,0,0
290,307,201,230,344,258,230,323,304,140,158,290,304,281,0,0,0,0,0,0
311,328,258,302,354,294,266,344,383,258,230,323,328,365,0,0,0,0,0,0
311,328,258,302,354,294,266,344,383,258,230,323,328,365,0,0,0,0,0,0
311,328,258,302,354,294,266,344,383,258,230,323,328,365,0,0,0,0,0,0
365,395,266,323,380,304,281,354,393,281,266,344,383,396,0,0,0,0,0,0
365,395,266,323,380,304,281,354,393,281,266,344,383,396,0,0,0,0,0,0
365,395,266,323,380,304,281,354,393,281,266,344,383,396,0,0,0,0,0,0
393,403,294,398,383,328,302,380,395,365,294,354,393,413,0,0,0,0,0,0
393,403,294,398,383,328,302,380,395,365,294,354,393,413,0,0,0,0,0,0
393,403,294,398,383,328,302,380,395,365,294,354,393,413,0,0,0,0,0,0
397,417,396,426,403,404,311,397,403,396,307,380,395,464,0,0,0,0,0,0
397,417,396,426,403,404,311,397,403,396,307,380,395,464,0,0,0,0,0,0
397,417,396,426,403,404,311,397,403,396,307,380,395,464,0,0,0,0,0,0
412,460,404,429,413,407,398,427,412,404,311,397,412,478,0,0,0,0,0,0
412,460,404,429,413,407,398,427,412,404,311,397,412,478,0,0,0,0,0,0
412,460,404,429,413,407,398,427,412,404,311,397,412,478,0,0,0,0,0,0
435,469,407,439,417,409,426,435,413,407,398,427,470,480,0,0,0,0,0,0
435,469,407,439,417,409,426,435,413,407,398,427,470,480,0,0,0,0,0,0
435,469,407,439,417,409,426,435,413,407,398,427,470,480,0,0,0,0,0,0
440,474,409,447,427,433,429,440,464,409,417,435,474,488,0,0,0,0,0,0
440,474,409,447,427,433,429,440,464,409,417,435,474,488,0,0,0,0,0,0
440,474,409,447,427,433,429,440,464,409,417,435,474,488,0,0,0,0,0,0
454,486,433,454,451,446,439,451,474,433,426,440,516,504,0,0,0,0,0,0
454,486,433,454,451,446,439,451,474,433,426,440,516,504,0,0,0,0,0,0
454,486,433,454,451,446,439,451,474,433,426,440,516,504,0,0,0,0,0,0
466,496,446,471,469,464,447,466,516,446,429,451,523,508,0,0,0,0,0,0
466,496,446,471,469,464,447,466,516,446,429,451,523,508,0,0,0,0,0,0
466,496,446,471,469,464,447,466,516,446,429,451,523,508,0,0,0,0,0,0
472,523,470,492,493,470,460,472,534,478,439,466,534,529,0,0,0,0,0,0
472,523,470,492,493,470,460,472,534,478,439,466,534,529,0,0,0,0,0,0
472,523,470,492,493,470,460,472,534,478,439,466,534,529,0,0,0,0,0,0
478,537,489,502,497,480,471,486,537,480,447,472,545,565,0,0,0,0,0,0
478,537,489,502,497,480,471,486,537,480,447,472,545,565,0,0,0,0,0,0
478,537,489,502,497,480,471,486,537,480,447,472,545,565,0,0,0,0,0,0
504,545,500,505,501,488,492,493,545,488,454,486,560,587,0,0,0,0,0,0
504,545,500,505,501,488,492,493,545,488,454,486,560,587,0,0,0,0,0,0
504,545,500,505,501,488,492,493,545,488,454,486,560,587,0,0,0,0,0,0
505,561,507,508,509,489,507,496,560,489,460,493,561,599,0,0,0,0,0,0
505,561,507,508,509,489,507,496,560,489,460,493,561,599,0,0,0,0,0,0
505,561,507,508,509,489,507,496,560,489,460,493,561,599,0,0,0,0,0,0
511,573,513,511,514,500,522,497,564,500,469,496,564,600,0,0,0,0,0,0
511,573,513,511,514,500,522,497,564,500,469,496,564,600,0,0,0,0,0,0
511,573,513,511,514,500,522,497,564,500,469,496,564,600,0,0,0,0,0,0
522,587,516,531,521,534,531,501,600,504,471,497,568,609,0,0,0,0,0,0
522,587,516,531,521,534,531,501,600,504,471,497,568,609,0,0,0,0,0,0
522,587,516,531,521,534,531,501,600,504,471,497,568,609,0,0,0,0,0,0
527,592,529,539,523,555,539,502,606,529,492,501,573,610,0,0,0,0,0,0
527,592,529,539,523,555,539,502,606,529,492,501,573,610,0,0,0,0,0,0
527,592,529,539,523,555,539,502,606,529,492,501,573,610,0,0,0,0,0,0
536,596,555,548,533,564,548,508,616,555,511,502,598,616,0,0,0,0,0,0
536,596,555,548,533,564,548,508,616,555,511,502,598,616,0,0,0,0,0,0
536,596,555,548,533,564,548,508,616,555,511,502,598,616,0,0,0,0,0,0
565,598,560,568,537,583,568,509,631,565,522,505,606,649,0,0,0,0,0,0
565,598,560,568,537,583,568,509,631,565,522,505,606,649,0,0,0,0,0,0
565,598,560,568,537,583,568,509,631,565,522,505,606,649,0,0,0,0,0,0
591,606,583,576,550,588,576,513,637,583,531,507,623,651,0,0,0,0,0,0
591,606,583,576,550,588,576,513,637,583,531,507,623,651,0,0,0,0,0,0
591,606,583,576,550,588,576,513,637,583,531,507,623,651,0,0,0,0,0,0
604,614,588,600,561,599,591,514,642,588,539,509,631,654,0,0,0,0,0,0
604,614,588,600,561,599,591,514,642,588,539,509,631,654,0,0,0,0,0,0
604,614,588,600,561,599,591,514,642,588,539,509,631,654,0,0,0,0,0,0
605,623,599,609,572,614,604,521,647,610,548,513,637,671,0,0,0,0,0,0
605,623,599,609,572,614,604,521,647,610,548,513,637,671,0,0,0,0,0,0
605,623,599,609,572,614,604,521,647,610,548,513,637,671,0,0,0,0,0,0
608,633,615,635,573,616,610,527,653,614,576,514,642,673,0,0,0,0,0,0
608,633,615,635,573,616,610,527,653,614,576,514,642,673,0,0,0,0,0,0
608,633,615,635,573,616,610,527,653,614,576,514,642,673,0,0,0,0,0,0
609,637,617,645,587,631,615,533,699,644,591,521,647,688,0,0,0,0,0,0
609,637,617,645,587,631,615,533,699,644,591,521,647,688,0,0,0,0,0,0
609,637,617,645,587,631,615,533,699,644,591,521,647,688,0,0,0,0,0,0
642,661,644,652,596,644,635,536,720,651,596,527,653,700,0,0,0,0,0,0
642,661,644,652,596,644,635,536,720,651,596,527,653,700,0,0,0,0,0,0
642,661,644,652,596,644,635,536,720,651,596,527,653,700,0,0,0,0,0,0
647,700,649,657,598,649,645,550,728,654,604,533,682,709,0,0,0,0,0,0
647,700,649,657,598,649,645,550,728,654,604,533,682,709,0,0,0,0,0,0
647,700,649,657,598,649,645,550,728,654,604,533,682,709,0,0,0,0,0,0
651,720,656,662,623,656,657,572,730,656,615,536,687,729,0,0,0,0,0,0
651,720,656,662,623,656,657,572,730,656,615,536,687,729,0,0,0,0,0,0
651,720,656,662,623,656,657,572,730,656,615,536,687,729,0,0,0,0,0,0
652,730,660,671,633,660,662,592,742,660,633,550,699,744,0,0,0,0,0,0
652,730,660,671,633,660,662,592,742,660,633,550,699,744,0,0,0,0,0,0
652,730,660,671,633,660,662,592,742,660,633,550,699,744,0,0,0,0,0,0
653,737,663,681,641,663,673,605,748,663,635,572,710,749,0,0,0,0,0,0
653,737,663,681,641,663,673,605,748,663,635,572,710,749,0,0,0,0,0,0
653,737,663,681,641,663,673,605,748,663,635,572,710,749,0,0,0,0,0,0
654,742,665,687,661,665,678,608,752,665,645,592,716,753,0,0,0,0,0,0
654,742,665,687,661,665,678,608,752,665,645,592,716,753,0,0,0,0,0,0
654,742,665,687,661,665,678,608,752,665,645,592,716,753,0,0,0,0,0,0
664,749,680,710,672,680,687,617,759,671,657,605,720,754,0,0,0,0,0,0
664,749,680,710,672,680,687,617,759,671,657,605,720,754,0,0,0,0,0,0
664,749,680,710,672,680,687,617,759,671,657,605,720,754,0,0,0,0,0,0
678,750,682,716,709,682,718,641,760,673,661,608,721,766,0,0,0,0,0,0
678,750,682,716,709,682,718,641,760,673,661,608,721,766,0,0,0,0,0,0
678,750,682,716,709,682,718,641,760,673,661,608,721,766,0,0,0,0,0,0
681,752,688,718,730,702,726,652,768,680,662,617,728,769,0,0,0,0,0,0
681,752,688,718,730,702,726,652,768,680,662,617,728,769,0,0,0,0,0,0
681,752,688,718,730,702,726,652,768,680,662,617,728,769,0,0,0,0,0,0
710,755,699,726,737,728,732,664,781,681,678,641,738,773,0,0,0,0,0,0
710,755,699,726,737,728,732,664,781,681,678,641,738,773,0,0,0,0,0,0
710,755,699,726,737,728,732,664,781,681,678,641,738,773,0,0,0,0,0,0
729,760,702,732,747,738,745,672,784,688,702,664,742,780,0,0,0,0,0,0
729,760,702,732,747,738,745,672,784,688,702,664,742,780,0,0,0,0,0,0
729,760,702,732,747,738,745,672,784,688,702,664,742,780,0,0,0,0,0,0
744,769,721,740,750,743,764,716,788,700,718,672,748,783,0,0,0,0,0,0
744,769,721,740,750,743,764,716,788,700,718,672,748,783,0,0,0,0,0,0
744,769,721,740,750,743,764,716,788,700,718,672,748,783,0,0,0,0,0,0
746,777,738,745,752,748,770,721,794,709,726,740,755,784,0,0,0,0,0,0
746,777,738,745,752,748,770,721,794,709,726,740,755,784,0,0,0,0,0,0
746,777,738,745,752,748,770,721,794,709,726,740,755,784,0,0,0,0,0,0
754,781,743,762,755,753,773,740,809,729,732,745,759,791,0,0,0,0,0,0
754,781,743,762,755,753,773,740,809,729,732,745,759,791,0,0,0,0,0,0
754,781,743,762,755,753,773,740,809,729,732,745,759,791,0,0,0,0,0,0
758,783,753,764,767,759,786,746,813,737,743,746,760,798,0,0,0,0,0,0
758,783,753,764,767,759,786,746,813,737,743,746,760,798,0,0,0,0,0,0
758,783,753,764,767,759,786,746,813,737,743,746,760,798,0,0,0,0,0,0
763,784,778,770,777,802,789,747,816,744,750,747,768,814,0,0,0,0,0,0
763,784,778,770,777,802,789,747,816,744,750,747,768,814,0,0,0,0,0,0
763,784,778,770,777,802,789,747,816,744,750,747,768,814,0,0,0,0,0,0
766,786,791,773,781,806,799,758,830,749,764,758,778,817,0,0,0,0,0,0
766,786,791,773,781,806,799,758,830,749,764,758,778,817,0,0,0,0,0,0
766,786,791,773,781,806,799,758,830,749,764,758,778,817,0,0,0,0,0,0
768,788,802,780,783,831,808,762,837,754,770,762,788,820,0,0,0,0,0,0
768,788,802,780,783,831,808,762,837,754,770,762,788,820,0,0,0,0,0,0
768,788,802,780,783,831,808,762,837,754,770,762,788,820,0,0,0,0,0,0
780,794,806,789,785,840,811,763,841,766,777,763,794,826,0,0,0,0,0,0
780,794,806,789,785,840,811,763,841,766,777,763,794,826,0,0,0,0,0,0
780,794,806,789,785,840,811,763,841,766,777,763,794,826,0,0,0,0,0,0
785,798,831,799,801,841,820,767,861,769,786,767,809,831,0,0,0,0,0,0
785,798,831,799,801,841,820,767,861,769,786,767,809,831,0,0,0,0,0,0
785,798,831,799,801,841,820,767,861,769,786,767,809,831,0,0,0,0,0,0
808,809,837,800,812,842,822,778,874,785,789,800,813,846,0,0,0,0,0,0
808,809,837,800,812,842,822,778,874,785,789,800,813,846,0,0,0,0,0,0
808,809,837,800,812,842,822,778,874,785,789,800,813,846,0,0,0,0,0,0
813,815,840,811,817,860,828,800,879,791,799,801,816,863,0,0,0,0,0,0
813,815,840,811,817,860,828,800,879,791,799,801,816,863,0,0,0,0,0,0
813,815,840,811,817,860,828,800,879,791,799,801,816,863,0,0,0,0,0,0
818,819,842,814,819,864,843,801,882,798,808,812,818,869,0,0,0,0,0,0
818,819,842,814,819,864,843,801,882,798,808,812,818,869,0,0,0,0,0,0
818,819,842,814,819,864,843,801,882,798,808,812,818,869,0,0,0,0,0,0
823,820,860,816,826,870,848,812,884,802,811,815,830,882,0,0,0,0,0,0
823,820,860,816,826,870,848,812,884,802,811,815,830,882,0,0,0,0,0,0
823,820,860,816,826,870,848,812,884,802,811,815,830,882,0,0,0,0,0,0
829,826,864,818,844,871,853,815,892,806,819,823,837,885,0,0,0,0,0,0
829,826,864,818,844,871,853,815,892,806,819,823,837,885,0,0,0,0,0,0
829,826,864,818,844,871,853,815,892,806,819,823,837,885,0,0,0,0,0,0
849,830,865,822,846,886,854,823,897,814,822,829,841,893,0,0,0,0,0,0
849,830,865,822,846,886,854,823,897,814,822,829,841,893,0,0,0,0,0,0
849,830,865,822,846,886,854,823,897,814,822,829,841,893,0,0,0,0,0,0
851,846,870,828,858,893,865,829,905,817,828,844,860,898,0,0,0,0,0,0
851,846,870,828,858,893,865,829,905,817,828,844,860,898,0,0,0,0,0,0
851,846,870,828,858,893,865,829,905,817,828,844,860,898,0,0,0,0,0,0
873,861,871,843,867,901,866,844,913,840,843,849,861,914,0,0,0,0,0,0
873,861,871,843,867,901,866,844,913,840,843,849,861,914,0,0,0,0,0,0
873,861,871,843,867,901,866,844,913,840,843,849,861,914,0,0,0,0,0,0
880,863,881,848,869,910,872,849,919,842,848,851,874,930,0,0,0,0,0,0
880,863,881,848,869,910,872,849,919,842,848,851,874,930,0,0,0,0,0,0
880,863,881,848,869,910,872,849,919,842,848,851,874,930,0,0,0,0,0,0
882,869,886,851,879,914,877,858,933,863,853,858,884,931,0,0,0,0,0,0
882,869,886,851,879,914,877,858,933,863,853,858,884,931,0,0,0,0,0,0
882,869,886,851,879,914,877,858,933,863,853,858,884,931,0,0,0,0,0,0
884,874,893,853,883,930,890,867,940,864,854,867,892,932,0,0,0,0,0,0
884,874,893,853,883,930,890,867,940,864,854,867,892,932,0,0,0,0,0,0
884,874,893,853,883,930,890,867,940,864,854,867,892,932,0,0,0,0,0,0
891,879,901,854,885,931,894,873,941,870,865,873,897,933,0,0,0,0,0,0
891,879,901,854,885,931,894,873,941,870,865,873,897,933,0,0,0,0,0,0
891,879,901,854,885,931,894,873,941,870,865,873,897,933,0,0,0,0,0,0
897,885,910,866,895,934,911,881,944,871,866,881,905,938,0,0,0,0,0,0
897,885,910,866,895,934,911,881,944,871,866,881,905,938,0,0,0,0,0,0
897,885,910,866,895,934,911,881,944,871,866,881,905,938,0,0,0,0,0,0
905,892,914,872,900,942,937,883,947,880,872,883,913,941,0,0,0,0,0,0
905,892,914,872,900,942,937,883,947,880,872,883,913,941,0,0,0,0,0,0
905,892,914,872,900,942,937,883,947,880,872,883,913,941,0,0,0,0,0,0
912,898,930,877,903,947,943,891,956,886,877,891,919,947,0,0,0,0,0,0
912,898,930,877,903,947,943,891,956,886,877,891,919,947,0,0,0,0,0,0
912,898,930,877,903,947,943,891,956,886,877,891,919,947,0,0,0,0,0,0
917,900,931,880,915,949,945,895,958,898,890,895,940,955,0,0,0,0,0,0
917,900,931,880,915,949,945,895,958,898,890,895,940,955,0,0,0,0,0,0
917,900,931,880,915,949,945,895,958,898,890,895,940,955,0,0,0,0,0,0
918,913,934,890,920,951,952,903,968,900,894,903,944,963,0,0,0,0,0,0
918,913,934,890,920,951,952,903,968,900,894,903,944,963,0,0,0,0,0,0
918,913,934,890,920,951,952,903,968,900,894,903,944,963,0,0,0,0,0,0
932,933,938,894,923,954,955,912,972,901,911,912,954,969,0,0,0,0,0,0
932,933,938,894,923,954,955,912,972,901,911,912,954,969,0,0,0,0,0,0
932,933,938,894,923,954,955,912,972,901,911,912,954,969,0,0,0,0,0,0
942,935,940,911,932,964,966,915,974,910,935,915,956,979,0,0,0,0,0,0
942,935,940,911,932,964,966,915,974,910,935,915,956,979,0,0,0,0,0,0
942,935,940,911,932,964,966,915,974,910,935,915,956,979,0,0,0,0,0,0
948,937,944,919,935,965,971,917,982,934,937,917,958,988,0,0,0,0,0,0
948,937,944,919,935,965,971,917,982,934,937,917,958,988,0,0,0,0,0,0
948,937,944,919,935,965,971,917,982,934,937,917,958,988,0,0,0,0,0,0
952,943,949,922,946,974,975,918,987,942,943,918,968,992,0,0,0,0,0,0
952,943,949,922,946,974,975,918,987,942,943,918,968,992,0,0,0,0,0,0
952,943,949,922,946,974,975,918,987,942,943,918,968,992,0,0,0,0,0,0
968,953,951,941,961,988,976,920,991,948,945,920,972,1002,0,0,0,0,0,0
968,953,951,941,961,988,976,920,991,948,945,920,972,1002,0,0,0,0,0,0
968,953,951,941,961,988,976,920,991,948,945,920,972,1002,0,0,0,0,0,0
972,960,954,945,977,995,978,922,997,949,952,922,974,1004,0,0,0,0,0,0
972,960,954,945,977,995,978,922,997,949,952,922,974,1004,0,0,0,0,0,0
972,960,954,945,977,995,978,922,997,949,952,922,974,1004,0,0,0,0,0,0
975,963,958,948,979,998,984,923,1001,951,965,923,982,1010,0,0,0,0,0,0
975,963,958,948,979,998,984,923,1001,951,965,923,982,1010,0,0,0,0,0,0
975,963,958,948,979,998,984,923,1001,951,965,923,982,1010,0,0,0,0,0,0
978,964,965,955,983,1021,989,938,1002,963,966,946,983,1014,0,0,0,0,0,0
978,964,965,955,983,1021,989,938,1002,963,966,946,983,1014,0,0,0,0,0,0
978,964,965,955,983,1021,989,938,1002,963,966,946,983,1014,0,0,0,0,0,0
981,969,988,956,990,1024,1003,946,1018,964,971,953,987,1029,0,0,0,0,0,0
981,969,988,956,990,1024,1003,946,1018,964,971,953,987,1029,0,0,0,0,0,0
981,969,988,956,990,1024,1003,946,1018,964,971,953,987,1029,0,0,0,0,0,0
986,979,995,966,1002,1031,1014,953,1021,969,975,960,991,1032,0,0,0,0,0,0
986,979,995,966,1002,1031,1014,953,1021,969,975,960,991,1032,0,0,0,0,0,0
986,979,995,966,1002,1031,1014,953,1021,969,975,960,991,1032,0,0,0,0,0,0
991,982,1004,971,1005,1034,1019,960,1031,993,976,961,997,1035,0,0,0,0,0,0
991,982,1004,971,1005,1034,1019,960,1031,993,976,961,997,1035,0,0,0,0,0,0
991,982,1004,971,1005,1034,1019,960,1031,993,976,961,997,1035,0,0,0,0,0,0
993,983,1017,976,1006,1039,1029,961,1040,995,978,977,1001,1051,0,0,0,0,0,0
993,983,1017,976,1006,1039,1029,961,1040,995,978,977,1001,1051,0,0,0,0,0,0
993,983,1017,976,1006,1039,1029,961,1040,995,978,977,1001,1051,0,0,0,0,0,0
998,987,1018,984,1010,1044,1042,977,1041,1004,984,981,1003,1052,0,0,0,0,0,0
998,987,1018,984,1010,1044,1042,977,1041,1004,984,981,1003,1052,0,0,0,0,0,0
998,987,1018,984,1010,1044,1042,977,1041,1004,984,981,1003,1052,0,0,0,0,0,0
1000,997,1024,989,1012,1047,1048,981,1044,1010,989,986,1008,1055,0,0,0,0,0,0
1000,997,1024,989,1012,1047,1048,981,1044,1010,989,986,1008,1055,0,0,0,0,0,0
1000,997,1024,989,1012,1047,1048,981,1044,1010,989,986,1008,1055,0,0,0,0,0,0
1003,1001,1034,992,1030,1055,1052,986,1050,1014,1007,990,1018,1056,0,0,0,0,0,0
1003,1001,1034,992,1030,1055,1052,986,1050,1014,1007,990,1018,1056,0,0,0,0,0,0
1003,1001,1034,992,1030,1055,1052,986,1050,1014,1007,990,1018,1056,0,0,0,0,0,0
1007,1008,1039,993,1033,1056,1062,990,1051,1022,1012,998,1021,1067,0,0,0,0,0,0
1007,1008,1039,993,1033,1056,1062,990,1051,1022,1012,998,1021,1067,0,0,0,0,0,0
1007,1008,1039,993,1033,1056,1062,990,1051,1022,1012,998,1021,1067,0,0,0,0,0,0
1016,1012,1041,1007,1043,1057,1066,992,1053,1024,1019,1000,1031,1068,0,0,0,0,0,0
1016,1012,1041,1007,1043,1057,1066,992,1053,1024,1019,1000,1031,1068,0,0,0,0,0,0
1016,1012,1041,1007,1043,1057,1066,992,1053,1024,1019,1000,1031,1068,0,0,0,0,0,0
1022,1026,1047,1019,1051,1064,1068,1000,1061,1032,1033,1005,1040,1078,0,0,0,0,0,0
1022,1026,1047,1019,1051,1064,1068,1000,1061,1032,1033,1005,1040,1078,0,0,0,0,0,0
1022,1026,1047,1019,1051,1064,1068,1000,1061,1032,1033,1005,1040,1078,0,0,0,0,0,0
1032,1033,1050,1022,1053,1074,1071,1005,1065,1034,1042,1006,1041,1080,0,0,0,0,0,0
1032,1033,1050,1022,1053,1074,1071,1005,1065,1034,1042,1006,1041,1080,0,0,0,0,0,0
1032,1033,1050,1022,1053,1074,1071,1005,1065,1034,1042,1006,1041,1080,0,0,0,0,0,0
1035,1049,1055,1029,1073,1081,1072,1006,1067,1039,1045,1016,1044,1086,0,0,0,0,0,0
1035,1049,1055,1029,1073,1081,1072,1006,1067,1039,1045,1016,1044,1086,0,0,0,0,0,0
1035,1049,1055,1029,1073,1081,1072,1006,1067,1039,1045,1016,1044,1086,0,0,0,0,0,0
1037,1053,1057,1035,1077,1087,1075,1008,1070,1047,1048,1017,1050,1091,0,0,0,0,0,0
1037,1053,1057,1035,1077,1087,1075,1008,1070,1047,1048,1017,1050,1091,0,0,0,0,0,0
1037,1053,1057,1035,1077,1087,1075,1008,1070,1047,1048,1017,1050,1091,0,0,0,0,0,0
1040,1061,1064,1042,1078,1093,1082,1016,1073,1052,1062,1026,1061,1095,0,0,0,0,0,0
1040,1061,1064,1042,1078,1093,1082,1016,1073,1052,1062,1026,1061,1095,0,0,0,0,0,0
1040,1061,1064,1042,1078,1093,1082,1016,1073,1052,1062,1026,1061,1095,0,0,0,0,0,0
1045,1065,1066,1045,1083,1096,1089,1017,1079,1056,1071,1030,1065,1099,0,0,0,0,0,0
1045,1065,1066,1045,1083,1096,1089,1017,1079,1056,1071,1030,1065,1099,0,0,0,0,0,0
1045,1065,1066,1045,1083,1096,1089,1017,1079,1056,1071,1030,1065,1099,0,0,0,0,0,0
1048,1070,1074,1062,1084,1099,1097,1026,1088,1057,1072,1037,1066,1100,0,0,0,0,0,0
1048,1070,1074,1062,1084,1099,1097,1026,1088,1057,1072,1037,1066,1100,0,0,0,0,0,0
1048,1070,1074,1062,1084,1099,1097,1026,1088,1057,1072,1037,1066,1100,0,0,0,0,0,0
1058,1078,1081,1067,1086,1101,1103,1030,1092,1064,1074,1043,1070,1101,0,0,0,0,0,0
1058,1078,1081,1067,1086,1101,1103,1030,1092,1064,1074,1043,1070,1101,0,0,0,0,0,0
1058,1078,1081,1067,1086,1101,1103,1030,1092,1064,1074,1043,1070,1101,0,0,0,0,0,0
1069,1080,1087,1071,1088,1102,1108,1037,1093,1068,1075,1049,1073,1111,0,0,0,0,0,0
1069,1080,1087,1071,1088,1102,1108,1037,1093,1068,1075,1049,1073,1111,0,0,0,0,0,0
1069,1080,1087,1071,1088,1102,1108,1037,1093,1068,1075,1049,1073,1111,0,0,0,0,0,0
1079,1086,1096,1072,1095,1114,1115,1043,1098,1080,1082,1058,1079,1112,0,0,0,0,0,0
1079,1086,1096,1072,1095,1114,1115,1043,1098,1080,1082,1058,1079,1112,0,0,0,0,0,0
1079,1086,1096,1072,1095,1114,1115,1043,1098,1080,1082,1058,1079,1112,0,0,0,0,0,0
1090,1088,1099,1075,1100,1122,1121,1049,1101,1081,1089,1069,1092,1120,0,0,0,0,0,0
1090,1088,1099,1075,1100,1122,1121,1049,1101,1081,1089,1069,1092,1120,0,0,0,0,0,0
1090,1088,1099,1075,1100,1122,1121,1049,1101,1081,1089,1069,1092,1120,0,0,0,0,0,0
1097,1091,1102,1082,1106,1123,1125,1058,1105,1087,1096,1077,1093,1122,0,0,0,0,0,0
1097,1091,1102,1082,1106,1123,1125,1058,1105,1087,1096,1077,1093,1122,0,0,0,0,0,0
1097,1091,1102,1082,1106,1123,1125,1058,1105,1087,1096,1077,1093,1122,0,0,0,0,0,0
1108,1092,1110,1089,1109,1132,1126,1069,1106,1091,1103,1083,1098,1128,0,0,0,0,0,0
1108,1092,1110,1089,1109,1132,1126,1069,1106,1091,1103,1083,1098,1128,0,0,0,0,0,0
1108,1092,1110,1089,1109,1132,1126,1069,1106,1091,1103,1083,1098,1128,0,0,0,0,0,0
1111,1095,1114,1103,1124,1133,1134,1077,1117,1100,1115,1084,1105,1135,0,0,0,0,0,0
1111,1095,1114,1103,1124,1133,1134,1077,1117,1100,1115,1084,1105,1135,0,0,0,0,0,0
1112,1095,1114,1103,1124,1133,1134,1077,1117,1100,1115,1084,1105,1135,0,0,0,0,0,0
1112,1098,1120,1115,1127,1135,1138,1083,1128,1102,1121,1090,1106,1138,0,0,0,0,0,0
1116,1098,1120,1115,1127,1135,1138,1083,1128,1102,1121,1090,1106,1138,0,0,0,0,0,0
1116,1098,1120,1115,1127,1135,1138,1083,1128,1102,1121,1090,1106,1138,0,0,0,0,0,0
1125,1105,1123,1118,1131,1141,1143,1084,1135,1109,1125,1097,1117,1141,0,0,0,0,0,0
1125,1105,1123,1118,1131,1141,1143,1084,1135,1109,1125,1097,1117,1141,0,0,0,0,0,0
1128,1109,1132,1121,1139,1142,1148,1090,1136,1112,1133,1108,1127,1145,0,0,0,0,0,0
1128,1109,1132,1121,1139,1142,1148,1090,1136,1112,1133,1108,1127,1145,0,0,0,0,0,0
1130,1113,1133,1126,1151,1145,1162,1110,1139,1114,1134,1110,1131,1146,0,0,0,0,0,0
1130,1113,1133,1126,1151,1145,1162,1110,1139,1114,1134,1110,1131,1146,0,0,0,0,0,0
1134,1117,1143,1130,1163,1147,1165,1111,1150,1120,1148,1113,1136,1151,0,0,0,0,0,0
1134,1117,1143,1130,1163,1147,1165,1111,1150,1120,1148,1113,1136,1151,0,0,0,0,0,0
1136,1131,1145,1138,1164,1152,1167,1113,1155,1122,1165,1116,1139,1156,0,0,0,0,0,0
1136,1131,1145,1138,1164,1152,1167,1113,1155,1122,1165,1116,1139,1156,0,0,0,0,0,0
1142,1146,1147,1148,1169,1156,1170,1116,1163,1123,1167,1118,1144,1159,0,0,0,0,0,0
1142,1146,1147,1148,1169,1156,1170,1116,1163,1123,1167,1118,1144,1159,0,0,0,0,0,0
1144,1151,1152,1162,1171,1160,1172,1118,1169,1132,1170,1124,1150,1177,0,0,0,0,0,0
1144,1151,1152,1162,1171,1160,1172,1118,1169,1132,1170,1124,1150,1177,0,0,0,0,0,0
1150,1155,1156,1165,1173,1178,1179,1124,1176,1141,1172,1126,1155,1184,0,0,0,0,0,0
1150,1155,1156,1165,1173,1178,1179,1124,1176,1141,1172,1126,1155,1184,0,0,0,0,0,0
1154,1170,1160,1167,1180,1183,1184,1127,1182,1142,1179,1130,1176,1187,0,0,0,0,0,0
1154,1170,1160,1167,1180,1183,1184,1127,1182,1142,1179,1130,1176,1187,0,0,0,0,0,0
1157,1177,1178,1172,1182,1186,1189,1144,1183,1146,1189,1143,1182,1195,0,0,0,0,0,0
1157,1177,1178,1172,1182,1186,1189,1144,1183,1146,1189,1143,1182,1195,0,0,0,0,0,0
1159,1187,1181,1179,1187,1188,1192,1154,1191,1147,1192,1154,1183,1197,0,0,0,0,0,0
1159,1187,1181,1179,1187,1188,1192,1154,1191,1147,1192,1154,1183,1197,0,0,0,0,0,0
1163,1191,1186,1189,1194,1198,1193,1157,1195,1152,1193,1157,1191,1199,0,0,0,0,0,0
1163,1191,1186,1189,1194,1198,1193,1157,1195,1152,1193,1157,1191,1199,0,0,0,0,0,0
1164,1197,1188,1193,1195,1207,1200,1159,1197,1160,1200,1162,1202,1203,0,0,0,0,0,0
1164,1197,1188,1193,1195,1207,1200,1159,1197,1160,1200,1162,1202,1203,0,0,0,0,0,0
1169,1199,1192,1200,1199,1212,1209,1171,1202,1177,1209,1164,1208,1213,0,0,0,0,0,0
1169,1199,1192,1200,1199,1212,1209,1171,1202,1177,1209,1164,1208,1213,0,0,0,0,0,0
1176,1203,1198,1205,1201,1221,1211,1173,1205,1178,1211,1171,1210,1218,0,0,0,0,0,0
1176,1203,1198,1205,1201,1221,1211,1173,1205,1178,1211,1171,1210,1218,0,0,0,0,0,0
1185,1206,1207,1211,1204,1227,1213,1180,1206,1184,1217,1173,1214,1221,0,0,0,0,0,0
1185,1206,1207,1211,1204,1227,1213,1180,1206,1184,1217,1173,1214,1221,0,0,0,0,0,0
1190,1210,1212,1213,1206,1237,1228,1181,1210,1186,1220,1180,1216,1225,0,0,0,0,0,0
1190,1210,1212,1213,1206,1237,1228,1181,1210,1186,1220,1180,1216,1225,0,0,0,0,0,0
1202,1214,1221,1217,1208,1238,1229,1185,1214,1188,1229,1181,1223,1226,0,0,0,0,0,0
1202,1214,1221,1217,1208,1238,1229,1185,1214,1188,1229,1181,1223,1226,0,0,0,0,0,0
1205,1218,1227,1220,1215,1245,1230,1190,1216,1198,1231,1185,1228,1235,0,0,0,0,0,0
1205,1218,1227,1220,1215,1245,1230,1190,1216,1198,1231,1185,1228,1235,0,0,0,0,0,0
1209,1225,1235,1228,1232,1248,1231,1194,1233,1203,1239,1190,1230,1236,0,0,0,0,0,0
1209,1225,1235,1228,1232,1248,1231,1194,1233,1203,1239,1190,1230,1236,0,0,0,0,0,0
1216,1226,1238,1229,1236,1251,1239,1201,1243,1207,1249,1194,1233,1240,0,0,0,0,0,0
1216,1226,1238,1229,1236,1251,1239,1201,1243,1207,1249,1194,1233,1240,0,0,0,0,0,0
1217,1237,1248,1230,1241,1252,1240,1204,1244,1218,1252,1201,1242,1244,0,0,0,0,0,0
1217,1237,1248,1230,1241,1252,1240,1204,1244,1218,1252,1201,1242,1244,0,0,0,0,0,0
1220,1247,1251,1231,1243,1255,1242,1208,1245,1226,1257,1204,1243,1247,0,0,0,0,0,0
1220,1247,1251,1231,1243,1255,1242,1208,1245,1226,1257,1204,1243,1247,0,0,0,0,0,0
1223,1252,1255,1239,1244,1256,1249,1215,1250,1235,1263,1212,1245,1255,0,0,0,0,0,0
1223,1252,1255,1239,1244,1256,1249,1215,1250,1235,1263,1212,1245,1255,0,0,0,0,0,0
1233,1254,1256,1240,1247,1265,1257,1223,1254,1236,1266,1215,1250,1256,0,0,0,0,0,0
1233,1254,1256,1240,1247,1265,1257,1223,1254,1236,1266,1215,1250,1256,0,0,0,0,0,0
1234,1258,1265,1242,1259,1269,1260,1225,1258,1237,1272,1227,1254,1259,0,0,0,0,0,0
1234,1258,1265,1242,1259,1269,1260,1225,1258,1237,1272,1227,1254,1259,0,0,0,0,0,0
1246,1262,1269,1249,1267,1271,1263,1232,1262,1238,1280,1232,1258,1260,0,0,0,0,0,0
1246,1262,1269,1249,1267,1271,1263,1232,1262,1238,1280,1232,1258,1260,0,0,0,0,0,0
1250,1264,1271,1257,1270,1273,1266,1234,1264,1248,1282,1234,1262,1269,0,0,0,0,0,0
1250,1264,1271,1257,1270,1273,1266,1234,1264,1248,1282,1234,1262,1269,0,0,0,0,0,0
1253,1270,1273,1263,1275,1278,1272,1241,1268,1251,1284,1241,1264,1270,0,0,0,0,0,0
1253,1270,1273,1263,1275,1278,1272,1241,1268,1251,1284,1241,1264,1270,0,0,0,0,0,0
1261,1275,1285,1266,1277,1281,1284,1246,1275,1259,1286,1246,1268,1278,0,0,0,0,0,0
1261,1275,1285,1266,1277,1281,1284,1246,1275,1259,1286,1246,1268,1278,0,0,0,0,0,0
1268,1276,1290,1272,1282,1285,1286,1253,1276,1260,1288,1253,1276,1279,0,0,0,0,0,0
1268,1276,1290,1272,1282,1285,1286,1253,1276,1260,1288,1253,1276,1279,0,0,0,0,0,0
1274,1282,1293,1280,1283,1290,1287,1261,1277,1265,1290,1261,1277,1285,0,0,0,0,0,0
1274,1282,1293,1280,1283,1290,1287,1261,1277,1265,1290,1261,1277,1285,0,0,0,0,0,0
1279,1284,1295,1286,1288,1295,1292,1267,1278,1271,1292,1267,1281,1295,0,0,0,0,0,0
1279,1284,1295,1286,1288,1295,1292,1267,1278,1271,1292,1267,1281,1295,0,0,0,0,0,0
1280,1288,1299,1292,1289,1299,1293,1274,1279,1273,1297,1274,1287,1298,0,0,0,0,0,0
1280,1288,1299,1292,1289,1299,1293,1274,1279,1273,1297,1274,1287,1298,0,0,0,0,0,0
1287,1289,1300,1294,1296,1300,1301,1283,1281,1299,1301,1283,1289,1302,0,0,0,0,0,0
1287,1289,1300,1294,1296,1300,1301,1283,1281,1299,1301,1283,1289,1302,0,0,0,0,0,0
1297,1291,1305,1297,1298,1305,1306,1291,1296,1300,1306,1291,1293,1305,0,0,0,0,0,0
1297,1291,1305,1297,1298,1305,1306,1291,1296,1300,1306,1291,1293,1305,0,0,0,0,0,0
1301,1298,1307,1306,1302,1307,1311,1294,1303,1310,1311,1294,1296,1307,0,0,0,0,0,0
1301,1298,1307,1306,1302,1307,1311,1294,1303,1310,1311,1294,1296,1307,0,0,0,0,0,0
1303,1304,1310,1311,1304,1313,1314,1302,1309,1315,1314,1304,1303,1310,0,0,0,0,0,0
1303,1304,1310,1311,1304,1313,1314,1302,1309,1315,1314,1304,1303,1310,0,0,0,0,0,0
1308,1309,1314,1318,1312,1317,1318,1308,1313,1317,1318,1308,1309,1315,0,0,0,0,0,0
1308,1309,1314,1318,1312,1317,1318,1308,1313,1317,1318,1308,1309,1315,0,0,0,0,0,0
1315,1316,1317,1320,1316,1319,1320,1312,1316,1319,1320,1312,1313,1319,0,0,0,0,0,0
1315,1316,1317,1320,1316,1319,1320,1312,1316,1319,1320,1312,1313,1319,0,0,0,0,0,0