172,197,252,42,230,251,42,197,202,146,42,347,146,172,60,220,310,172,272,146
172,197,252,42,230,251,42,197,202,146,42,347,146,172,60,220,310,172,272,146
172,197,252,42,230,251,42,197,202,146,42,347,146,172,60,220,310,172,272,146
220,230,294,199,272,294,60,467,247,294,60,434,202,247,291,347,316,247,287,197
220,230,294,199,272,294,60,467,247,294,60,434,202,247,291,347,316,247,287,197
220,230,294,199,272,294,60,467,247,294,60,434,202,247,291,347,316,247,287,197
303,251,383,202,287,360,199,536,310,402,199,467,275,332,332,467,344,251,291,220
303,251,383,202,287,360,199,536,310,402,199,467,275,332,332,467,344,251,291,220
303,251,383,202,287,360,199,536,310,402,199,467,275,332,332,467,344,251,291,220
329,272,402,290,326,390,275,626,316,441,252,521,310,396,365,521,384,332,303,230
329,272,402,290,326,390,275,626,316,441,252,521,310,396,365,521,384,332,303,230
329,272,402,290,326,390,275,626,316,441,252,521,310,396,365,521,384,332,303,230
360,287,423,303,329,395,290,645,329,482,290,536,316,420,416,586,405,348,356,252
360,287,423,303,329,395,290,645,329,482,290,536,316,420,416,586,405,348,356,252
360,287,423,303,329,395,290,645,329,482,290,536,316,420,416,586,405,348,356,252
365,326,482,314,344,402,314,649,344,516,291,586,383,424,424,626,434,360,365,275
365,326,482,314,344,402,314,649,344,516,291,586,383,424,424,626,434,360,365,275
365,326,482,314,344,402,314,649,344,516,291,586,383,424,424,626,434,360,365,275
395,348,516,324,348,423,324,652,383,551,314,615,384,441,428,639,440,420,395,326
395,348,516,324,348,423,324,652,383,551,314,615,384,441,428,639,440,420,395,326
395,348,516,324,348,423,324,652,383,551,314,615,384,441,428,639,440,420,395,326
396,356,527,375,356,482,375,657,384,571,324,626,405,495,442,645,471,424,396,347
396,356,527,375,356,482,375,657,384,571,324,626,405,495,442,645,471,424,396,347
396,356,527,375,356,482,375,657,384,571,324,626,405,495,442,645,471,424,396,347
416,357,551,393,357,516,393,665,405,575,375,645,440,502,513,652,497,441,416,357
416,357,551,393,357,516,393,665,405,575,375,645,440,502,513,652,497,441,416,357
416,357,551,393,357,516,393,665,405,575,375,645,440,502,513,652,497,441,416,357
425,377,575,421,377,551,421,673,420,580,390,652,471,513,517,657,502,495,423,377
425,377,575,421,377,551,421,673,420,580,390,652,471,513,517,657,502,495,423,377
425,377,575,421,377,551,421,673,420,580,390,652,471,513,517,657,502,495,423,377
434,390,580,425,481,575,428,709,440,594,393,657,518,518,527,709,518,513,425,490
434,390,580,425,481,575,428,709,440,594,393,657,518,518,527,709,518,513,425,490
434,390,580,425,481,575,428,709,440,594,393,657,518,518,527,709,518,513,425,490
442,481,594,466,490,580,466,712,471,603,421,709,523,571,542,712,523,571,442,502
442,481,594,466,490,580,466,712,471,603,421,709,523,571,542,712,523,571,442,502
442,481,594,466,490,580,466,712,471,603,421,709,523,571,542,712,523,571,442,502
489,490,603,483,515,594,483,722,521,613,428,712,532,608,558,736,532,608,481,515
489,490,603,483,515,594,483,722,521,613,428,712,532,608,558,736,532,608,481,515
489,490,603,483,515,594,483,722,521,613,428,712,532,608,558,736,532,608,481,515
495,515,604,489,536,603,500,732,523,618,466,732,578,613,572,741,578,656,489,527
495,515,604,489,536,603,500,732,523,618,466,732,578,613,572,741,578,656,489,527
495,515,604,489,536,603,500,732,523,618,466,732,578,613,572,741,578,656,489,527
497,559,606,497,559,604,510,741,532,632,483,741,635,649,573,777,615,681,556,559
497,559,606,497,559,604,510,741,532,632,483,741,635,649,573,777,615,681,556,559
497,559,606,497,559,604,510,741,532,632,483,741,635,649,573,777,615,681,556,559
556,574,618,500,574,606,517,743,556,650,500,777,636,656,592,794,635,696,558,574
556,574,618,500,574,606,517,743,556,650,500,777,636,656,592,794,635,696,558,574
556,574,618,500,574,606,517,743,556,650,500,777,636,656,592,794,635,696,558,574
558,629,632,510,629,618,539,777,578,681,510,794,655,681,624,809,636,703,572,604
558,629,632,510,629,618,539,777,578,681,510,794,655,681,624,809,636,703,572,604
558,629,632,510,629,618,539,777,578,681,510,794,655,681,624,809,636,703,572,604
572,639,648,539,634,632,542,801,586,687,517,801,690,696,631,814,655,718,592,606
572,639,648,539,634,632,542,801,586,687,517,801,690,696,631,814,655,718,592,606
572,639,648,539,634,632,542,801,586,687,517,801,690,696,631,814,655,718,592,606
592,672,650,576,672,650,573,809,634,696,539,809,718,703,649,820,690,727,629,630
592,672,650,576,672,650,573,809,634,696,539,809,718,703,649,820,690,727,629,630
592,672,650,576,672,650,573,809,634,696,539,809,718,703,649,820,690,727,629,630
608,697,686,658,697,686,576,820,635,707,542,814,751,707,673,882,737,753,673,631
608,697,686,658,697,686,576,820,635,707,542,814,751,707,673,882,737,753,673,631
608,697,686,658,697,686,576,820,635,707,542,814,751,707,673,882,737,753,673,631
615,714,687,665,714,687,613,848,636,715,573,820,753,734,708,886,751,754,707,639
615,714,687,665,714,687,613,848,636,715,573,820,753,734,708,886,751,754,707,639
615,714,687,665,714,687,613,848,636,715,573,820,753,734,708,886,751,754,707,639
634,727,705,688,727,705,624,870,655,734,576,870,778,754,713,900,778,772,713,665
634,727,705,688,727,705,624,870,655,734,576,870,778,754,713,900,778,772,713,665
634,727,705,688,727,705,624,870,655,734,576,870,778,754,713,900,778,772,713,665
656,729,708,706,729,708,630,882,690,748,624,882,803,772,718,904,790,780,719,686
656,729,708,706,729,708,630,882,690,748,624,882,803,772,718,904,790,780,719,686
656,729,708,706,729,708,630,882,690,748,624,882,803,772,718,904,790,780,719,686
703,737,715,717,732,715,631,886,753,754,630,886,824,780,719,913,803,781,729,697
703,737,715,717,732,715,631,886,753,754,630,886,824,780,719,913,803,781,729,697
703,737,715,717,732,715,631,886,753,754,630,886,824,780,719,913,803,781,729,697
713,743,757,722,737,751,648,904,778,757,648,900,827,811,735,916,824,796,735,705
713,743,757,722,737,751,648,904,778,757,648,900,827,811,735,916,824,796,735,705
713,743,757,722,737,751,648,904,778,757,648,900,827,811,735,916,824,796,735,705
719,763,768,776,763,757,658,906,786,768,658,904,852,826,748,926,832,811,785,714
719,763,768,776,763,757,658,906,786,768,658,904,852,826,748,926,832,811,785,714
719,763,768,776,763,757,658,906,786,768,658,904,852,826,748,926,832,811,785,714
722,780,775,785,781,768,688,913,803,781,672,913,864,836,782,942,836,826,838,736
722,780,775,785,781,768,688,913,803,781,672,913,864,836,782,942,836,826,838,736
722,780,775,785,781,768,688,913,803,781,672,913,864,836,782,942,836,826,838,736
736,786,798,796,786,775,706,916,814,798,688,916,895,848,788,951,852,827,862,743
736,786,798,796,786,775,706,916,814,798,688,916,895,848,788,951,852,827,862,743
736,786,798,796,786,775,706,916,814,798,688,916,895,848,788,951,852,827,862,743
772,790,821,807,790,782,717,926,823,811,706,926,903,853,815,956,872,837,864,763
772,790,821,807,790,782,717,926,823,811,706,926,903,853,815,956,872,837,864,763
772,790,821,807,790,782,717,926,823,811,706,926,903,853,815,956,872,837,864,763
785,823,860,832,801,798,734,946,824,821,717,946,915,855,829,973,878,848,873,775
785,823,860,832,801,798,734,946,824,821,717,946,915,855,829,973,878,848,873,775
785,823,860,832,801,798,734,946,824,821,717,946,915,855,829,973,878,848,873,775
796,833,887,837,823,821,748,956,827,854,735,956,927,866,835,977,895,853,891,794
796,833,887,837,823,821,748,956,827,854,735,956,927,866,835,977,895,853,891,794
796,833,887,837,823,821,748,956,827,854,735,956,927,866,835,977,895,853,891,794
832,838,889,850,826,860,776,966,833,860,776,977,940,872,840,997,919,855,897,829
832,838,889,850,826,860,776,966,833,860,776,977,940,872,840,997,919,855,897,829
832,838,889,850,826,860,776,966,833,860,776,977,940,872,840,997,919,855,897,829
837,859,901,873,833,878,788,977,852,889,782,997,945,884,853,1009,940,859,901,836
837,859,901,873,833,878,788,977,852,889,782,997,945,884,853,1009,940,859,901,836
837,859,901,873,833,878,788,977,852,889,782,997,945,884,853,1009,940,859,901,836
862,879,911,890,838,887,807,995,864,921,788,1001,957,893,854,1010,943,866,918,872
862,879,911,890,838,887,807,995,864,921,788,1001,957,893,854,1010,943,866,918,872
862,879,911,890,838,887,807,995,864,921,788,1001,957,893,854,1010,943,866,918,872
873,891,921,892,859,889,815,1001,866,938,807,1009,967,919,855,1018,945,884,939,879
873,891,921,892,859,889,815,1001,866,938,807,1009,967,919,855,1018,945,884,939,879
873,891,921,892,859,889,815,1001,866,938,807,1009,967,919,855,1018,945,884,939,879
884,898,940,944,870,903,829,1012,878,969,815,1016,983,938,862,1029,957,893,944,887
884,898,940,944,870,903,829,1012,878,969,815,1016,983,938,862,1029,957,893,944,887
884,898,940,944,870,903,829,1012,878,969,815,1016,983,938,862,1029,957,893,944,887
897,932,943,947,879,915,835,1016,895,975,835,1029,985,939,897,1030,967,927,950,898
897,932,943,947,879,915,835,1016,895,975,835,1029,985,939,897,1030,967,927,950,898
897,932,943,947,879,915,835,1016,895,975,835,1029,985,939,897,1030,967,927,950,898
918,942,965,955,891,921,840,1019,900,980,840,1031,987,957,901,1031,983,932,965,919
918,942,965,955,891,921,840,1019,900,980,840,1031,987,957,901,1031,983,932,965,919
918,942,965,955,891,921,840,1019,900,980,840,1031,987,957,901,1031,983,932,965,919
951,959,975,983,893,943,850,1027,903,996,850,1036,992,969,906,1049,985,959,988,942
951,959,975,983,893,943,850,1027,903,996,850,1036,992,969,906,1049,985,959,988,942
951,959,975,983,893,943,850,1027,903,996,850,1036,992,969,906,1049,985,959,988,942
973,992,980,988,898,965,854,1049,915,1002,890,1049,1006,986,918,1055,987,969,998,951
973,992,980,988,898,965,854,1049,915,1002,890,1049,1006,986,918,1055,987,969,998,951
973,992,980,988,898,965,854,1049,915,1002,890,1049,1006,986,918,1055,987,969,998,951
988,1022,991,1016,932,975,890,1054,945,1023,892,1057,1017,996,927,1060,992,986,1018,973
988,1022,991,1016,932,975,890,1054,945,1023,892,1057,1017,996,927,1060,992,986,1018,973
988,1022,991,1016,932,975,890,1054,945,1023,892,1057,1017,996,927,1060,992,986,1018,973
1027,1042,1002,1019,938,980,892,1057,967,1062,906,1061,1054,1009,939,1061,1019,1027,1046,995
1027,1042,1002,1019,938,980,892,1057,967,1062,906,1061,1054,1009,939,1061,1019,1027,1046,995
1027,1042,1002,1019,938,980,892,1057,967,1062,906,1061,1054,1009,939,1061,1019,1027,1046,995
1046,1067,1010,1046,946,1002,911,1059,985,1076,911,1064,1059,1018,950,1078,1059,1033,1047,1001
1046,1067,1010,1046,946,1002,911,1059,985,1076,911,1064,1059,1018,950,1078,1059,1033,1047,1001
1046,1067,1010,1046,946,1002,911,1059,985,1076,911,1064,1059,1018,950,1078,1059,1033,1047,1001
1047,1078,1023,1047,959,1006,944,1061,987,1079,947,1071,1075,1033,966,1109,1075,1036,1057,1035
1047,1078,1023,1047,959,1006,944,1061,987,1079,947,1071,1075,1033,966,1109,1075,1036,1057,1035
1047,1078,1023,1047,959,1006,944,1061,987,1079,947,1071,1075,1033,966,1109,1075,1036,1057,1035
1060,1088,1030,1055,995,1010,947,1064,997,1085,950,1081,1094,1036,986,1118,1094,1054,1067,1042
1060,1088,1030,1055,995,1010,947,1064,997,1085,950,1081,1094,1036,986,1118,1094,1054,1067,1042
1060,1088,1030,1055,995,1010,947,1064,997,1085,950,1081,1094,1036,986,1118,1094,1054,1067,1042
1077,1090,1035,1064,1017,1023,955,1071,1006,1092,955,1093,1107,1055,998,1141,1114,1062,1077,1051
1077,1090,1035,1064,1017,1023,955,1071,1006,1092,955,1093,1107,1055,998,1141,1114,1062,1077,1051
1077,1090,1035,1064,1017,1023,955,1071,1006,1092,955,1093,1107,1055,998,1141,1114,1062,1077,1051
1087,1091,1050,1071,1022,1030,991,1081,1017,1095,966,1107,1114,1062,1012,1151,1119,1076,1087,1060
1087,1091,1050,1071,1022,1030,991,1081,1017,1095,966,1107,1114,1062,1012,1151,1119,1076,1087,1060
1087,1091,1050,1071,1022,1030,991,1081,1017,1095,966,1107,1114,1062,1012,1151,1119,1076,1087,1060
1100,1099,1051,1074,1042,1035,996,1093,1022,1102,991,1118,1119,1076,1026,1158,1131,1085,1090,1078
1100,1099,1051,1074,1042,1035,996,1093,1022,1102,991,1118,1119,1076,1026,1158,1131,1085,1090,1078
1100,1099,1051,1074,1042,1035,996,1093,1022,1102,991,1118,1119,1076,1026,1158,1131,1085,1090,1078
1109,1135,1070,1080,1067,1050,1026,1118,1029,1105,998,1141,1131,1085,1033,1167,1143,1095,1091,1088
1109,1135,1070,1080,1067,1050,1026,1118,1029,1105,998,1141,1131,1085,1033,1167,1143,1095,1091,1088
1109,1135,1070,1080,1067,1050,1026,1118,1029,1105,998,1141,1131,1085,1033,1167,1143,1095,1091,1088
1126,1152,1079,1093,1081,1051,1070,1139,1031,1114,1012,1158,1140,1095,1072,1172,1145,1100,1096,1104
1126,1152,1079,1093,1081,1051,1070,1139,1031,1114,1012,1158,1140,1095,1072,1172,1145,1100,1096,1104
1126,1152,1079,1093,1081,1051,1070,1139,1031,1114,1012,1158,1140,1095,1072,1172,1145,1100,1096,1104
1133,1154,1092,1104,1088,1079,1072,1149,1075,1116,1026,1167,1143,1100,1073,1176,1152,1102,1111,1109
1133,1154,1092,1104,1088,1079,1072,1149,1075,1116,1026,1167,1143,1100,1073,1176,1152,1102,1111,1109
1133,1154,1092,1104,1088,1079,1072,1149,1075,1116,1026,1167,1143,1100,1073,1176,1152,1102,1111,1109
1139,1163,1111,1117,1091,1092,1073,1151,1094,1125,1050,1171,1149,1102,1077,1183,1184,1107,1125,1121
1139,1163,1111,1117,1091,1092,1073,1151,1094,1125,1050,1171,1149,1102,1077,1183,1184,1107,1125,1121
1139,1163,1111,1117,1091,1092,1073,1151,1094,1125,1050,1171,1149,1102,1077,1183,1184,1107,1125,1121
1143,1164,1116,1125,1099,1105,1074,1154,1099,1136,1070,1176,1184,1105,1087,1192,1193,1153,1126,1122
1143,1164,1116,1125,1099,1105,1074,1154,1099,1136,1070,1176,1184,1105,1087,1192,1193,1153,1126,1122
1143,1164,1116,1125,1099,1105,1074,1154,1099,1136,1070,1176,1184,1105,1087,1192,1193,1153,1126,1122
1147,1173,1136,1133,1122,1111,1080,1158,1119,1174,1072,1183,1193,1121,1096,1203,1205,1162,1133,1135
1147,1173,1136,1133,1122,1111,1080,1158,1119,1174,1072,1183,1193,1121,1096,1203,1205,1162,1133,1135
1147,1173,1136,1133,1122,1111,1080,1158,1119,1174,1072,1183,1193,1121,1096,1203,1205,1162,1133,1135
1162,1185,1149,1139,1135,1116,1090,1159,1121,1195,1073,1192,1199,1168,1126,1209,1216,1173,1147,1141
1162,1185,1149,1139,1135,1116,1090,1159,1121,1195,1073,1192,1199,1168,1126,1209,1216,1173,1147,1141
1162,1185,1149,1139,1135,1116,1090,1159,1121,1195,1073,1192,1199,1168,1126,1209,1216,1173,1147,1141
1165,1187,1153,1145,1140,1136,1104,1167,1122,1201,1074,1203,1200,1178,1147,1211,1219,1178,1154,1172
1165,1187,1153,1145,1140,1136,1104,1167,1122,1201,1074,1203,1200,1178,1147,1211,1219,1178,1154,1172
1165,1187,1153,1145,1140,1136,1104,1167,1122,1201,1074,1203,1200,1178,1147,1211,1219,1178,1154,1172
1168,1197,1174,1162,1152,1153,1117,1176,1131,1208,1080,1209,1216,1186,1159,1228,1223,1186,1163,1203
1168,1197,1174,1162,1152,1153,1117,1176,1131,1208,1080,1209,1216,1186,1159,1228,1223,1186,1163,1203
1168,1197,1174,1162,1152,1153,1117,1176,1131,1208,1080,1209,1216,1186,1159,1228,1223,1186,1163,1203
1172,1213,1195,1165,1163,1174,1170,1183,1140,1230,1096,1210,1219,1201,1164,1237,1233,1204,1164,1210
1172,1213,1195,1165,1163,1174,1170,1183,1140,1230,1096,1210,1219,1201,1164,1237,1233,1204,1164,1210
1172,1213,1195,1165,1163,1174,1170,1183,1140,1230,1096,1210,1219,1201,1164,1237,1233,1204,1164,1210
1179,1223,1214,1168,1173,1195,1175,1192,1145,1232,1117,1221,1233,1204,1171,1241,1235,1213,1165,1211
1179,1223,1214,1168,1173,1195,1175,1192,1145,1232,1117,1221,1233,1204,1171,1241,1235,1213,1165,1211
1179,1223,1214,1168,1173,1195,1175,1192,1145,1232,1117,1221,1233,1204,1171,1241,1235,1213,1165,1211
1186,1228,1230,1170,1185,1200,1182,1199,1184,1239,1151,1228,1235,1208,1178,1251,1242,1224,1171,1217
1186,1228,1230,1170,1185,1200,1182,1199,1184,1239,1151,1228,1235,1208,1178,1251,1242,1224,1171,1217
1186,1228,1230,1170,1185,1200,1182,1199,1184,1239,1151,1228,1235,1208,1178,1251,1242,1224,1171,1217
1196,1245,1239,1175,1187,1214,1201,1209,1193,1246,1159,1231,1242,1216,1182,1269,1252,1255,1179,1237
1196,1245,1239,1175,1187,1214,1201,1209,1193,1246,1159,1231,1242,1216,1182,1269,1252,1255,1179,1237
1196,1245,1239,1175,1187,1214,1201,1209,1193,1246,1159,1231,1242,1216,1182,1269,1252,1255,1179,1237
1205,1255,1246,1179,1197,1230,1208,1210,1197,1257,1170,1241,1252,1232,1196,1284,1262,1260,1185,1245
1205,1255,1246,1179,1197,1230,1208,1210,1197,1257,1170,1241,1252,1232,1196,1284,1262,1260,1185,1245
1205,1255,1246,1179,1197,1230,1208,1210,1197,1257,1170,1241,1252,1232,1196,1284,1262,1260,1185,1245
1217,1267,1256,1199,1213,1239,1217,1231,1200,1263,1175,1248,1262,1252,1204,1300,1271,1263,1187,1256
1217,1267,1256,1199,1213,1239,1217,1231,1200,1263,1175,1248,1262,1252,1204,1300,1271,1263,1187,1256
1217,1267,1256,1199,1213,1239,1217,1231,1200,1263,1175,1248,1262,1252,1204,1300,1271,1263,1187,1256
1221,1292,1257,1205,1223,1246,1225,1241,1211,1268,1182,1251,1271,1263,1225,1304,1272,1292,1196,1267
1221,1292,1257,1205,1223,1246,1225,1241,1211,1268,1182,1251,1271,1263,1225,1304,1272,1292,1196,1267
1221,1292,1257,1205,1223,1246,1225,1241,1211,1268,1182,1251,1271,1263,1225,1304,1272,1292,1196,1267
1237,1301,1268,1221,1224,1256,1232,1251,1219,1282,1214,1253,1272,1289,1254,1313,1275,1301,1248,1273
1237,1301,1268,1221,1224,1256,1232,1251,1219,1282,1214,1253,1272,1289,1254,1313,1275,1301,1248,1273
1237,1301,1268,1221,1224,1256,1232,1251,1219,1282,1214,1253,1272,1289,1254,1313,1275,1301,1248,1273
1249,1309,1282,1234,1231,1257,1234,1253,1224,1287,1225,1260,1275,1313,1299,1317,1277,1319,1254,1284
1249,1309,1282,1234,1231,1257,1234,1253,1224,1287,1225,1260,1275,1313,1299,1317,1277,1319,1254,1284
1249,1309,1282,1234,1231,1257,1234,1253,1224,1287,1225,1260,1275,1313,1299,1317,1277,1319,1254,1284
1254,1314,1287,1253,1245,1268,1259,1260,1233,1298,1234,1269,1277,1319,1311,1327,1285,1330,1299,1290
1254,1314,1287,1253,1245,1268,1259,1260,1233,1298,1234,1269,1277,1319,1311,1327,1285,1330,1299,1290
1254,1314,1287,1253,1245,1268,1259,1260,1233,1298,1234,1269,1277,1319,1311,1327,1285,1330,1299,1290
1272,1346,1290,1259,1249,1282,1273,1269,1235,1310,1259,1294,1289,1325,1316,1332,1289,1331,1311,1300
1272,1346,1290,1259,1249,1282,1273,1269,1235,1310,1259,1294,1289,1325,1316,1332,1289,1331,1311,1300
1272,1346,1290,1259,1249,1282,1273,1269,1235,1310,1259,1294,1289,1325,1316,1332,1289,1331,1311,1300
1275,1350,1298,1273,1255,1287,1303,1294,1242,1325,1299,1295,1306,1329,1324,1336,1306,1338,1313,1309
1275,1350,1298,1273,1255,1287,1303,1294,1242,1325,1299,1295,1306,1329,1324,1336,1306,1338,1313,1309
1275,1350,1298,1273,1255,1287,1303,1294,1242,1325,1299,1295,1306,1329,1324,1336,1306,1338,1313,1309
1284,1355,1310,1285,1267,1290,1316,1295,1248,1326,1303,1304,1312,1330,1330,1349,1312,1351,1324,1314
1284,1355,1310,1285,1267,1290,1316,1295,1248,1326,1303,1304,1312,1330,1330,1349,1312,1351,1324,1314
1284,1355,1310,1285,1267,1290,1316,1295,1248,1326,1303,1304,1312,1330,1330,1349,1312,1351,1324,1314
1285,1357,1321,1294,1292,1298,1340,1304,1249,1329,1316,1311,1337,1331,1338,1370,1337,1361,1329,1321
1285,1357,1321,1294,1292,1298,1340,1304,1249,1329,1316,1311,1337,1331,1338,1370,1337,1361,1329,1321
1285,1357,1321,1294,1292,1298,1340,1304,1249,1329,1316,1311,1337,1331,1338,1370,1337,1361,1329,1321
1300,1358,1326,1303,1295,1310,1343,1317,1262,1334,1340,1317,1350,1338,1341,1382,1350,1368,1344,1325
1300,1358,1326,1303,1295,1310,1343,1317,1262,1334,1340,1317,1350,1338,1341,1382,1350,1368,1344,1325
1300,1358,1326,1303,1295,1310,1343,1317,1262,1334,1340,1317,1350,1338,1341,1382,1350,1368,1344,1325
1319,1365,1334,1344,1301,1321,1364,1327,1271,1339,1343,1327,1374,1356,1343,1390,1363,1373,1345,1332
1319,1365,1334,1344,1301,1321,1364,1327,1271,1339,1343,1327,1374,1356,1343,1390,1363,1373,1345,1332
1319,1365,1334,1344,1301,1321,1364,1327,1271,1339,1343,1327,1374,1356,1343,1390,1363,1373,1345,1332
1324,1367,1339,1345,1309,1326,1365,1336,1277,1347,1363,1336,1379,1361,1361,1392,1367,1378,1355,1341
1324,1367,1339,1345,1309,1326,1365,1336,1277,1347,1363,1336,1379,1361,1361,1392,1367,1378,1355,1341
1324,1367,1339,1345,1309,1326,1365,1336,1277,1347,1363,1336,1379,1361,1361,1392,1367,1378,1355,1341
1331,1373,1340,1362,1314,1334,1369,1349,1306,1356,1364,1349,1391,1378,1362,1396,1374,1383,1356,1346
1331,1373,1340,1362,1314,1334,1369,1349,1306,1356,1364,1349,1391,1378,1362,1396,1374,1383,1356,1346
1331,1373,1340,1362,1314,1334,1369,1349,1306,1356,1364,1349,1391,1378,1362,1396,1374,1383,1356,1346
1332,1381,1341,1364,1346,1339,1389,1362,1312,1377,1369,1370,1405,1385,1386,1400,1381,1385,1357,1365
1332,1381,1341,1364,1346,1339,1389,1362,1312,1377,1369,1370,1405,1385,1386,1400,1381,1385,1357,1365
1332,1381,1341,1364,1346,1339,1389,1362,1312,1377,1369,1370,1405,1385,1386,1400,1381,1385,1357,1365
1344,1397,1347,1369,1355,1347,1396,1370,1337,1385,1389,1382,1410,1394,1394,1413,1391,1394,1386,1396
1344,1397,1347,1369,1355,1347,1396,1370,1337,1385,1389,1382,1410,1394,1394,1413,1391,1394,1386,1396
1344,1397,1347,1369,1355,1347,1396,1370,1337,1385,1389,1382,1410,1394,1394,1413,1391,1394,1386,1396
1345,1403,1351,1389,1357,1351,1399,1382,1358,1388,1399,1390,1419,1423,1402,1414,1393,1403,1395,1404
1345,1403,1351,1389,1357,1351,1399,1382,1358,1388,1399,1390,1419,1423,1402,1414,1393,1403,1395,1404
1345,1403,1351,1389,1357,1351,1399,1382,1358,1388,1399,1390,1419,1423,1402,1414,1393,1403,1395,1404
1363,1407,1368,1395,1358,1368,1408,1390,1374,1398,1412,1392,1429,1433,1412,1418,1405,1423,1402,1408
1363,1407,1368,1395,1358,1368,1408,1390,1374,1398,1412,1392,1429,1433,1412,1418,1405,1423,1402,1408
1363,1407,1368,1395,1358,1368,1408,1390,1374,1398,1412,1392,1429,1433,1412,1418,1405,1423,1402,1408
1379,1415,1377,1399,1367,1377,1417,1392,1379,1416,1417,1393,1430,1438,1423,1420,1415,1425,1407,1414
1379,1415,1377,1399,1367,1377,1417,1392,1379,1416,1417,1393,1430,1438,1423,1420,1415,1425,1407,1414
1379,1415,1377,1399,1367,1377,1417,1392,1379,1416,1417,1393,1430,1438,1423,1420,1415,1425,1407,1414
1386,1420,1383,1408,1373,1383,1429,1393,1391,1428,1434,1400,1436,1439,1440,1421,1419,1438,1412,1420
1386,1420,1383,1408,1373,1383,1429,1393,1391,1428,1434,1400,1436,1439,1440,1421,1419,1438,1412,1420
1386,1420,1383,1408,1373,1383,1429,1393,1391,1428,1434,1400,1436,1439,1440,1421,1419,1438,1412,1420
1395,1425,1388,1417,1378,1388,1435,1400,1397,1432,1435,1409,1446,1441,1447,1437,1429,1448,1424,1427
1395,1425,1388,1417,1378,1388,1435,1400,1397,1432,1435,1409,1446,1441,1447,1437,1429,1448,1424,1427
1395,1425,1388,1417,1378,1388,1435,1400,1397,1432,1435,1409,1446,1441,1447,1437,1429,1448,1424,1427
1402,1427,1398,1424,1381,1398,1439,1409,1405,1433,1444,1413,1451,1451,1450,1445,1430,1453,1440,1432
1402,1427,1398,1424,1381,1398,1439,1409,1405,1433,1444,1413,1451,1451,1450,1445,1430,1453,1440,1432
1402,1427,1398,1424,1381,1398,1439,1409,1405,1433,1444,1413,1451,1451,1450,1445,1430,1453,1440,1432
1414,1431,1404,1435,1397,1404,1444,1413,1407,1438,1450,1418,1464,1461,1462,1456,1441,1465,1447,1433
1414,1431,1404,1435,1397,1404,1444,1413,1407,1438,1450,1418,1464,1461,1462,1456,1441,1465,1447,1433
1414,1431,1404,1435,1397,1404,1444,1413,1407,1438,1450,1418,1464,1461,1462,1456,1441,1465,1447,1433
1424,1432,1416,1444,1403,1410,1450,1418,1410,1439,1462,1421,1468,1474,1466,1463,1446,1474,1458,1441
1424,1432,1416,1444,1403,1410,1450,1418,1410,1439,1462,1421,1468,1474,1466,1463,1446,1474,1458,1441
1424,1432,1416,1444,1403,1410,1450,1418,1410,1439,1462,1421,1468,1474,1466,1463,1446,1474,1458,1441
1440,1434,1428,1448,1409,1416,1461,1421,1419,1443,1466,1437,1473,1480,1471,1467,1451,1480,1469,1449
1440,1434,1428,1448,1409,1416,1461,1421,1419,1443,1466,1437,1473,1480,1471,1467,1451,1480,1469,1449
1440,1434,1428,1448,1409,1416,1461,1421,1419,1443,1466,1437,1473,1480,1471,1467,1451,1480,1469,1449
1447,1442,1443,1453,1415,1425,1475,1437,1430,1449,1471,1445,1478,1485,1485,1477,1464,1485,1475,1455
1447,1442,1443,1453,1415,1425,1475,1437,1430,1449,1471,1445,1478,1485,1485,1477,1464,1485,1475,1455
1447,1442,1443,1453,1415,1425,1475,1437,1430,1449,1471,1445,1478,1485,1485,1477,1464,1485,1475,1455
1448,1446,1455,1458,1427,1428,1483,1445,1431,1461,1477,1456,1490,1496,1493,1481,1468,1498,1478,1477
1448,1446,1455,1458,1427,1428,1483,1445,1431,1461,1477,1456,1490,1496,1493,1481,1468,1498,1478,1477
1448,1446,1455,1458,1427,1428,1483,1445,1431,1461,1477,1456,1490,1496,1493,1481,1468,1498,1478,1477
1453,1465,1469,1476,1431,1436,1487,1456,1436,1473,1483,1463,1503,1497,1495,1496,1473,1500,1496,1491
1453,1465,1469,1476,1431,1436,1487,1456,1436,1473,1483,1463,1503,1497,1495,1496,1473,1500,1496,1491
1453,1465,1469,1476,1431,1436,1487,1456,1436,1473,1483,1463,1503,1497,1495,1496,1473,1500,1496,1491
1458,1475,1479,1483,1434,1443,1491,1462,1442,1479,1487,1467,1510,1508,1500,1518,1490,1508,1504,1493
1458,1475,1479,1483,1434,1443,1491,1462,1442,1479,1487,1467,1510,1508,1500,1518,1490,1508,1504,1493
1458,1475,1479,1483,1434,1443,1491,1462,1442,1479,1487,1467,1510,1508,1500,1518,1490,1508,1504,1493
1464,1478,1482,1487,1442,1455,1492,1466,1463,1482,1492,1476,1513,1514,1517,1520,1497,1516,1505,1497
1464,1478,1482,1487,1442,1455,1492,1466,1463,1482,1492,1476,1513,1514,1517,1520,1497,1516,1505,1497
1464,1478,1482,1487,1442,1455,1492,1466,1463,1482,1492,1476,1513,1514,1517,1520,1497,1516,1505,1497
1474,1493,1486,1492,1449,1469,1495,1467,1468,1486,1495,1481,1526,1516,1527,1525,1503,1519,1514,1507
1474,1493,1486,1492,1449,1469,1495,1467,1468,1486,1495,1481,1526,1516,1527,1525,1503,1519,1514,1507
1474,1493,1486,1492,1449,1469,1495,1467,1468,1486,1495,1481,1526,1516,1527,1525,1503,1519,1514,1507
1480,1499,1491,1498,1465,1479,1524,1471,1481,1501,1514,1484,1530,1519,1544,1529,1512,1528,1517,1518
1480,1499,1491,1498,1465,1479,1524,1471,1481,1501,1514,1484,1530,1519,1544,1529,1512,1528,1517,1518
1480,1499,1491,1498,1465,1479,1524,1471,1481,1501,1514,1484,1530,1519,1544,1529,1512,1528,1517,1518
1498,1504,1501,1505,1484,1482,1532,1476,1490,1509,1517,1500,1538,1526,1545,1536,1513,1534,1527,1520
1498,1504,1501,1505,1484,1482,1532,1476,1490,1509,1517,1500,1538,1526,1545,1536,1513,1534,1527,1520
1498,1504,1501,1505,1484,1482,1532,1476,1490,1509,1517,1500,1538,1526,1545,1536,1513,1534,1527,1520
1506,1507,1509,1506,1499,1486,1541,1484,1499,1516,1524,1512,1542,1530,1552,1537,1526,1543,1545,1533
1506,1507,1509,1506,1499,1486,1541,1484,1499,1516,1524,1512,1542,1530,1552,1537,1526,1543,1545,1533
1506,1507,1509,1506,1499,1486,1541,1484,1499,1516,1524,1512,1542,1530,1552,1537,1526,1543,1545,1533
1508,1518,1523,1515,1504,1501,1548,1503,1505,1523,1532,1525,1550,1534,1555,1549,1530,1544,1552,1535
1508,1518,1523,1515,1504,1501,1548,1503,1505,1523,1532,1525,1550,1534,1555,1549,1530,1544,1552,1535
1508,1518,1523,1515,1504,1501,1548,1503,1505,1523,1532,1525,1550,1534,1555,1549,1530,1544,1552,1535
1515,1528,1533,1524,1507,1509,1552,1510,1506,1534,1541,1529,1554,1543,1559,1560,1538,1555,1556,1536
1515,1528,1533,1524,1507,1509,1552,1510,1506,1534,1541,1529,1554,1543,1559,1560,1538,1555,1556,1536
1515,1528,1533,1524,1507,1509,1552,1510,1506,1534,1541,1529,1554,1543,1559,1560,1538,1555,1556,1536
1520,1539,1535,1532,1510,1523,1559,1512,1513,1543,1548,1537,1563,1544,1569,1562,1542,1564,1568,1539
1520,1539,1535,1532,1510,1523,1559,1512,1513,1543,1548,1537,1563,1544,1569,1562,1542,1564,1568,1539
1520,1539,1535,1532,1510,1523,1559,1512,1513,1543,1548,1537,1563,1544,1569,1562,1542,1564,1568,1539
1527,1546,1540,1541,1519,1533,1565,1515,1538,1547,1559,1549,1570,1555,1582,1571,1550,1567,1569,1540
1527,1546,1540,1541,1519,1533,1565,1515,1538,1547,1559,1549,1570,1555,1582,1571,1550,1567,1569,1540
1527,1546,1540,1541,1519,1533,1565,1515,1538,1547,1559,1549,1570,1555,1582,1571,1550,1567,1569,1540
1536,1557,1547,1548,1528,1535,1566,1525,1542,1554,1568,1560,1575,1564,1583,1588,1554,1573,1580,1546
1536,1557,1547,1548,1528,1535,1566,1525,1542,1554,1568,1560,1575,1564,1583,1588,1554,1573,1580,1546
1536,1557,1547,1548,1528,1535,1566,1525,1542,1554,1568,1560,1575,1564,1583,1588,1554,1573,1580,1546
1545,1572,1558,1556,1539,1540,1574,1529,1550,1558,1574,1562,1576,1567,1584,1590,1563,1581,1582,1557
1545,1572,1558,1556,1539,1540,1574,1529,1550,1558,1574,1562,1576,1567,1584,1590,1563,1581,1582,1557
1545,1572,1558,1556,1539,1540,1574,1529,1550,1558,1574,1562,1576,1567,1584,1590,1563,1581,1582,1557
1556,1579,1573,1565,1546,1547,1583,1537,1562,1563,1583,1588,1578,1581,1586,1594,1572,1591,1586,1565
1556,1579,1573,1565,1546,1547,1583,1537,1562,1563,1583,1588,1578,1581,1586,1594,1572,1591,1586,1565
1556,1579,1573,1565,1546,1547,1583,1537,1562,1563,1583,1588,1578,1581,1586,1594,1572,1591,1586,1565
1564,1580,1587,1566,1557,1558,1584,1549,1570,1567,1584,1590,1595,1591,1603,1597,1575,1613,1589,1566
1564,1580,1587,1566,1557,1558,1584,1549,1570,1567,1584,1590,1595,1591,1603,1597,1575,1613,1589,1566
1564,1580,1587,1566,1557,1558,1584,1549,1570,1567,1584,1590,1595,1591,1603,1597,1575,1613,1589,1566
1568,1585,1596,1570,1572,1573,1593,1560,1575,1576,1593,1594,1597,1604,1607,1608,1576,1617,1596,1571
1568,1585,1596,1570,1572,1573,1593,1560,1575,1576,1593,1594,1597,1604,1607,1608,1576,1617,1596,1571
1568,1585,1596,1570,1572,1573,1593,1560,1575,1576,1593,1594,1597,1604,1607,1608,1576,1617,1596,1571
1569,1589,1599,1574,1579,1587,1603,1588,1578,1579,1603,1607,1604,1606,1613,1610,1578,1619,1599,1585
1569,1589,1599,1574,1579,1587,1603,1588,1578,1579,1603,1607,1604,1606,1613,1610,1578,1619,1599,1585
1571,1601,1602,1593,1580,1596,1608,1590,1595,1579,1606,1610,1612,1606,1613,1611,1595,1619,1599,1585
1571,1601,1602,1593,1580,1596,1608,1590,1595,1581,1606,1610,1612,1607,1615,1611,1595,1623,1600,1597
1582,1619,1605,1600,1585,1599,1609,1594,1612,1581,1608,1611,1617,1607,1615,1618,1612,1623,1600,1597
1582,1619,1605,1600,1585,1599,1609,1594,1612,1581,1608,1611,1617,1607,1615,1618,1612,1623,1600,1597
1586,1624,1636,1609,1589,1602,1615,1610,1621,1587,1609,1616,1632,1613,1620,1621,1628,1626,1604,1601
1586,1624,1636,1609,1589,1602,1615,1610,1621,1587,1609,1616,1632,1613,1620,1621,1628,1626,1604,1601
1591,1626,1639,1614,1601,1605,1619,1611,1632,1602,1615,1621,1640,1617,1625,1631,1632,1633,1606,1605
1591,1626,1639,1614,1601,1605,1619,1611,1632,1602,1615,1621,1640,1617,1625,1631,1632,1633,1606,1605
1600,1635,1647,1616,1624,1636,1630,1616,1640,1633,1620,1628,1653,1623,1634,1638,1640,1641,1614,1625
1600,1635,1647,1616,1624,1636,1630,1616,1640,1633,1620,1628,1653,1623,1634,1638,1640,1641,1614,1625
1614,1646,1657,1618,1626,1639,1643,1620,1650,1636,1630,1631,1661,1625,1641,1644,1652,1656,1624,1635
1614,1646,1657,1618,1626,1639,1643,1620,1650,1636,1630,1631,1661,1625,1641,1644,1652,1656,1624,1635
1618,1650,1660,1630,1635,1647,1648,1628,1652,1647,1643,1638,1678,1633,1643,1651,1653,1662,1634,1639
1618,1650,1660,1630,1635,1647,1648,1628,1652,1647,1643,1638,1678,1633,1643,1651,1653,1662,1634,1639
1623,1652,1671,1642,1646,1657,1649,1631,1661,1657,1648,1644,1680,1641,1654,1669,1670,1663,1642,1646
1623,1652,1671,1642,1646,1657,1649,1631,1661,1657,1648,1644,1680,1641,1654,1669,1670,1663,1642,1646
1634,1653,1672,1654,1650,1661,1654,1638,1678,1663,1649,1651,1683,1662,1660,1675,1678,1667,1648,1649
1634,1653,1672,1654,1650,1661,1654,1638,1678,1663,1649,1651,1683,1662,1660,1675,1678,1667,1648,1649
1642,1667,1675,1656,1655,1671,1662,1644,1680,1668,1660,1655,1688,1663,1666,1677,1683,1668,1659,1665
1642,1667,1675,1656,1655,1671,1662,1644,1680,1668,1660,1655,1688,1663,1666,1677,1683,1668,1659,1665
1656,1670,1693,1659,1667,1672,1665,1651,1681,1674,1666,1677,1698,1668,1674,1691,1688,1680,1672,1669
1656,1670,1693,1659,1667,1672,1665,1651,1681,1674,1666,1677,1698,1668,1674,1691,1688,1680,1672,1669
1659,1685,1695,1665,1670,1675,1673,1655,1688,1679,1671,1694,1703,1681,1679,1694,1698,1685,1674,1689
1659,1685,1695,1665,1670,1675,1673,1655,1688,1679,1671,1694,1703,1681,1679,1694,1698,1685,1674,1689
1669,1692,1702,1673,1682,1679,1676,1666,1698,1682,1673,1697,1705,1683,1684,1697,1703,1690,1682,1691
1669,1692,1702,1673,1682,1679,1676,1666,1698,1682,1673,1697,1705,1683,1684,1697,1703,1690,1682,1691
1681,1701,1713,1676,1685,1693,1686,1677,1703,1689,1676,1708,1710,1690,1690,1708,1705,1695,1684,1701
1681,1701,1713,1676,1685,1693,1686,1677,1703,1689,1676,1708,1710,1690,1690,1708,1705,1695,1684,1701
1684,1704,1722,1686,1692,1702,1687,1697,1704,1693,1686,1715,1716,1695,1699,1715,1710,1699,1692,1713
1684,1704,1722,1686,1692,1702,1687,1697,1704,1693,1686,1715,1716,1695,1699,1715,1710,1699,1692,1713
1689,1705,1730,1687,1701,1713,1694,1706,1708,1702,1687,1720,1722,1699,1709,1720,1716,1706,1700,1719
1689,1705,1730,1687,1701,1713,1694,1706,1708,1702,1687,1720,1722,1699,1709,1720,1716,1706,1700,1719
1691,1712,1731,1696,1704,1724,1696,1715,1716,1707,1696,1721,1724,1707,1711,1721,1722,1711,1709,1723
1691,1712,1731,1696,1704,1724,1696,1715,1716,1707,1696,1721,1724,1707,1711,1721,1722,1711,1709,1723
1700,1719,1733,1700,1706,1730,1707,1720,1721,1717,1709,1727,1737,1711,1718,1728,1729,1712,1718,1728
1700,1719,1733,1700,1706,1730,1707,1720,1721,1717,1709,1727,1737,1711,1718,1728,1729,1712,1718,1728
1710,1732,1739,1714,1712,1731,1714,1725,1724,1726,1714,1735,1740,1717,1725,1735,1737,1717,1727,1732
1710,1732,1739,1714,1712,1731,1714,1725,1724,1726,1714,1735,1740,1717,1725,1735,1737,1717,1727,1732
1718,1738,1743,1723,1719,1733,1723,1735,1736,1730,1725,1753,1741,1726,1727,1744,1740,1726,1738,1739
1718,1738,1743,1723,1719,1733,1723,1735,1736,1730,1725,1753,1741,1726,1727,1744,1740,1726,1738,1739
1729,1741,1750,1729,1732,1739,1734,1753,1741,1733,1734,1754,1745,1728,1734,1753,1745,1731,1742,1743
1729,1741,1750,1729,1732,1739,1734,1753,1741,1733,1734,1754,1745,1728,1734,1753,1745,1731,1742,1743
1746,1742,1751,1748,1738,1750,1744,1754,1745,1737,1744,1770,1755,1736,1749,1754,1755,1736,1747,1750
1746,1742,1751,1748,1738,1750,1744,1754,1745,1737,1744,1770,1755,1736,1749,1754,1755,1736,1747,1750
1749,1747,1759,1752,1742,1751,1748,1763,1755,1740,1748,1771,1760,1743,1757,1770,1760,1746,1749,1751
1749,1747,1759,1752,1742,1751,1748,1763,1755,1740,1748,1771,1760,1743,1757,1770,1760,1746,1749,1751
1757,1758,1760,1761,1747,1759,1752,1770,1762,1756,1752,1773,1762,1746,1763,1773,1766,1756,1757,1758
1757,1758,1760,1761,1747,1759,1752,1770,1762,1756,1752,1773,1762,1746,1763,1773,1766,1756,1757,1758
1766,1767,1768,1766,1758,1762,1761,1773,1774,1759,1763,1779,1774,1756,1769,1779,1774,1761,1767,1769
1766,1767,1768,1766,1758,1762,1761,1773,1774,1759,1763,1779,1774,1756,1769,1779,1774,1761,1767,1769
1775,1771,1769,1778,1767,1768,1772,1779,1780,1764,1772,1781,1780,1764,1772,1782,1780,1764,1771,1777
1775,1771,1769,1778,1767,1768,1772,1779,1780,1764,1772,1781,1780,1764,1772,1782,1780,1764,1771,1777
1782,1776,1777,1782,1776,1777,1778,1783,1784,1768,1778,1783,1784,1775,1781,1783,1784,1775,1776,1781
1782,1776,1777,1782,1776,1777,1778,1783,1784,1768,1778,1783,1784,1775,1781,1783,1784,1775,1776,1781