96,131,73,96,253,282,157,253,131,96,282,73,131,282,0,235,253,157,281,0
96,131,73,96,253,282,157,253,131,96,282,73,131,282,0,235,253,157,281,0
96,131,73,96,153,282,86,153,131,96,282,73,131,282,0,278,153,86,282,0
96,131,73,96,153,282,86,153,131,96,282,73,131,282,0,278,153,86,282,0
96,131,73,96,168,282,175,338,131,96,282,73,131,282,0,320,338,175,282,0
96,131,73,96,168,282,175,338,131,96,282,73,131,282,0,320,338,175,282,0
96,131,73,96,157,282,168,281,131,96,282,73,131,282,0,0,343,141,282,0
96,131,73,96,157,282,168,281,131,96,282,73,131,282,0,0,343,141,282,0
96,131,73,96,171,282,141,343,131,96,282,73,131,282,0,86,281,168,282,0
96,131,73,96,171,282,141,343,131,96,282,73,131,282,0,86,281,168,282,0
96,131,73,96,86,282,195,252,131,96,282,73,131,282,0,136,252,195,282,0
98,131,73,98,86,282,195,252,143,96,282,73,143,282,0,136,252,195,282,0
98,131,73,98,141,282,350,171,143,96,282,73,143,282,0,283,171,350,282,0
98,131,73,98,141,282,350,171,143,96,282,73,143,282,0,283,171,350,282,0
98,131,73,98,195,282,181,258,143,96,282,73,143,282,0,356,258,181,282,0
98,131,73,98,195,282,181,258,143,96,282,73,143,282,0,356,258,181,282,0
98,131,73,98,281,0,106,344,143,96,21,73,143,21,0,0,344,106,282,0
98,131,73,98,281,0,106,344,143,96,21,73,143,21,0,0,344,106,282,0
98,131,73,98,338,21,339,163,143,96,21,73,143,21,0,21,163,339,21,0
98,131,73,98,338,21,339,163,143,96,21,73,143,21,0,21,163,339,21,0
98,131,73,98,215,21,136,215,143,96,21,73,143,21,0,21,215,136,21,0
98,143,73,98,215,21,136,215,143,122,21,98,143,21,0,21,215,136,21,0
122,143,154,122,252,21,278,354,145,122,21,98,145,21,0,21,354,278,21,0
122,143,154,122,252,21,278,354,145,122,21,98,145,21,0,21,354,278,21,0
122,143,154,122,245,21,144,256,145,122,21,98,145,21,0,21,256,144,21,0
122,143,154,122,245,21,144,256,145,122,21,98,145,21,0,21,256,144,21,0
122,143,154,122,339,21,235,257,145,122,21,98,145,21,0,21,257,235,21,0
122,143,154,122,339,21,235,257,145,122,21,98,145,21,0,21,257,235,21,0
122,143,154,122,181,21,268,351,145,122,21,98,145,21,0,21,351,268,21,0
122,143,154,122,181,21,268,351,145,122,21,98,145,21,0,21,351,268,21,0
122,143,154,122,258,21,201,245,145,122,21,98,145,21,0,21,245,201,21,0
122,143,154,122,258,21,201,245,145,122,21,98,145,21,0,21,245,201,21,0
122,143,154,122,106,21,272,202,145,122,238,98,145,238,0,21,202,272,21,0
125,143,154,125,106,21,272,202,154,122,238,98,154,238,0,21,202,272,21,0
125,143,154,125,136,238,224,296,154,122,238,98,154,238,0,167,296,224,238,0
125,143,154,125,136,238,224,296,154,122,238,98,154,238,0,167,296,224,238,0
125,143,154,125,340,238,356,212,154,122,238,98,154,238,0,167,212,356,238,0
125,143,154,125,340,238,356,212,154,122,238,98,154,238,0,167,212,356,238,0
125,143,154,125,344,238,340,332,154,122,238,98,154,238,0,167,332,340,238,0
125,143,154,125,344,238,340,332,154,122,238,98,154,238,0,167,332,340,238,0
125,143,154,125,163,238,223,266,154,122,238,98,154,238,0,167,266,223,238,0
125,143,154,125,163,238,223,266,154,122,238,98,154,238,0,167,266,223,238,0
125,145,154,125,175,238,241,227,154,164,238,125,154,238,0,167,227,241,238,0
125,145,154,125,175,238,241,227,154,164,238,125,154,238,0,167,227,241,238,0
164,145,173,164,268,238,231,333,173,164,238,125,173,238,0,167,333,231,238,0
164,145,173,164,268,238,231,333,173,164,238,125,173,238,0,167,333,231,238,0
164,145,173,164,256,238,316,242,173,164,238,125,173,238,0,167,242,316,238,0
164,145,173,164,256,238,316,242,173,164,238,125,173,238,0,167,242,316,238,0
164,145,173,164,144,238,275,297,173,164,251,125,173,251,0,167,297,275,238,0
164,145,173,164,144,238,275,297,173,164,251,125,173,251,0,167,297,275,238,0
164,145,173,164,278,251,283,279,173,164,251,125,173,251,0,175,279,283,284,0
164,145,173,164,278,251,283,279,173,164,251,125,173,251,0,175,279,283,284,0
164,145,173,164,257,251,285,284,173,164,251,125,173,251,0,0,284,285,0,0
164,145,173,164,257,251,285,284,173,164,251,125,173,251,0,0,284,285,0,0
164,145,173,164,235,251,0,357,173,164,251,125,173,251,0,181,357,0,333,0
172,145,173,172,235,251,0,357,178,164,251,125,178,251,0,181,357,0,333,0
172,145,173,172,350,251,314,312,178,164,251,125,178,251,0,0,312,314,0,0
172,145,173,172,350,251,314,312,178,164,251,125,178,251,0,0,312,314,0,0
172,145,173,172,354,251,318,324,178,164,251,125,178,251,0,201,324,318,215,0
172,145,173,172,354,251,318,324,178,164,251,125,178,251,0,201,324,318,215,0
172,145,173,172,351,251,320,319,178,164,251,125,178,251,0,0,319,320,242,0
172,145,173,172,351,251,320,319,178,164,251,125,178,251,0,0,319,320,242,0
172,145,173,172,201,251,73,0,178,164,251,125,178,251,0,282,0,0,0,0
172,178,173,172,201,251,73,0,178,230,251,172,178,251,0,282,0,0,0,0
172,178,173,172,202,251,73,0,178,230,36,172,178,36,0,282,0,0,338,0
172,178,173,172,202,251,73,0,178,230,36,172,178,36,0,282,0,0,338,0
191,178,182,191,272,36,73,0,182,230,36,172,182,36,0,282,0,0,0,0
191,178,182,191,272,36,73,0,182,230,36,172,182,36,0,282,0,0,0,0
191,178,182,191,296,36,73,0,182,230,36,172,182,36,0,282,0,0,36,0
191,178,182,191,296,36,73,0,182,230,36,172,182,36,0,282,0,0,36,0
191,178,182,191,224,36,73,0,182,230,36,172,182,36,0,282,0,0,36,0
191,178,182,191,224,36,73,0,182,230,36,172,182,36,0,282,0,0,36,0
191,178,182,191,212,36,73,0,182,230,36,172,182,36,0,282,0,0,36,0
191,178,182,191,212,36,73,0,182,230,36,172,182,36,0,282,0,0,36,0
191,178,182,191,356,36,73,0,182,230,36,172,182,36,0,282,0,0,36,0
191,178,182,191,356,36,73,0,182,230,36,172,182,36,0,282,0,0,36,0
191,178,182,191,332,36,73,0,182,230,36,172,182,36,0,282,0,0,36,0
196,178,182,196,332,36,73,0,184,230,36,172,184,36,0,282,0,0,36,0
196,178,182,196,357,36,73,0,184,230,36,172,184,36,0,231,0,0,36,0
196,178,182,196,357,36,73,0,184,230,36,172,184,36,0,231,0,0,36,0
196,178,182,196,266,36,73,0,184,230,167,172,184,167,0,285,0,0,36,0
196,178,182,196,266,36,73,0,184,230,167,172,184,167,0,285,0,0,36,0
196,178,182,196,223,167,73,0,184,230,167,172,184,167,0,0,0,0,36,0
196,178,182,196,223,167,73,0,184,230,167,172,184,167,0,0,0,0,36,0
196,184,182,196,227,167,73,0,184,239,167,191,184,167,0,0,0,0,0,0
196,184,182,196,227,167,73,0,184,239,167,191,184,167,0,0,0,0,0,0
196,184,182,196,241,167,73,0,184,239,167,191,184,167,0,36,0,0,167,0
196,184,182,196,241,167,73,0,184,239,167,191,184,167,0,36,0,0,167,0
219,184,199,219,333,167,73,0,194,239,167,191,194,167,0,36,0,0,167,0
219,184,199,219,333,167,73,0,194,239,167,191,194,167,0,36,0,0,167,0
219,184,199,219,231,167,73,0,194,239,167,191,194,167,0,36,0,0,167,0
219,184,199,219,231,167,73,0,194,239,167,191,194,167,0,36,0,0,167,0
219,184,199,219,242,167,73,0,194,239,167,191,194,167,0,36,0,0,167,0
219,184,199,219,242,167,73,0,194,239,167,191,194,167,0,36,0,0,167,0
219,184,199,219,316,167,73,0,194,239,167,191,194,167,0,36,0,0,167,0
219,184,199,219,316,167,73,0,194,239,167,191,194,167,0,36,0,0,167,0
219,184,199,219,297,167,73,0,194,239,160,191,194,160,0,36,0,0,167,0
219,184,199,219,297,167,73,0,194,239,160,191,194,160,0,36,0,0,167,0
219,184,199,219,275,160,73,0,194,239,160,191,194,160,0,36,0,0,167,0
230,184,199,230,275,160,73,0,199,239,160,191,199,160,0,36,0,0,167,0
230,184,199,230,279,160,73,0,199,239,160,191,199,160,0,36,0,0,167,0
230,184,199,230,279,160,73,0,199,239,160,191,199,160,0,36,0,0,167,0
230,184,199,230,283,160,73,0,199,239,160,191,199,160,0,160,0,0,343,0
230,184,199,230,283,160,73,0,199,239,160,191,199,160,0,160,0,0,343,0
230,184,199,230,284,160,73,0,199,239,160,191,199,160,0,160,0,0,0,0
230,194,199,230,284,160,73,0,199,247,160,196,199,160,0,160,0,0,0,0
230,194,199,230,285,160,73,0,199,247,160,196,199,160,0,160,0,0,160,0
230,194,199,230,285,160,73,0,199,247,160,196,199,160,0,160,0,0,160,0
230,194,199,230,343,160,73,0,199,247,160,196,199,160,0,160,0,0,160,0
230,194,199,230,343,160,73,0,199,247,160,196,199,160,0,160,0,0,160,0
233,194,220,233,0,160,73,0,220,247,160,196,220,160,0,160,0,0,160,0
233,194,220,233,0,160,73,0,220,247,160,196,220,160,0,160,0,0,160,0
233,194,220,233,312,160,73,0,220,247,300,196,220,300,0,160,0,0,160,0
233,194,220,233,312,160,73,0,220,247,300,196,220,300,0,160,0,0,160,0
233,194,220,233,314,300,73,0,220,247,300,196,220,300,0,160,0,0,160,0
233,194,220,233,314,300,73,0,220,247,300,196,220,300,0,160,0,0,160,0
233,194,220,233,324,300,73,0,220,247,300,196,220,300,0,160,0,0,160,0
233,194,220,233,324,300,73,0,220,247,300,196,220,300,0,160,0,0,160,0
233,194,220,233,318,300,73,0,220,247,300,196,220,300,0,117,0,0,160,0
233,194,220,233,318,300,73,0,220,247,300,196,220,300,0,117,0,0,160,0
233,194,220,233,319,300,73,0,220,247,300,196,220,300,0,117,0,0,160,0
239,194,220,239,319,300,73,0,225,247,300,196,225,300,0,117,0,0,160,0
239,194,220,239,320,300,73,0,225,247,300,196,225,300,0,117,0,0,300,0
239,194,220,239,320,300,73,0,225,247,300,196,225,300,0,117,0,0,300,0
239,194,220,239,0,300,73,0,225,247,300,196,225,300,0,117,0,0,300,0
239,194,220,239,0,300,73,0,225,247,300,196,225,300,0,117,0,0,300,0
239,225,220,239,0,300,73,0,225,255,300,219,225,300,0,117,0,0,300,0
239,225,220,239,0,300,73,0,225,255,300,219,225,300,0,117,0,0,300,0
239,225,220,239,0,300,73,0,225,255,315,219,225,315,0,117,0,0,300,0
239,225,220,239,0,300,73,0,225,255,315,219,225,315,0,117,0,0,300,0
239,225,220,239,0,315,73,0,225,255,315,219,225,315,0,117,0,0,300,0
239,225,220,239,0,315,73,0,225,255,315,219,225,315,0,117,0,0,300,0
244,225,254,244,0,315,73,0,237,255,315,219,237,315,0,117,0,0,300,0
244,225,254,244,0,315,73,0,237,255,315,219,237,315,0,117,0,0,300,0
244,225,254,244,0,315,73,0,237,255,315,219,237,315,0,300,0,0,300,0
244,225,254,244,0,315,73,0,237,255,315,219,237,315,0,300,0,0,300,0
244,225,254,244,0,315,73,0,237,255,315,219,237,315,0,300,0,0,300,0
244,225,254,244,0,315,73,0,237,255,315,219,237,315,0,300,0,0,300,0
244,225,254,244,0,315,73,0,237,255,315,219,237,315,0,300,0,0,0,0
244,225,254,244,0,315,73,0,237,255,315,219,237,315,0,300,0,0,0,0
244,225,254,244,0,315,73,0,237,255,315,219,237,315,0,300,0,0,163,0
244,225,254,244,0,315,73,0,237,255,315,219,237,315,0,300,0,0,163,0
244,225,254,244,0,315,73,0,237,255,315,219,237,315,0,300,0,0,0,0
247,225,254,247,0,315,73,0,243,255,315,219,243,315,0,300,0,0,0,0
247,225,254,247,0,315,73,0,243,255,345,219,243,345,0,300,0,0,253,0
247,225,254,247,0,315,73,0,243,255,345,219,243,345,0,300,0,0,253,0
247,225,254,247,0,345,73,0,243,255,345,219,243,345,0,300,0,0,256,0
247,237,254,247,0,345,73,0,243,265,345,233,243,345,0,300,0,0,256,0
247,237,254,247,0,345,73,0,243,265,345,233,243,345,0,300,0,0,0,0
247,237,254,247,0,345,73,0,243,265,345,233,243,345,0,300,0,0,0,0
247,237,254,247,0,345,73,0,243,265,345,233,243,345,0,0,0,0,344,0
247,237,254,247,0,345,73,0,243,265,345,233,243,345,0,0,0,0,344,0
247,237,254,247,0,345,73,0,243,265,345,233,243,345,0,157,0,0,345,0
247,237,254,247,0,345,73,0,243,265,345,233,243,345,0,157,0,0,345,0
255,237,259,255,0,345,73,0,254,265,345,233,254,345,0,168,0,0,345,0
255,237,259,255,0,345,73,0,254,265,345,233,254,345,0,168,0,0,345,0
255,237,259,255,0,345,73,0,254,265,345,233,254,345,0,195,0,0,345,0
255,237,259,255,0,345,73,0,254,265,345,233,254,345,0,195,0,0,345,0
255,237,259,255,0,345,73,0,254,265,345,233,254,345,0,0,0,0,345,0
255,237,259,255,0,345,73,0,254,265,345,233,254,345,0,0,0,0,345,0
255,237,259,255,0,345,73,0,254,265,0,233,254,0,0,223,0,0,345,0
255,237,259,255,0,345,73,0,254,265,0,233,254,0,0,223,0,0,345,0
255,237,259,255,0,0,73,0,254,265,0,233,254,0,0,241,0,0,345,0
255,237,259,255,0,0,73,0,254,265,0,233,254,0,0,241,0,0,345,0
255,237,259,255,0,0,73,0,254,265,0,233,254,0,0,0,0,0,345,0
260,237,259,260,0,0,73,0,259,265,0,233,259,0,0,0,0,0,345,0
260,237,259,260,0,0,73,0,259,265,0,233,259,0,0,251,0,0,345,0
260,237,259,260,0,0,73,0,259,265,0,233,259,0,0,251,0,0,345,0
260,243,259,260,0,0,73,0,259,276,0,244,259,0,0,251,0,0,0,0
260,243,259,260,0,0,73,0,259,276,0,244,259,0,0,251,0,0,0,0
260,243,259,260,0,0,73,0,259,276,0,244,259,0,0,251,0,0,251,0
260,243,259,260,0,0,73,0,259,276,0,244,259,0,0,251,0,0,251,0
260,243,259,260,0,0,73,0,259,276,0,244,259,0,0,251,0,0,251,0
260,243,259,260,0,0,73,0,259,276,0,244,259,0,0,251,0,0,251,0
260,243,259,260,0,0,73,0,259,276,0,244,259,0,0,251,0,0,251,0
260,243,259,260,0,0,73,0,259,276,0,244,259,0,0,251,0,0,251,0
263,243,288,263,0,0,73,0,262,276,117,244,262,117,0,251,0,0,251,0
263,243,288,263,0,0,73,0,262,276,117,244,262,117,0,251,0,0,251,0
263,243,288,263,0,117,73,0,262,276,117,244,262,117,0,251,0,0,251,0
263,243,288,263,0,117,73,0,262,276,117,244,262,117,0,251,0,0,251,0
263,243,288,263,0,117,73,0,262,276,117,244,262,117,0,251,0,0,251,0
263,243,288,263,0,117,73,0,262,276,117,244,262,117,0,251,0,0,251,0
263,243,288,263,0,117,73,0,262,276,117,244,262,117,0,339,0,0,251,0
263,243,288,263,0,117,73,0,262,276,117,244,262,117,0,339,0,0,251,0
263,243,288,263,0,117,73,0,262,276,117,244,262,117,0,0,0,0,251,0
263,243,288,263,0,117,73,0,262,276,117,244,262,117,0,0,0,0,251,0
263,243,288,263,0,117,73,0,262,276,117,244,262,117,0,0,0,0,117,0
265,243,288,265,0,117,73,0,277,276,117,244,277,117,0,0,0,0,117,0
265,262,288,265,0,117,73,0,277,280,117,260,277,117,0,106,0,0,117,0
265,262,288,265,0,117,73,0,277,280,117,260,277,117,0,106,0,0,117,0
265,262,288,265,0,117,73,0,277,280,117,260,277,117,0,141,0,0,117,0
265,262,288,265,0,117,73,0,277,280,117,260,277,117,0,141,0,0,117,0
265,262,288,265,0,117,73,0,277,280,93,260,277,93,0,144,0,0,117,0
265,262,288,265,0,117,73,0,277,280,93,260,277,93,0,144,0,0,117,0
265,262,288,265,0,93,73,0,277,280,93,260,277,93,0,238,0,0,117,0
265,262,288,265,0,93,73,0,277,280,93,260,277,93,0,238,0,0,117,0
265,262,288,265,0,93,73,0,277,280,93,260,277,93,0,238,0,0,117,0
265,262,288,265,0,93,73,0,277,280,93,260,277,93,0,238,0,0,117,0
276,262,290,276,0,93,73,0,288,280,93,260,288,93,0,238,0,0,117,0
276,262,290,276,0,93,73,0,288,280,93,260,288,93,0,238,0,0,117,0
276,262,290,276,0,93,73,0,288,280,93,260,288,93,0,238,0,0,117,0
276,262,290,276,0,93,73,0,288,280,93,260,288,93,0,238,0,0,117,0
276,262,290,276,0,93,73,0,288,280,93,260,288,93,0,238,0,0,351,0
276,262,290,276,0,93,73,0,288,280,93,260,288,93,0,238,0,0,351,0
276,262,290,276,0,93,73,0,288,280,93,260,288,93,0,238,0,0,0,0
276,262,290,276,0,93,73,0,288,280,93,260,288,93,0,238,0,0,0,0
276,262,290,276,0,93,73,0,288,280,93,260,288,93,0,238,0,0,245,0
276,262,290,276,0,93,73,0,288,280,93,260,288,93,0,238,0,0,245,0
280,277,290,280,0,93,73,0,288,291,66,263,288,66,0,238,0,0,252,0
280,277,290,280,0,93,73,0,290,291,66,263,290,66,0,238,0,0,252,0
280,277,290,280,0,66,73,0,290,291,66,263,290,66,0,268,0,0,257,0
280,277,290,280,0,66,73,0,290,291,66,263,290,66,0,268,0,0,257,0
280,277,290,280,0,66,73,0,290,291,66,263,290,66,0,0,0,0,319,0
280,277,290,280,0,66,73,0,290,291,66,263,290,66,0,0,0,0,319,0
280,277,290,280,0,66,73,0,290,291,66,263,290,66,0,314,0,0,354,0
280,277,290,280,0,66,73,0,290,291,66,263,290,66,0,314,0,0,354,0
280,277,290,280,0,66,73,0,290,291,66,263,290,66,0,340,0,0,0,0
280,277,290,280,0,66,73,0,290,291,66,263,290,66,0,340,0,0,0,0
291,277,290,291,0,66,73,0,290,291,66,263,290,66,0,0,0,0,66,0
291,277,290,291,0,66,73,0,290,291,66,263,290,66,0,0,0,0,66,0
291,277,303,291,0,66,73,0,302,291,66,263,302,66,0,0,0,0,66,0
291,277,303,291,0,66,73,0,302,291,66,263,302,66,0,0,0,0,66,0
291,277,303,291,0,66,73,0,302,291,66,263,302,66,0,272,0,0,66,0
291,277,303,291,0,66,73,0,302,291,66,263,302,66,0,272,0,0,66,0
291,277,303,291,0,66,73,0,302,291,121,263,302,121,0,316,0,0,66,0
291,277,303,291,0,66,73,0,302,291,121,263,302,121,0,316,0,0,66,0
291,277,303,291,0,121,73,0,302,291,121,263,302,121,0,345,0,0,66,0
291,277,303,291,0,121,73,0,302,291,121,263,302,121,0,345,0,0,66,0
293,302,303,293,0,121,73,0,302,294,121,293,302,121,0,345,0,0,66,0
293,302,303,293,0,121,73,0,302,294,121,293,302,121,0,345,0,0,66,0
293,302,303,293,0,121,73,0,302,294,121,293,302,121,0,345,0,0,66,0
293,302,303,293,0,121,73,0,303,294,121,293,303,121,0,345,0,0,66,0
293,302,303,293,0,121,73,0,303,294,121,293,303,121,0,345,0,0,66,0
293,302,303,293,0,121,73,0,303,294,121,293,303,121,0,345,0,0,66,0
293,302,303,293,0,121,73,0,303,294,121,293,303,121,0,345,0,0,171,0
293,302,303,293,0,121,73,0,303,294,121,293,303,121,0,345,0,0,171,0
293,302,303,293,0,121,73,0,303,294,121,293,303,121,0,345,0,0,0,0
293,302,303,293,0,121,73,0,303,294,121,293,303,121,0,345,0,0,0,0
294,302,303,294,0,121,73,0,303,294,121,293,303,121,0,345,0,0,202,0
294,302,303,294,0,121,73,0,303,294,121,293,303,121,0,345,0,0,202,0
294,302,303,294,0,121,73,0,303,294,71,293,303,71,0,345,0,0,227,0
294,302,303,294,0,121,73,0,303,294,71,293,303,71,0,345,0,0,227,0
294,302,309,294,0,71,73,0,304,294,71,293,304,71,0,0,0,0,258,0
294,302,309,294,0,71,73,0,304,294,71,293,304,71,0,0,0,0,258,0
294,302,309,294,0,71,73,0,304,294,71,293,304,71,0,0,0,0,279,0
294,302,309,294,0,71,73,0,304,294,71,293,304,71,0,0,0,0,279,0
294,302,309,294,0,71,73,0,304,294,71,293,304,71,0,66,0,0,357,0
294,302,309,294,0,71,73,0,304,294,71,293,304,71,0,66,0,0,357,0
306,304,309,306,0,71,73,0,304,308,71,306,304,71,0,66,0,0,0,0
306,304,309,306,0,71,73,0,304,308,71,306,304,71,0,66,0,0,0,0
306,304,309,306,0,71,73,0,304,308,71,306,304,71,0,66,0,0,71,0
306,304,309,306,0,71,73,0,304,308,71,306,304,71,0,66,0,0,71,0
306,304,309,306,0,71,73,0,304,308,71,306,304,71,0,66,0,0,71,0
306,304,309,306,0,71,73,0,309,308,71,306,309,71,0,66,0,0,71,0
306,304,309,306,0,71,73,0,309,308,71,306,309,71,0,66,0,0,71,0
306,304,309,306,0,71,73,0,309,308,71,306,309,71,0,66,0,0,71,0
306,304,309,306,0,71,73,0,309,308,299,306,309,299,0,66,0,0,71,0
306,304,309,306,0,71,73,0,309,308,299,306,309,299,0,66,0,0,71,0
308,304,309,308,0,299,73,0,309,308,299,306,309,299,0,66,0,0,71,0
308,304,309,308,0,299,73,0,309,308,299,306,309,299,0,66,0,0,71,0
308,304,309,308,0,299,73,0,309,308,299,306,309,299,0,66,0,0,71,0
308,304,309,308,0,299,73,0,309,308,299,306,309,299,0,66,0,0,71,0
308,304,309,308,0,299,73,0,309,308,299,306,309,299,0,121,0,0,71,0
308,304,311,308,0,299,73,0,309,308,299,306,309,299,0,121,0,0,71,0
308,304,311,308,0,299,73,0,311,308,299,306,311,299,0,121,0,0,71,0
308,304,311,308,0,299,73,0,311,308,299,306,311,299,0,121,0,0,71,0
308,304,311,308,0,299,73,0,311,308,299,306,311,299,0,121,0,0,0,0
308,304,311,308,0,299,73,0,311,308,299,306,311,299,0,121,0,0,0,0
313,323,311,313,0,299,73,0,311,313,299,326,311,299,0,121,0,0,296,0
313,323,311,313,0,299,73,0,311,313,299,326,311,299,0,121,0,0,296,0
313,323,311,313,0,299,73,0,311,313,299,326,311,299,0,121,0,0,297,0
313,323,311,313,0,299,73,0,311,313,299,326,311,299,0,121,0,0,297,0
313,323,311,313,0,299,73,0,311,313,0,326,311,0,0,121,0,0,299,0
313,323,311,313,0,299,73,0,311,313,0,326,311,0,0,121,0,0,299,0
313,323,311,313,0,0,73,0,311,313,0,326,311,0,0,121,0,0,299,0
313,323,311,313,0,0,73,0,323,313,0,326,323,0,0,121,0,0,299,0
313,323,311,313,0,0,73,0,323,313,0,326,323,0,0,121,0,0,299,0
313,323,311,313,0,0,73,0,323,313,0,326,323,0,0,121,0,0,299,0
326,323,311,326,0,0,73,0,323,313,0,326,323,0,0,71,0,0,299,0
326,323,311,326,0,0,73,0,323,313,0,326,323,0,0,71,0,0,299,0
326,323,311,326,0,0,73,0,323,313,0,326,323,0,0,71,0,0,299,0
326,323,311,326,0,0,73,0,323,313,0,326,323,0,0,71,0,0,299,0
326,323,311,326,0,0,73,0,323,313,0,326,323,0,0,71,0,0,299,0
326,323,311,326,0,0,73,0,323,313,0,326,323,0,0,71,0,0,299,0
326,323,325,326,0,0,73,0,323,313,0,326,323,0,0,71,0,0,299,0
326,323,325,326,0,0,73,0,323,313,0,326,323,0,0,71,0,0,299,0
326,323,325,326,0,0,73,0,325,313,0,326,325,0,0,71,0,0,299,0
326,323,325,326,0,0,73,0,325,313,0,326,325,0,0,71,0,0,299,0
328,327,325,328,0,0,73,0,325,331,0,328,325,0,0,71,0,0,0,0
328,327,325,328,0,0,73,0,325,331,0,328,325,0,0,71,0,0,0,0
328,327,325,328,0,0,73,0,325,331,0,328,325,0,0,71,0,0,312,0
328,327,325,328,0,0,73,0,325,331,0,328,325,0,0,71,0,0,312,0
328,327,325,328,0,0,73,0,325,331,0,328,325,0,0,71,0,0,324,0
328,327,325,328,0,0,73,0,325,331,0,328,325,0,0,71,0,0,324,0
328,327,325,328,0,0,73,0,325,331,0,328,325,0,0,350,0,0,0,0
328,327,325,328,0,0,73,0,325,331,0,328,325,0,0,350,0,0,0,0
328,327,325,328,0,0,73,0,325,331,0,328,325,0,0,0,0,0,0,0
328,327,325,328,0,0,73,0,327,331,0,328,327,0,0,0,0,0,0,0
331,327,325,331,0,0,73,0,327,331,0,328,327,0,0,0,0,0,153,0
331,327,325,331,0,0,73,0,327,331,0,328,327,0,0,0,0,0,153,0
331,327,325,331,0,0,73,0,327,331,0,328,327,0,0,224,0,0,0,0
331,327,325,331,0,0,73,0,327,331,0,328,327,0,0,224,0,0,0,0
331,327,325,331,0,0,73,0,327,331,0,328,327,0,0,275,0,0,212,0
331,327,325,331,0,0,73,0,327,331,0,328,327,0,0,275,0,0,212,0
331,327,325,331,0,0,73,0,327,331,0,328,327,0,0,299,0,0,0,0
331,327,334,331,0,0,73,0,327,331,0,328,327,0,0,299,0,0,0,0
331,327,334,331,0,0,73,0,327,331,0,328,327,0,0,299,0,0,266,0
331,327,334,331,0,0,73,0,327,331,0,328,327,0,0,299,0,0,266,0
335,341,334,335,0,0,73,0,334,335,0,337,334,0,0,299,0,0,332,0
335,341,334,335,0,0,73,0,334,335,0,337,334,0,0,299,0,0,332,0
335,341,334,335,0,0,73,0,334,335,0,337,334,0,0,299,0,0,0,0
335,341,334,335,0,0,73,0,334,335,0,337,334,0,0,299,0,0,0,0
335,341,334,335,0,0,73,0,334,335,0,337,334,0,0,299,0,0,0,0
335,341,334,335,0,0,73,0,334,335,0,337,334,0,0,299,0,0,0,0
335,341,334,335,0,0,73,0,334,335,0,337,334,0,0,299,0,0,93,0
335,341,334,335,0,0,73,0,334,335,0,337,334,0,0,299,0,0,93,0
335,341,334,335,0,0,73,0,334,335,0,337,334,0,0,299,0,0,93,0
335,341,334,335,0,0,73,0,334,335,0,337,334,0,0,299,0,0,93,0
337,341,334,337,0,0,73,0,341,335,0,337,341,0,0,299,0,0,93,0
337,341,334,337,0,0,73,0,341,335,0,337,341,0,0,299,0,0,93,0
337,341,334,337,0,0,73,0,341,335,0,337,341,0,0,318,0,0,93,0
337,341,334,337,0,0,73,0,341,335,0,337,341,0,0,318,0,0,93,0
337,341,334,337,0,0,73,0,341,335,0,337,341,0,0,0,0,0,93,0
337,341,334,337,0,0,73,0,341,335,0,337,341,0,0,0,0,0,93,0
337,341,334,337,0,0,73,0,341,335,0,337,341,0,0,0,0,0,93,0
337,341,334,337,0,0,73,0,341,335,0,337,341,0,0,0,0,0,93,0
337,341,342,337,0,0,73,0,341,335,0,337,341,0,0,93,0,0,93,0
337,341,342,337,0,0,73,0,341,335,0,337,341,0,0,93,0,0,93,0
346,347,342,346,0,0,73,0,342,346,0,348,342,0,0,93,0,0,93,0
346,347,342,346,0,0,73,0,342,346,0,348,342,0,0,93,0,0,93,0
346,347,342,346,0,0,73,0,342,346,0,348,342,0,0,93,0,0,315,0
346,347,342,346,0,0,73,0,342,346,0,348,342,0,0,93,0,0,315,0
346,347,342,346,0,0,73,0,342,346,0,348,342,0,0,93,0,0,315,0
346,347,342,346,0,0,73,0,342,346,0,348,342,0,0,93,0,0,315,0
346,347,342,346,0,0,73,0,342,346,0,348,342,0,0,93,0,0,315,0
346,347,342,346,0,0,73,0,342,346,0,348,342,0,0,93,0,0,315,0
346,347,342,346,0,0,73,0,342,346,0,348,342,0,0,93,0,0,315,0
346,347,342,346,0,0,73,0,342,346,0,348,342,0,0,93,0,0,315,0
348,347,342,348,0,0,73,0,347,346,0,348,347,0,0,93,0,0,315,0
348,347,342,348,0,0,73,0,347,346,0,348,347,0,0,93,0,0,315,0
348,347,342,348,0,0,73,0,347,346,0,348,347,0,0,93,0,0,315,0
348,347,342,348,0,0,73,0,347,346,0,348,347,0,0,93,0,0,315,0
348,347,342,348,0,0,73,0,347,346,0,348,347,0,0,315,0,0,315,0
348,347,342,348,0,0,73,0,347,346,0,348,347,0,0,315,0,0,315,0
348,347,342,348,0,0,73,0,347,346,0,348,347,0,0,315,0,0,315,0
348,347,342,348,0,0,73,0,347,346,0,348,347,0,0,315,0,0,315,0
348,347,342,348,0,0,73,0,347,346,0,348,347,0,0,315,0,0,121,0
348,347,349,348,0,0,73,0,347,346,0,348,347,0,0,315,0,0,121,0
352,353,349,352,0,0,73,0,349,352,0,355,349,0,0,315,0,0,121,0
352,353,349,352,0,0,73,0,349,352,0,355,349,0,0,315,0,0,121,0
352,353,349,352,0,0,73,0,349,352,0,355,349,0,0,315,0,0,121,0
352,353,349,352,0,0,73,0,349,352,0,355,349,0,0,315,0,0,121,0
352,353,349,352,0,0,73,0,349,352,0,355,349,0,0,315,0,0,121,0
352,353,349,352,0,0,73,0,349,352,0,355,349,0,0,315,0,0,121,0
352,353,349,352,0,0,73,0,349,352,0,355,349,0,0,315,0,0,121,0
352,353,349,352,0,0,73,0,349,352,0,355,349,0,0,315,0,0,121,0
352,353,349,352,0,0,73,0,349,352,0,355,349,0,0,315,0,0,121,0
352,353,349,352,0,0,73,0,349,352,0,355,349,0,0,315,0,0,121,0
355,353,349,355,0,0,73,0,353,352,0,355,353,0,0,0,0,0,121,0
355,353,349,355,0,0,73,0,353,352,0,355,353,0,0,0,0,0,121,0
355,353,349,355,0,0,73,0,353,352,0,355,353,0,0,0,0,0,121,0
355,353,349,355,0,0,73,0,353,352,0,355,353,0,0,0,0,0,121,0
355,353,349,355,0,0,73,0,353,352,0,355,353,0,0,0,0,0,0,0
355,353,349,355,0,0,73,0,353,352,0,355,353,0,0,0,0,0,0,0
355,353,349,355,0,0,73,0,353,352,0,355,353,0,0,0,0,0,0,0
355,353,349,355,0,0,73,0,353,352,0,355,353,0,0,0,0,0,0,0
355,353,349,355,0,0,73,0,353,352,0,355,353,0,0,0,0,0,0,0
355,353,349,355,0,0,73,0,353,352,0,355,353,0,0,0,0,0,0,0