161,41,118,161,171,156,296,298,41,161,156,118,41,156,0,0,298,296,322,0
161,41,118,161,171,156,296,298,41,161,156,118,41,156,0,0,298,296,322,0
161,41,118,161,330,156,183,290,41,161,156,118,41,156,0,0,272,183,322,0
161,41,118,161,330,156,183,290,41,161,156,118,41,156,0,0,272,183,322,0
161,41,118,161,298,156,268,171,41,161,156,118,41,156,0,0,290,346,322,0
161,41,118,161,298,156,268,171,41,161,156,118,41,156,0,0,290,346,322,0
161,41,118,161,195,156,346,330,41,161,156,118,41,156,0,0,171,249,322,0
161,41,118,161,195,156,346,330,41,161,156,118,41,156,0,0,171,249,322,0
161,41,118,161,290,156,249,91,41,161,156,118,41,156,0,0,330,274,322,0
161,41,118,161,290,156,249,91,41,161,156,118,41,156,0,0,330,274,322,0
161,41,118,161,346,156,274,289,41,161,156,118,41,156,0,248,91,134,322,0
161,41,118,161,346,156,274,289,41,161,156,118,41,156,0,248,91,134,322,0
161,41,118,161,183,156,134,257,41,161,156,118,41,156,0,296,289,148,322,0
161,41,118,161,183,156,134,257,41,161,156,118,41,156,0,296,289,148,322,0
177,41,118,177,249,156,148,343,41,161,156,118,41,156,0,317,257,198,322,0
177,41,118,177,249,156,148,343,151,161,156,118,151,156,0,317,257,198,322,0
177,41,118,177,353,322,198,201,151,161,322,118,151,322,0,317,343,268,0,0
177,41,118,177,353,322,198,201,151,161,322,118,151,322,0,317,343,268,0,0
177,41,118,177,274,322,272,332,151,161,322,118,151,322,0,317,201,291,0,0
177,41,118,177,274,322,272,332,151,161,322,118,151,322,0,317,201,291,0,0
177,41,118,177,91,322,291,145,151,161,322,118,151,322,0,317,332,195,0,0
177,41,118,177,91,322,291,145,151,161,322,118,151,322,0,317,332,195,0,0
177,41,118,177,134,322,195,250,151,161,322,118,151,322,0,317,145,158,317,0
177,41,118,177,134,322,195,250,151,161,322,118,151,322,0,317,145,158,317,0
177,41,118,177,289,322,158,310,151,161,322,118,151,322,0,317,250,280,317,0
177,41,118,177,289,322,158,310,151,161,322,118,151,322,0,317,250,280,317,0
177,41,118,177,148,322,280,192,151,161,322,118,151,322,0,317,310,319,317,0
177,151,118,177,148,322,280,192,151,190,322,177,151,322,0,317,310,319,317,0
190,151,118,190,257,322,319,355,151,190,322,177,151,322,0,317,192,353,317,0
190,151,175,190,257,322,319,355,151,190,322,177,151,322,0,317,192,353,317,0
190,151,175,190,201,322,353,244,175,190,322,177,175,322,0,346,355,211,317,0
190,151,175,190,201,322,353,244,175,190,322,177,175,322,0,346,355,211,317,0
190,151,175,190,332,317,211,0,175,190,317,177,175,317,0,0,244,334,317,0
190,151,175,190,332,317,211,0,175,190,317,177,175,317,0,0,244,334,317,0
190,151,175,190,198,317,334,237,175,190,317,177,175,317,0,0,0,323,317,0
190,151,175,190,198,317,334,237,175,190,317,177,175,317,0,0,0,323,317,0
190,151,175,190,268,317,323,279,175,190,317,177,175,317,0,0,237,248,317,0
190,151,175,190,268,317,323,279,175,190,317,177,175,317,0,0,237,248,317,0
190,151,175,190,272,317,248,313,175,190,317,177,175,317,0,0,279,320,0,0
190,151,175,190,272,317,248,313,175,190,317,177,175,317,0,0,279,320,0,0
190,151,175,190,334,317,320,281,175,190,317,177,175,317,0,156,313,259,0,0
190,151,175,190,334,317,320,281,175,190,317,177,175,317,0,156,313,259,0,0
200,151,175,200,355,317,259,324,175,190,317,177,175,317,0,156,281,282,156,0
200,151,175,200,355,317,259,324,175,190,317,177,175,317,0,156,281,282,156,0
200,151,175,200,145,317,282,337,175,190,317,177,175,317,0,156,324,328,156,0
200,151,175,200,145,317,282,337,176,190,317,177,176,317,0,156,324,328,156,0
200,151,175,200,158,317,328,350,176,190,317,177,176,317,0,156,337,356,156,0
200,151,175,200,158,317,328,350,176,190,317,177,176,317,0,156,337,356,156,0
200,151,175,200,250,194,356,118,176,190,194,177,176,194,0,156,350,0,156,0
200,151,175,200,250,194,356,118,176,190,194,177,176,194,0,156,350,0,156,0
200,151,175,200,291,194,0,118,176,190,194,177,176,194,0,156,0,0,156,0
200,151,175,200,291,194,0,118,176,190,194,177,176,194,0,156,0,0,156,0
200,151,175,200,343,194,0,118,176,190,194,177,176,194,0,156,0,0,156,0
200,151,175,200,343,194,0,118,176,190,194,177,176,194,0,156,0,0,156,0
200,176,175,200,319,194,0,118,176,258,194,200,176,194,0,156,0,0,156,0
200,176,175,200,319,194,0,118,176,258,194,200,176,194,0,156,0,0,156,0
204,176,175,204,192,194,0,118,176,258,194,200,176,194,0,183,0,0,156,0
204,176,175,204,192,194,0,118,176,258,194,200,176,194,0,183,0,0,156,0
204,176,179,204,310,194,0,118,176,258,194,200,176,194,0,186,0,0,290,0
204,176,179,204,310,194,0,118,176,258,194,200,176,194,0,186,0,0,290,0
204,176,179,204,356,194,0,118,179,258,194,200,179,194,0,186,0,0,310,0
204,176,179,204,356,194,0,118,179,258,194,200,179,194,0,186,0,0,310,0
204,176,179,204,211,194,0,118,179,258,194,200,179,194,0,186,0,0,0,0
204,176,179,204,211,194,0,118,179,258,194,200,179,194,0,186,0,0,0,0
204,176,179,204,244,186,0,118,179,258,186,200,179,186,0,186,0,0,0,0
204,176,179,204,244,186,0,118,179,258,186,200,179,186,0,186,0,0,0,0
204,176,179,204,323,186,0,118,179,258,186,200,179,186,0,186,0,0,0,0
204,176,179,204,323,186,0,118,179,258,186,200,179,186,0,186,0,0,0,0
204,176,179,204,279,186,0,118,179,258,186,200,179,186,0,186,0,0,0,0
204,176,179,204,279,186,0,118,179,258,186,200,179,186,0,186,0,0,0,0
210,176,179,210,313,186,0,118,179,258,186,200,179,186,0,186,0,0,279,0
210,176,179,210,313,186,0,118,179,258,186,200,179,186,0,186,0,0,279,0
210,176,179,210,237,186,0,118,179,258,186,200,179,186,0,186,0,0,281,0
210,176,179,210,237,186,0,118,179,258,186,200,179,186,0,186,0,0,281,0
210,176,179,210,248,186,0,118,203,258,186,200,203,186,0,211,0,0,0,0
210,176,179,210,248,186,0,118,203,258,186,200,203,186,0,211,0,0,0,0
210,176,179,210,280,186,0,118,203,258,186,200,203,186,0,351,0,0,0,0
210,176,179,210,280,186,0,118,203,258,186,200,203,186,0,351,0,0,0,0
210,176,179,210,296,186,0,118,203,258,186,200,203,186,0,351,0,0,0,0
210,176,179,210,296,186,0,118,203,258,186,200,203,186,0,351,0,0,0,0
210,176,179,210,320,189,0,118,203,258,189,200,203,189,0,351,0,0,0,0
210,203,179,210,320,189,0,118,203,286,189,204,203,189,0,351,0,0,0,0
210,203,179,210,259,189,0,118,203,286,189,204,203,189,0,351,0,0,171,0
210,203,179,210,259,189,0,118,203,286,189,204,203,189,0,351,0,0,171,0
258,203,179,258,281,189,0,118,203,286,189,204,203,189,0,351,0,0,289,0
258,203,179,258,281,189,0,118,203,286,189,204,203,189,0,351,0,0,289,0
258,203,179,258,282,189,0,118,203,286,189,204,203,189,0,351,0,0,298,0
258,203,206,258,282,189,0,118,203,286,189,204,203,189,0,351,0,0,298,0
258,203,206,258,324,189,0,118,206,286,189,204,206,189,0,351,0,0,0,0
258,203,206,258,324,189,0,118,206,286,189,204,206,189,0,351,0,0,0,0
258,203,206,258,328,189,0,118,206,286,189,204,206,189,0,351,0,0,337,0
258,203,206,258,328,189,0,118,206,286,189,204,206,189,0,351,0,0,337,0
258,203,206,258,337,189,0,118,206,286,189,204,206,189,0,0,0,0,0,0
258,203,206,258,337,189,0,118,206,286,189,204,206,189,0,0,0,0,0,0
258,203,206,258,0,189,0,118,206,286,189,204,206,189,0,328,0,0,0,0
258,203,206,258,0,189,0,118,206,286,189,204,206,189,0,328,0,0,0,0
258,203,206,258,350,351,0,118,206,286,351,204,206,351,0,0,0,0,0,0
258,203,206,258,350,351,0,118,206,286,351,204,206,351,0,0,0,0,0,0
263,203,206,263,0,351,0,118,206,286,351,204,206,351,0,0,0,0,0,0
263,203,206,263,0,351,0,118,206,286,351,204,206,351,0,0,0,0,0,0
263,203,206,263,0,351,0,118,206,286,351,204,206,351,0,0,0,0,91,0
263,203,206,263,0,351,0,118,206,286,351,204,206,351,0,0,0,0,91,0
263,203,206,263,0,351,0,118,212,286,351,204,212,351,0,0,0,0,0,0
263,203,206,263,0,351,0,118,212,286,351,204,212,351,0,0,0,0,0,0
263,203,206,263,0,351,0,118,212,286,351,204,212,351,0,0,0,0,145,0
263,203,206,263,0,351,0,118,212,286,351,204,212,351,0,0,0,0,145,0
263,203,206,263,0,351,0,118,212,286,351,204,212,351,0,249,0,0,194,0
263,203,206,263,0,351,0,118,212,286,351,204,212,351,0,249,0,0,194,0
263,216,206,263,0,351,0,118,212,287,351,210,212,351,0,0,0,0,194,0
263,216,206,263,0,351,0,118,212,287,351,210,212,351,0,0,0,0,194,0
263,216,206,263,0,351,0,118,212,287,351,210,212,351,0,0,0,0,194,0
263,216,206,263,0,351,0,118,212,287,351,210,212,351,0,0,0,0,194,0
286,216,206,286,0,357,0,118,212,287,357,210,212,357,0,0,0,0,194,0
286,216,206,286,0,357,0,118,212,287,357,210,212,357,0,0,0,0,194,0
286,216,206,286,0,357,0,118,212,287,357,210,212,357,0,0,0,0,194,0
286,216,206,286,0,357,0,118,212,287,357,210,212,357,0,0,0,0,194,0
286,216,212,286,0,357,0,118,216,287,357,210,216,357,0,0,0,0,194,0
286,216,212,286,0,357,0,118,216,287,357,210,216,357,0,0,0,0,194,0
286,216,212,286,0,357,0,118,216,287,357,210,216,357,0,148,0,0,194,0
286,216,212,286,0,357,0,118,216,287,357,210,216,357,0,148,0,0,194,0
286,216,212,286,0,357,0,118,216,287,357,210,216,357,0,0,0,0,194,0
286,216,212,286,0,357,0,118,216,287,357,210,216,357,0,0,0,0,194,0
286,216,212,286,0,357,0,118,216,287,357,210,216,357,0,215,0,0,0,0
286,216,212,286,0,357,0,118,216,287,357,210,216,357,0,215,0,0,0,0
286,216,212,286,0,357,0,118,216,287,357,210,216,357,0,215,0,0,0,0
286,216,212,286,0,357,0,118,216,287,357,210,216,357,0,215,0,0,0,0
287,216,212,287,0,357,0,118,216,287,357,210,216,357,0,215,0,0,0,0
287,216,212,287,0,357,0,118,216,287,357,210,216,357,0,215,0,0,0,0
287,216,212,287,0,135,0,118,216,287,135,210,216,135,0,215,0,0,0,0
287,216,212,287,0,135,0,118,216,287,135,210,216,135,0,215,0,0,0,0
287,216,212,287,0,135,0,118,222,287,135,210,222,135,0,215,0,0,192,0
287,216,212,287,0,135,0,118,222,287,135,210,222,135,0,215,0,0,192,0
287,216,212,287,0,135,0,118,222,287,135,210,222,135,0,215,0,0,350,0
287,216,212,287,0,135,0,118,222,287,135,210,222,135,0,215,0,0,350,0
287,222,212,287,0,135,0,118,222,299,135,263,222,135,0,215,0,0,0,0
287,222,212,287,0,135,0,118,222,299,135,263,222,135,0,215,0,0,0,0
287,222,212,287,0,135,0,118,222,299,135,263,222,135,0,215,0,0,0,0
287,222,212,287,0,135,0,118,222,299,135,263,222,135,0,215,0,0,0,0
287,222,212,287,0,135,0,118,222,299,135,263,222,135,0,0,0,0,0,0
287,222,212,287,0,135,0,118,222,299,135,263,222,135,0,0,0,0,0,0
292,222,212,292,0,135,0,118,222,299,135,263,222,135,0,274,0,0,0,0
292,222,212,292,0,135,0,118,222,299,135,263,222,135,0,274,0,0,0,0
292,222,212,292,0,135,0,118,222,299,135,263,222,135,0,0,0,0,0,0
292,222,212,292,0,135,0,118,222,299,135,263,222,135,0,0,0,0,0,0
292,222,224,292,0,0,0,118,224,299,0,263,224,0,0,0,0,0,0,0
292,222,224,292,0,0,0,118,224,299,0,263,224,0,0,0,0,0,0,0
292,222,224,292,0,0,0,118,224,299,0,263,224,0,0,0,0,0,0,0
292,222,224,292,0,0,0,118,224,299,0,263,224,0,0,0,0,0,0,0
292,222,224,292,0,0,0,118,224,299,0,263,224,0,0,0,0,0,201,0
292,222,224,292,0,0,0,118,224,299,0,263,224,0,0,0,0,0,201,0
292,222,224,292,0,0,0,118,224,299,0,263,224,0,0,0,0,0,324,0
292,222,224,292,0,0,0,118,224,299,0,263,224,0,0,0,0,0,324,0
292,222,224,292,0,0,0,118,224,299,0,263,224,0,0,134,0,0,330,0
292,222,224,292,0,0,0,118,224,299,0,263,224,0,0,134,0,0,330,0
299,222,224,299,0,0,0,118,224,299,0,263,224,0,0,135,0,0,332,0
299,222,224,299,0,0,0,118,224,299,0,263,224,0,0,135,0,0,332,0
299,222,224,299,0,0,0,118,224,299,0,263,224,0,0,135,0,0,0,0
299,222,224,299,0,0,0,118,224,299,0,263,224,0,0,135,0,0,0,0
299,222,224,299,0,0,0,118,267,299,0,263,267,0,0,135,0,0,0,0
299,222,224,299,0,0,0,118,267,299,0,263,267,0,0,135,0,0,0,0
299,267,224,299,0,283,0,118,267,302,283,292,267,283,0,135,0,0,0,0
299,267,224,299,0,283,0,118,267,302,283,292,267,283,0,135,0,0,0,0
299,267,224,299,0,283,0,118,267,302,283,292,267,283,0,135,0,0,0,0
299,267,224,299,0,283,0,118,267,302,283,292,267,283,0,135,0,0,0,0
299,267,224,299,0,283,0,118,267,302,283,292,267,283,0,135,0,0,0,0
299,267,224,299,0,283,0,118,267,302,283,292,267,283,0,135,0,0,0,0
299,267,224,299,0,283,0,118,267,302,283,292,267,283,0,135,0,0,313,0
299,267,224,299,0,283,0,118,267,302,283,292,267,283,0,135,0,0,313,0
300,267,224,300,0,283,0,118,267,302,283,292,267,283,0,135,0,0,0,0
300,267,224,300,0,283,0,118,267,302,283,292,267,283,0,135,0,0,0,0
300,267,224,300,0,283,0,118,267,302,283,292,267,283,0,195,0,0,0,0
300,267,224,300,0,283,0,118,267,302,283,292,267,283,0,195,0,0,0,0
300,267,297,300,0,283,0,118,288,302,283,292,288,283,0,0,0,0,0,0
300,267,297,300,0,283,0,118,288,302,283,292,288,283,0,0,0,0,0,0
300,267,297,300,0,283,0,118,288,302,283,292,288,283,0,198,0,0,0,0
300,267,297,300,0,283,0,118,288,302,283,292,288,283,0,198,0,0,0,0
300,267,297,300,0,246,0,118,288,302,246,292,288,246,0,353,0,0,135,0
300,267,297,300,0,246,0,118,288,302,246,292,288,246,0,353,0,0,135,0
300,267,297,300,0,246,0,118,288,302,246,292,288,246,0,0,0,0,135,0
300,267,297,300,0,246,0,118,288,302,246,292,288,246,0,0,0,0,135,0
300,267,297,300,0,246,0,118,288,302,246,292,288,246,0,0,0,0,135,0
300,267,297,300,0,246,0,118,288,302,246,292,288,246,0,0,0,0,135,0
302,267,297,302,0,246,0,118,288,302,246,292,288,246,0,0,0,0,135,0
302,267,297,302,0,246,0,118,288,302,246,292,288,246,0,0,0,0,135,0
302,267,297,302,0,246,0,118,288,302,246,292,288,246,0,0,0,0,135,0
302,267,297,302,0,246,0,118,288,302,246,292,288,246,0,0,0,0,135,0
302,288,297,302,0,246,0,118,295,309,246,300,295,246,0,0,0,0,135,0
302,288,297,302,0,246,0,118,295,309,246,300,295,246,0,0,0,0,135,0
302,288,297,302,0,246,0,118,295,309,246,300,295,246,0,0,0,0,135,0
302,288,297,302,0,246,0,118,295,309,246,300,295,246,0,0,0,0,135,0
302,288,297,302,0,246,0,118,295,309,246,300,295,246,0,0,0,0,135,0
302,288,297,302,0,246,0,118,295,309,246,300,295,246,0,0,0,0,135,0
302,288,297,302,0,0,0,118,295,309,0,300,295,0,0,319,0,0,257,0
302,288,297,302,0,0,0,118,295,309,0,300,295,0,0,319,0,0,257,0
302,288,297,302,0,0,0,118,295,309,0,300,295,0,0,320,0,0,283,0
302,288,297,302,0,0,0,118,295,309,0,300,295,0,0,320,0,0,283,0
309,288,297,309,0,0,0,118,295,309,0,300,295,0,0,323,0,0,283,0
309,288,297,309,0,0,0,118,295,309,0,300,295,0,0,323,0,0,283,0
309,288,297,309,0,0,0,118,295,309,0,300,295,0,0,334,0,0,283,0
309,288,297,309,0,0,0,118,295,309,0,300,295,0,0,334,0,0,283,0
309,288,311,309,0,0,0,118,297,309,0,300,297,0,0,0,0,0,283,0
309,288,311,309,0,0,0,118,297,309,0,300,297,0,0,0,0,0,283,0
309,288,311,309,0,0,0,118,297,309,0,300,297,0,0,0,0,0,283,0
309,288,311,309,0,0,0,118,297,309,0,300,297,0,0,0,0,0,283,0
309,288,311,309,0,0,0,118,297,309,0,300,297,0,0,0,0,0,283,0
309,288,311,309,0,0,0,118,297,309,0,300,297,0,0,0,0,0,283,0
309,288,311,309,0,0,0,118,297,309,0,300,297,0,0,0,0,0,283,0
309,288,311,309,0,0,0,118,297,309,0,300,297,0,0,0,0,0,283,0
309,288,311,309,0,215,0,118,297,309,215,300,297,215,0,0,0,0,283,0
309,288,311,309,0,215,0,118,297,309,215,300,297,215,0,0,0,0,283,0
316,288,311,316,0,215,0,118,297,309,215,300,297,215,0,189,0,0,351,0
316,288,311,316,0,215,0,118,297,309,215,300,297,215,0,189,0,0,351,0
316,295,311,316,0,215,0,118,297,316,215,327,297,215,0,189,0,0,351,0
316,295,311,316,0,215,0,118,297,316,215,327,297,215,0,189,0,0,351,0
316,295,311,316,0,215,0,118,301,316,215,327,301,215,0,189,0,0,351,0
316,295,311,316,0,215,0,118,301,316,215,327,301,215,0,189,0,0,351,0
316,295,311,316,0,215,0,118,301,316,215,327,301,215,0,189,0,0,351,0
316,295,311,316,0,215,0,118,301,316,215,327,301,215,0,189,0,0,351,0
316,295,311,316,0,215,0,118,301,316,215,327,301,215,0,189,0,0,351,0
316,295,311,316,0,215,0,118,301,316,215,327,301,215,0,189,0,0,351,0
316,295,311,316,0,215,0,118,301,316,215,327,301,215,0,189,0,0,351,0
316,295,311,316,0,215,0,118,301,316,215,327,301,215,0,189,0,0,351,0
316,295,311,316,0,215,0,118,301,316,215,327,301,215,0,189,0,0,351,0
316,295,311,316,0,215,0,118,301,316,215,327,301,215,0,189,0,0,351,0
325,295,311,325,0,0,0,118,301,316,0,327,301,0,0,189,0,0,351,0
325,295,311,325,0,0,0,118,301,316,0,327,301,0,0,189,0,0,351,0
325,295,311,325,0,0,0,118,301,316,0,327,301,0,0,158,0,0,0,0
325,295,311,325,0,0,0,118,301,316,0,327,301,0,0,158,0,0,0,0
325,295,318,325,0,0,0,118,311,316,0,327,311,0,0,246,0,0,0,0
325,295,318,325,0,0,0,118,311,316,0,327,311,0,0,246,0,0,0,0
325,295,318,325,0,0,0,118,311,316,0,327,311,0,0,246,0,0,0,0
325,295,318,325,0,0,0,118,311,316,0,327,311,0,0,246,0,0,0,0
325,295,318,325,0,0,0,118,311,316,0,327,311,0,0,246,0,0,272,0
325,295,318,325,0,0,0,118,311,316,0,327,311,0,0,246,0,0,272,0
325,295,318,325,0,0,0,118,311,316,0,327,311,0,0,246,0,0,343,0
325,295,318,325,0,0,0,118,311,316,0,327,311,0,0,246,0,0,343,0
325,295,318,325,0,0,0,118,311,316,0,327,311,0,0,246,0,0,0,0
325,295,318,325,0,0,0,118,311,316,0,327,311,0,0,246,0,0,0,0
327,301,318,327,0,0,0,118,311,325,0,333,311,0,0,246,0,0,0,0
327,301,318,327,0,0,0,118,311,325,0,333,311,0,0,246,0,0,0,0
327,301,318,327,0,0,0,118,311,325,0,333,311,0,0,246,0,0,0,0
327,301,318,327,0,0,0,118,311,325,0,333,311,0,0,246,0,0,0,0
327,301,318,327,0,0,0,118,314,325,0,333,314,0,0,246,0,0,0,0
327,301,318,327,0,0,0,118,314,325,0,333,314,0,0,246,0,0,0,0
327,301,318,327,0,0,0,118,314,325,0,333,314,0,0,0,0,0,244,0
327,301,318,327,0,0,0,118,314,325,0,333,314,0,0,0,0,0,244,0
327,301,318,327,0,0,0,118,314,325,0,333,314,0,0,268,0,0,355,0
327,301,318,327,0,0,0,118,314,325,0,333,314,0,0,268,0,0,355,0
327,301,318,327,0,0,0,118,314,325,0,333,314,0,0,291,0,0,357,0
327,301,318,327,0,0,0,118,314,325,0,333,314,0,0,291,0,0,357,0
327,301,318,327,0,0,0,118,314,325,0,333,314,0,0,0,0,0,357,0
333,301,318,333,0,0,0,118,314,325,0,333,314,0,0,0,0,0,357,0
333,301,318,333,0,0,0,118,314,325,0,333,314,0,0,0,0,0,357,0
333,301,318,333,0,0,0,118,314,325,0,333,314,0,0,0,0,0,357,0
333,301,318,333,0,0,0,118,314,325,0,333,314,0,0,0,0,0,357,0
333,301,318,333,0,0,0,118,314,325,0,333,314,0,0,0,0,0,357,0
333,301,326,333,0,0,0,118,318,325,0,333,318,0,0,0,0,0,357,0
333,301,326,333,0,0,0,118,318,325,0,333,318,0,0,0,0,0,357,0
333,301,326,333,0,0,0,118,318,325,0,333,318,0,0,0,0,0,357,0
333,301,326,333,0,0,0,118,318,325,0,333,318,0,0,0,0,0,357,0
333,301,326,333,0,0,0,118,318,325,0,333,318,0,0,0,0,0,357,0
333,301,326,333,0,0,0,118,318,325,0,333,318,0,0,0,0,0,357,0
333,301,326,333,0,0,0,118,318,325,0,333,318,0,0,280,0,0,357,0
333,301,326,333,0,0,0,118,318,325,0,333,318,0,0,280,0,0,357,0
335,314,326,335,0,0,0,118,318,335,0,340,318,0,0,356,0,0,0,0
335,314,326,335,0,0,0,118,318,335,0,340,318,0,0,356,0,0,0,0
335,314,326,335,0,0,0,118,318,335,0,340,318,0,0,357,0,0,0,0
335,314,326,335,0,0,0,118,318,335,0,340,318,0,0,357,0,0,0,0
335,314,326,335,0,0,0,118,318,335,0,340,318,0,0,357,0,0,0,0
335,314,326,335,0,0,0,118,318,335,0,340,318,0,0,357,0,0,0,0
335,314,326,335,0,0,0,118,326,335,0,340,326,0,0,357,0,0,0,0
335,314,326,335,0,0,0,118,326,335,0,340,326,0,0,357,0,0,0,0
335,314,326,335,0,0,0,118,326,335,0,340,326,0,0,357,0,0,186,0
335,314,326,335,0,0,0,118,326,335,0,340,326,0,0,357,0,0,186,0
335,314,326,335,0,0,0,118,326,335,0,340,326,0,0,357,0,0,186,0
335,314,326,335,0,0,0,118,326,335,0,340,326,0,0,357,0,0,186,0
335,314,326,335,0,0,0,118,326,335,0,340,326,0,0,357,0,0,186,0
340,314,326,340,0,0,0,118,326,335,0,340,326,0,0,357,0,0,186,0
340,314,326,340,0,0,0,118,326,335,0,340,326,0,0,357,0,0,186,0
340,314,326,340,0,0,0,118,326,335,0,340,326,0,0,357,0,0,186,0
340,314,326,340,0,0,0,118,326,335,0,340,326,0,0,357,0,0,186,0
340,314,326,340,0,0,0,118,326,335,0,340,326,0,0,357,0,0,186,0
340,314,326,340,0,0,0,118,326,335,0,340,326,0,0,0,0,0,186,0
340,314,326,340,0,0,0,118,326,335,0,340,326,0,0,0,0,0,186,0
340,314,329,340,0,0,0,118,329,335,0,340,329,0,0,0,0,0,186,0
340,314,329,340,0,0,0,118,329,335,0,340,329,0,0,0,0,0,186,0
340,314,329,340,0,0,0,118,329,335,0,340,329,0,0,0,0,0,186,0
340,314,329,340,0,0,0,118,329,335,0,340,329,0,0,0,0,0,186,0
340,314,329,340,0,0,0,118,329,335,0,340,329,0,0,0,0,0,215,0
340,314,329,340,0,0,0,118,329,335,0,340,329,0,0,0,0,0,215,0
344,336,329,344,0,0,0,118,329,344,0,345,329,0,0,0,0,0,215,0
344,336,329,344,0,0,0,118,329,344,0,345,329,0,0,0,0,0,215,0
344,336,329,344,0,0,0,118,329,344,0,345,329,0,0,194,0,0,215,0
344,336,329,344,0,0,0,118,329,344,0,345,329,0,0,194,0,0,215,0
344,336,329,344,0,0,0,118,329,344,0,345,329,0,0,194,0,0,215,0
344,336,329,344,0,0,0,118,329,344,0,345,329,0,0,194,0,0,215,0
344,336,329,344,0,0,0,118,329,344,0,345,329,0,0,194,0,0,215,0
344,336,329,344,0,0,0,118,329,344,0,345,329,0,0,194,0,0,215,0
344,336,329,344,0,0,0,118,336,344,0,345,336,0,0,194,0,0,215,0
344,336,329,344,0,0,0,118,336,344,0,345,336,0,0,194,0,0,215,0
344,336,329,344,0,0,0,118,336,344,0,345,336,0,0,194,0,0,215,0
344,336,329,344,0,0,0,118,336,344,0,345,336,0,0,194,0,0,215,0
344,336,329,344,0,0,0,118,336,344,0,345,336,0,0,194,0,0,215,0
345,336,329,345,0,0,0,118,336,344,0,345,336,0,0,194,0,0,215,0
345,336,329,345,0,0,0,118,336,344,0,345,336,0,0,194,0,0,0,0
345,336,329,345,0,0,0,118,336,344,0,345,336,0,0,194,0,0,0,0
345,336,329,345,0,0,0,118,336,344,0,345,336,0,0,194,0,0,237,0
345,336,329,345,0,0,0,118,336,344,0,345,336,0,0,194,0,0,237,0
345,336,329,345,0,0,0,118,336,344,0,345,336,0,0,0,0,0,250,0
345,336,329,345,0,0,0,118,336,344,0,345,336,0,0,0,0,0,250,0
345,336,329,345,0,0,0,118,336,344,0,345,336,0,0,0,0,0,0,0
345,336,329,345,0,0,0,118,336,344,0,345,336,0,0,0,0,0,0,0
345,336,341,345,0,0,0,118,341,344,0,345,341,0,0,259,0,0,0,0
345,336,341,345,0,0,0,118,341,344,0,345,341,0,0,259,0,0,0,0
345,336,341,345,0,0,0,118,341,344,0,345,341,0,0,282,0,0,0,0
345,336,341,345,0,0,0,118,341,344,0,345,341,0,0,282,0,0,0,0
347,348,341,347,0,0,0,118,341,347,0,349,341,0,0,283,0,0,0,0
347,348,341,347,0,0,0,118,341,347,0,349,341,0,0,283,0,0,0,0
347,348,341,347,0,0,0,118,341,347,0,349,341,0,0,283,0,0,0,0
347,348,341,347,0,0,0,118,341,347,0,349,341,0,0,283,0,0,0,0
347,348,341,347,0,0,0,118,341,347,0,349,341,0,0,283,0,0,189,0
347,348,341,347,0,0,0,118,341,347,0,349,341,0,0,283,0,0,189,0
347,348,341,347,0,0,0,118,341,347,0,349,341,0,0,283,0,0,189,0
347,348,341,347,0,0,0,118,341,347,0,349,341,0,0,283,0,0,189,0
347,348,341,347,0,0,0,118,341,347,0,349,341,0,0,283,0,0,189,0
347,348,341,347,0,0,0,118,341,347,0,349,341,0,0,283,0,0,189,0
347,348,341,347,0,0,0,118,348,347,0,349,348,0,0,283,0,0,189,0
347,348,341,347,0,0,0,118,348,347,0,349,348,0,0,283,0,0,189,0
347,348,341,347,0,0,0,118,348,347,0,349,348,0,0,283,0,0,189,0
349,348,341,349,0,0,0,118,348,347,0,349,348,0,0,283,0,0,189,0
349,348,341,349,0,0,0,118,348,347,0,349,348,0,0,283,0,0,189,0
349,348,341,349,0,0,0,118,348,347,0,349,348,0,0,283,0,0,189,0
349,348,341,349,0,0,0,118,348,347,0,349,348,0,0,0,0,0,189,0
349,348,341,349,0,0,0,118,348,347,0,349,348,0,0,0,0,0,189,0
349,348,341,349,0,0,0,118,348,347,0,349,348,0,0,0,0,0,189,0
349,348,341,349,0,0,0,118,348,347,0,349,348,0,0,0,0,0,189,0
349,348,341,349,0,0,0,118,348,347,0,349,348,0,0,0,0,0,246,0
349,348,341,349,0,0,0,118,348,347,0,349,348,0,0,0,0,0,246,0
349,348,341,349,0,0,0,118,348,347,0,349,348,0,0,322,0,0,246,0
349,348,341,349,0,0,0,118,348,347,0,349,348,0,0,322,0,0,246,0
349,348,352,349,0,0,0,118,352,347,0,349,352,0,0,322,0,0,246,0
349,348,352,349,0,0,0,118,352,347,0,349,352,0,0,322,0,0,246,0
358,354,352,358,0,0,0,118,352,358,0,359,352,0,0,322,0,0,246,0
358,354,352,358,0,0,0,118,352,358,0,359,352,0,0,322,0,0,246,0
358,354,352,358,0,0,0,118,352,358,0,359,352,0,0,322,0,0,246,0
358,354,352,358,0,0,0,118,352,358,0,359,352,0,0,322,0,0,246,0
358,354,352,358,0,0,0,118,352,358,0,359,352,0,0,322,0,0,246,0
358,354,352,358,0,0,0,118,352,358,0,359,352,0,0,322,0,0,246,0
358,354,352,358,0,0,0,118,352,358,0,359,352,0,0,322,0,0,246,0
358,354,352,358,0,0,0,118,352,358,0,359,352,0,0,322,0,0,246,0
358,354,352,358,0,0,0,118,352,358,0,359,352,0,0,322,0,0,246,0
358,354,352,358,0,0,0,118,352,358,0,359,352,0,0,322,0,0,246,0
358,354,352,358,0,0,0,118,352,358,0,359,352,0,0,322,0,0,0,0
358,354,352,358,0,0,0,118,352,358,0,359,352,0,0,322,0,0,0,0
358,354,352,358,0,0,0,118,354,358,0,359,354,0,0,0,0,0,0,0
359,354,352,359,0,0,0,118,354,358,0,359,354,0,0,0,0,0,0,0
359,354,352,359,0,0,0,118,354,358,0,359,354,0,0,0,0,0,0,0
359,354,352,359,0,0,0,118,354,358,0,359,354,0,0,0,0,0,0,0
359,354,352,359,0,0,0,118,354,358,0,359,354,0,0,0,0,0,0,0
359,354,352,359,0,0,0,118,354,358,0,359,354,0,0,0,0,0,0,0
359,354,352,359,0,0,0,118,354,358,0,359,354,0,0,0,0,0,0,0
359,354,352,359,0,0,0,118,354,358,0,359,354,0,0,0,0,0,0,0
359,354,352,359,0,0,0,118,354,358,0,359,354,0,0,0,0,0,0,0
359,354,352,359,0,0,0,118,354,358,0,359,354,0,0,0,0,0,0,0
359,354,352,359,0,0,0,118,354,358,0,359,354,0,0,0,0,0,0,0
359,354,352,359,0,0,0,118,354,358,0,359,354,0,0,0,0,0,0,0
359,354,352,359,0,0,0,118,354,358,0,359,354,0,0,0,0,0,0,0
359,354,352,359,0,0,0,118,354,358,0,359,354,0,0,0,0,0,0,0