58,25,511,58,82,0,365,95,531,579,0,348,0,0,375,49,0,0,0,520
58,25,511,58,82,0,365,95,531,579,0,348,0,0,375,49,0,0,0,520
58,25,511,58,587,0,438,547,531,118,137,401,0,29,0,49,0,374,0,520
58,25,511,58,587,0,438,547,531,118,137,401,0,29,0,49,0,374,0,520
89,25,511,89,388,29,522,547,373,572,137,536,388,537,415,49,118,388,29,520
89,25,511,89,388,29,522,547,373,572,137,536,388,537,415,49,118,388,29,520
89,25,511,89,239,346,0,82,374,572,137,537,0,537,438,49,538,391,0,520
89,25,511,89,239,346,0,82,374,572,137,537,0,537,438,49,538,391,0,520
134,25,511,134,553,346,262,545,375,396,137,537,0,537,0,49,538,475,553,520
134,25,511,134,553,346,262,545,375,396,137,537,0,537,0,49,538,475,553,520
134,25,511,134,496,346,388,573,565,555,137,537,0,537,0,49,538,0,584,520
134,25,511,134,496,346,388,573,565,555,137,537,0,537,0,49,538,0,584,520
136,25,511,136,292,346,0,29,571,229,137,537,0,537,0,49,538,0,0,520
136,25,511,136,292,346,0,29,571,229,137,537,0,537,0,49,538,0,0,520
136,25,511,136,540,346,212,186,571,229,137,537,0,537,0,49,538,0,0,520
136,25,511,136,540,346,212,186,571,229,137,537,0,537,0,49,538,0,0,520
165,25,511,165,147,346,216,41,234,229,137,537,330,537,346,447,538,0,239,0
165,25,511,165,147,346,216,41,234,229,137,537,330,537,346,447,538,0,239,0
165,25,511,165,95,346,0,41,244,49,450,537,532,537,346,450,538,0,0,0
165,25,511,165,95,346,0,41,244,49,450,537,532,537,346,450,538,0,0,0
178,25,511,178,516,346,46,41,576,49,454,537,532,465,346,451,538,82,0,118
178,25,511,178,516,346,46,41,576,49,454,537,532,465,346,451,538,82,0,118
178,25,511,178,325,498,46,41,576,49,473,0,532,465,346,454,0,41,373,324
178,25,511,178,325,498,46,41,576,49,473,0,532,465,346,454,0,41,373,324
179,25,511,179,244,500,46,41,401,49,477,0,532,465,346,470,41,41,375,324
179,25,511,179,244,500,46,41,401,49,477,0,532,465,346,470,41,41,375,324
179,25,511,179,554,502,46,41,531,49,497,0,532,465,346,483,41,41,393,324
179,25,511,179,554,502,46,41,531,49,497,0,532,465,346,483,41,41,393,324
203,25,511,203,118,505,46,41,411,49,522,0,532,465,346,567,41,41,0,324
203,25,511,203,118,505,46,41,411,49,522,0,532,465,346,567,41,41,0,324
203,25,511,203,472,517,46,41,431,49,588,0,532,465,346,0,41,41,396,324
203,25,511,203,472,517,46,41,431,49,588,0,532,465,346,0,41,41,396,324
206,25,511,206,562,514,46,574,436,49,0,41,532,465,41,0,41,41,411,324
206,25,511,206,562,514,46,574,436,49,0,41,532,465,41,0,41,41,411,324
206,25,511,206,436,514,46,481,441,583,0,41,46,465,41,0,41,41,25,324
206,25,511,206,436,514,46,481,441,583,0,41,46,465,41,0,41,41,25,324
225,25,511,225,567,514,314,482,459,193,147,41,46,0,41,0,41,41,25,324
225,25,511,225,567,514,314,482,459,193,147,41,46,0,41,0,41,41,25,324
225,25,511,225,263,514,314,483,470,221,0,41,46,186,41,350,41,502,46,262
225,25,511,225,263,514,314,483,470,221,0,41,46,186,41,350,41,502,46,262
228,25,511,228,296,514,314,484,475,398,296,41,46,216,41,493,358,506,46,0
228,229,511,228,296,514,314,484,475,398,296,41,46,216,41,493,358,506,46,0
228,229,511,228,212,61,314,493,568,558,0,41,46,0,41,0,358,516,46,0
228,229,511,228,212,61,314,493,568,558,0,41,46,0,41,0,358,516,46,0
245,229,511,245,506,61,314,502,577,236,0,41,46,0,41,0,358,0,46,0
245,229,511,245,506,61,314,502,577,236,0,41,46,0,41,0,358,0,46,0
245,229,511,245,473,61,314,552,577,236,498,41,46,0,41,0,358,0,46,82
245,229,511,245,473,61,314,552,577,236,498,41,46,0,41,0,358,0,46,82
252,229,511,252,270,61,314,580,317,236,500,46,46,46,324,0,358,0,46,536
252,229,511,252,270,61,314,580,317,236,500,46,46,46,324,0,358,0,46,536
252,229,511,252,438,61,314,71,327,79,502,46,49,46,324,71,358,0,46,538
252,229,511,252,438,61,314,71,327,79,502,46,49,46,324,71,358,0,46,538
254,229,511,254,411,61,78,71,497,79,505,46,49,46,324,71,358,0,46,538
254,229,511,254,411,61,78,71,497,79,505,46,49,46,324,71,358,0,46,538
254,229,511,254,558,61,78,71,530,79,506,46,49,46,324,71,358,49,498,538
254,229,511,254,558,61,78,71,530,79,506,46,49,46,324,71,358,49,498,538
261,229,511,261,186,61,78,71,532,79,517,46,49,46,324,71,537,49,500,538
261,229,511,261,186,61,78,71,532,79,517,46,49,46,324,71,537,49,500,538
261,229,511,261,560,172,78,71,532,79,526,46,49,46,324,71,537,49,505,538
261,229,511,261,560,172,78,71,532,79,526,46,49,46,324,71,537,49,505,538
267,229,511,267,193,172,78,71,532,79,0,46,49,46,324,71,537,49,516,538
267,229,511,267,193,172,78,71,532,79,0,46,49,46,324,71,537,49,516,538
267,229,511,267,274,172,78,71,532,79,0,46,49,46,324,71,537,49,522,538
267,229,511,267,274,172,78,71,532,79,0,46,49,46,324,71,537,49,522,538
271,229,511,271,216,172,78,71,532,79,0,575,49,520,401,71,537,49,586,538
271,229,511,271,216,172,78,71,532,79,0,575,49,520,401,71,537,49,586,538
271,229,511,271,441,172,78,0,532,309,49,575,0,520,0,314,537,49,25,481
271,229,511,271,441,172,78,0,532,309,49,575,0,520,0,314,537,49,25,481
275,229,511,275,221,172,584,147,532,566,49,575,357,520,420,314,537,49,25,482
275,229,511,275,221,172,584,147,532,566,49,575,357,520,420,314,537,49,25,482
275,229,511,275,430,172,0,0,532,357,49,575,0,520,0,314,537,0,455,483
275,229,511,275,430,172,0,0,532,357,49,575,0,520,0,314,537,0,455,483
276,229,511,276,234,172,415,325,578,505,49,575,0,520,0,314,0,244,455,484
276,229,511,276,234,172,415,325,578,505,49,575,0,520,0,314,0,244,455,484
276,229,511,276,526,520,420,0,578,536,49,575,0,520,0,314,0,0,455,0
276,229,511,276,526,520,420,0,578,536,49,575,0,520,0,314,0,0,455,0
288,229,511,288,327,520,430,353,442,588,49,575,0,520,0,314,212,0,455,491
288,229,511,288,327,520,430,353,442,588,49,575,0,520,0,314,212,0,455,491
288,229,511,288,584,520,435,554,462,267,49,575,0,520,0,314,308,262,455,493
288,229,511,288,584,520,435,554,462,267,49,575,0,520,0,314,308,262,455,493
298,229,511,298,262,520,567,539,472,267,49,337,0,0,61,314,520,0,455,0
298,229,511,298,262,520,567,539,472,267,49,337,0,0,61,314,520,0,455,0
298,236,511,298,303,520,0,102,500,267,0,0,61,0,61,481,520,0,455,0
298,236,511,298,303,520,0,102,500,267,0,0,61,0,61,481,520,0,455,0
301,236,511,301,420,520,137,102,587,191,292,0,61,0,61,482,520,0,455,0
301,236,511,301,420,520,137,102,587,191,292,0,61,0,61,482,520,0,455,0
301,236,511,301,308,520,137,102,581,191,0,0,61,212,61,484,520,61,495,0
301,236,511,301,308,520,137,102,581,191,0,0,61,212,61,484,520,61,495,0
305,236,511,305,309,520,137,102,581,191,0,0,61,515,61,495,520,61,497,447
305,236,511,305,309,520,137,102,581,191,0,0,61,515,61,495,520,61,497,447
305,236,511,305,310,470,137,102,379,191,309,0,61,515,61,0,520,61,507,456
305,236,511,305,310,470,137,102,379,191,309,0,61,515,61,0,520,61,507,456
307,236,512,307,522,482,137,102,393,191,0,0,61,515,61,0,520,61,517,459
307,236,512,307,522,482,137,102,393,191,0,0,61,515,61,0,520,61,517,459
307,236,512,307,315,493,137,102,0,191,379,0,61,515,61,0,520,61,526,468
307,236,512,307,315,493,137,102,0,191,379,0,61,515,61,0,520,61,526,468
311,236,512,311,317,0,137,102,400,191,0,71,61,515,78,0,0,61,588,0
311,236,512,311,317,0,137,102,400,191,0,71,61,515,78,0,0,61,588,0
311,236,512,311,318,0,137,432,523,191,61,71,78,515,78,78,0,61,25,0
311,236,512,311,318,0,137,432,523,191,61,71,78,515,78,78,0,61,25,0
323,236,512,323,320,0,330,468,165,121,61,71,78,515,78,78,0,61,25,0
323,236,512,323,320,0,330,468,165,121,61,71,78,515,78,78,0,61,25,0
323,236,512,323,330,0,507,473,165,121,61,71,78,515,78,78,0,95,71,0
323,236,512,323,330,0,507,473,165,121,61,71,78,515,78,78,0,95,71,0
328,236,512,328,454,0,585,477,165,121,61,71,78,532,78,78,71,0,71,78
328,236,512,328,454,0,585,477,165,121,61,71,78,532,78,78,71,0,71,78
328,236,512,328,460,456,0,495,324,121,61,71,78,532,78,78,71,346,71,78
328,236,512,328,460,456,0,495,324,121,61,71,78,532,78,78,71,346,71,78
347,236,512,347,398,459,340,517,324,121,61,71,78,532,78,78,71,346,71,78
347,236,512,347,398,459,340,517,324,121,61,71,78,532,78,78,71,346,71,78
347,236,512,347,337,0,0,550,324,121,61,71,78,532,78,78,71,346,71,78
347,236,512,347,337,0,0,550,324,121,61,71,78,532,78,78,71,346,71,78
352,236,512,352,340,0,391,550,324,121,61,79,78,532,79,78,71,346,71,78
352,236,512,352,340,0,391,550,324,121,61,79,78,532,79,78,71,346,71,78
352,236,512,352,507,0,526,139,324,121,560,79,285,532,79,455,71,346,71,78
352,236,512,352,507,0,526,139,324,121,560,79,285,532,79,455,71,346,71,78
356,236,512,356,523,0,535,139,324,540,568,79,285,532,79,455,71,346,71,78
356,236,512,356,523,0,535,139,324,540,568,79,285,532,79,455,71,346,71,78
356,236,512,356,481,0,560,139,324,544,0,79,285,532,79,455,71,346,95,78
356,236,512,356,481,0,560,139,324,544,0,79,285,532,79,455,71,346,95,78
361,236,512,361,348,0,562,139,324,545,0,79,285,0,79,455,79,346,0,79
361,236,512,361,348,0,562,139,324,545,0,79,285,0,79,455,79,346,0,79
361,236,512,361,350,358,0,139,178,552,0,79,285,0,79,455,79,121,0,79
361,273,512,361,350,358,0,139,178,552,0,79,285,0,79,455,79,121,0,79
363,273,512,363,353,358,0,139,178,586,244,79,285,0,79,455,79,121,121,79
363,273,512,363,353,358,0,139,178,586,244,79,285,0,79,455,79,121,121,79
363,273,512,363,483,358,350,139,178,288,0,79,285,0,79,455,79,121,121,79
363,273,512,363,483,358,350,139,178,288,0,79,285,0,79,455,79,121,121,79
367,273,512,367,355,358,0,139,135,288,455,415,285,466,0,455,79,121,121,79
367,273,512,367,355,358,0,139,135,288,455,415,285,466,0,455,79,121,121,79
367,273,512,367,357,358,427,485,135,288,455,0,121,466,0,121,79,121,121,79
367,273,512,367,357,358,427,485,135,288,455,0,121,466,0,121,79,121,121,79
370,273,512,370,401,358,427,0,135,239,455,0,121,466,430,121,79,121,121,79
370,273,512,370,401,358,427,0,135,239,455,0,121,466,430,121,79,121,121,79
370,273,512,370,365,358,427,487,135,298,455,0,121,466,442,121,79,121,121,79
370,273,512,370,365,358,427,487,135,298,455,0,121,466,442,121,79,121,121,79
376,273,512,376,442,358,427,487,135,298,455,0,121,466,0,121,420,121,121,0
376,273,512,376,442,358,427,487,135,298,455,0,121,466,0,121,420,121,121,0
376,273,512,376,431,515,427,487,135,298,455,0,121,466,0,121,430,302,121,431
376,273,512,376,431,515,427,487,135,298,455,0,121,466,0,121,430,302,121,431
381,273,512,381,373,515,427,487,135,296,455,0,121,466,0,121,491,302,436,435
381,273,512,381,373,515,427,487,135,296,455,0,121,466,0,121,491,302,436,435
381,273,512,381,374,515,427,487,135,303,455,0,121,466,0,121,0,302,441,470
381,273,512,381,374,515,427,487,135,303,455,0,121,466,0,121,0,302,441,470
382,273,512,382,375,515,427,487,171,0,438,137,121,137,314,121,0,302,0,584
382,273,512,382,375,515,427,487,171,0,438,137,121,137,314,121,0,302,0,584
382,273,512,382,379,515,466,487,171,308,0,137,302,137,314,171,0,302,0,0
382,273,512,382,379,515,466,487,171,308,0,137,302,137,314,171,0,302,0,0
384,273,512,384,391,515,466,487,171,318,0,137,302,137,314,171,0,302,0,0
384,273,512,384,391,515,466,487,171,318,0,137,302,137,314,171,0,302,0,0
384,273,512,384,477,515,466,310,171,337,0,137,302,137,314,171,0,302,171,0
384,273,512,384,477,515,466,310,171,337,0,137,302,137,314,171,0,302,171,0
387,273,512,387,393,515,466,0,171,447,221,137,302,137,314,171,137,302,171,0
387,273,512,387,393,515,466,0,171,447,221,137,302,137,314,171,137,302,171,0
387,273,512,387,396,285,466,348,171,450,234,137,302,137,314,171,137,0,171,308
387,273,512,387,396,285,466,348,171,450,234,137,302,137,314,171,137,0,171,308
389,273,512,389,458,285,466,544,171,451,441,137,302,137,314,171,137,0,171,310
389,273,512,389,458,285,466,544,171,451,441,137,302,137,314,171,137,0,171,310
389,273,512,389,400,285,466,570,171,456,0,137,302,137,314,171,137,193,171,472
389,273,512,389,400,285,466,570,171,456,0,137,302,137,314,171,137,193,171,472
394,273,512,394,530,285,466,570,0,458,0,139,302,171,139,171,137,465,171,475
394,273,512,394,530,285,466,570,0,458,0,139,302,171,139,171,137,465,171,475
394,273,512,394,585,285,0,211,315,460,102,139,466,171,139,0,137,465,171,496
394,273,512,394,585,285,0,211,315,460,102,139,466,171,139,0,137,465,171,496
402,287,512,402,497,285,263,211,320,484,102,139,466,171,139,465,137,465,171,0
402,287,512,402,497,285,263,211,320,484,102,139,466,171,139,465,137,465,171,0
402,287,512,402,415,285,0,211,0,495,102,139,466,171,139,465,137,465,0,0
402,287,512,402,415,285,0,211,0,495,102,139,466,171,139,465,137,465,0,0
403,287,512,403,432,285,270,211,491,498,102,139,466,171,139,465,139,465,0,0
403,287,512,403,432,285,270,211,491,498,102,139,466,171,139,465,139,465,0,0
403,287,512,403,435,555,274,211,492,538,102,139,466,171,139,465,139,465,186,0
403,287,512,403,435,555,274,211,492,538,102,139,466,171,139,465,139,465,186,0
404,287,512,404,462,514,292,211,492,538,102,139,466,171,139,465,139,465,0,191
404,287,512,404,462,514,292,211,492,538,102,139,466,171,139,465,139,465,0,191
404,287,512,404,468,514,355,211,492,538,102,139,466,171,139,465,139,465,296,191
404,287,512,404,468,514,355,211,492,538,102,139,466,171,139,465,139,465,296,191
410,287,512,410,475,514,447,211,492,538,102,102,466,102,191,465,139,0,0,191
410,287,512,410,475,514,447,211,492,538,102,102,466,102,191,465,139,0,0,191
410,287,512,410,485,514,450,556,492,538,330,102,191,102,191,465,139,0,465,191
410,287,512,410,485,514,450,556,492,538,330,102,191,102,191,465,139,0,465,191
412,287,512,412,535,514,451,556,492,538,562,102,191,102,191,0,139,0,465,191
412,287,512,412,535,514,451,556,492,538,562,102,191,102,191,0,139,0,465,191
412,287,512,412,565,514,454,556,492,538,587,102,191,102,191,353,139,0,465,191
412,287,512,412,565,514,454,556,492,538,587,102,191,102,191,353,139,0,465,191
416,287,514,416,568,514,491,556,492,538,0,102,191,102,191,365,102,0,465,191
416,287,514,416,568,514,491,556,492,538,0,102,191,102,191,365,102,0,465,191
416,287,514,416,586,536,496,556,179,553,0,102,191,102,191,383,102,191,465,191
416,287,514,416,586,536,496,556,179,553,0,102,191,102,191,383,102,191,465,191
423,287,514,423,588,557,506,556,179,301,0,102,191,102,191,383,102,191,465,0
423,287,514,423,588,557,506,556,179,301,0,102,191,102,191,383,102,191,465,0
423,287,514,423,229,557,516,556,179,301,350,102,191,102,191,383,102,191,465,302
423,287,514,423,229,557,516,556,179,301,350,102,191,102,191,383,102,191,465,302
429,287,514,429,229,557,0,556,383,301,442,364,191,383,315,383,102,191,465,302
429,287,514,429,229,557,0,556,383,301,442,364,191,383,315,383,102,191,465,302
429,287,514,429,229,557,0,58,383,236,0,364,346,383,396,383,102,191,587,302
429,287,514,429,229,557,0,58,383,514,0,364,346,383,396,383,102,191,587,302
443,287,514,443,229,557,302,58,383,364,0,364,346,383,431,383,102,191,25,302
443,287,514,443,229,557,302,58,383,364,0,364,346,383,431,383,102,191,25,302
443,287,514,443,229,557,302,58,383,364,216,364,346,383,540,383,102,191,25,302
443,287,514,443,229,557,302,58,383,364,216,364,346,383,540,383,102,191,25,302
444,287,514,444,229,557,302,89,383,364,0,364,346,383,541,383,324,191,25,302
444,287,514,444,229,557,302,89,383,364,0,364,346,383,541,383,324,191,25,302
444,287,514,444,229,465,302,89,383,364,0,364,346,383,541,496,324,365,221,302
444,287,514,444,229,465,302,89,383,364,0,364,346,383,541,496,324,365,221,302
449,287,514,449,229,465,302,89,383,364,239,364,346,383,541,0,324,393,0,302
449,289,514,449,229,465,302,89,383,364,239,364,346,383,541,0,324,393,0,302
449,289,514,449,229,465,302,134,383,364,353,364,346,383,541,0,324,400,234,523
449,289,514,449,229,465,302,134,383,364,353,364,346,383,541,0,324,400,234,523
452,289,514,452,229,465,302,134,228,364,544,432,346,575,541,0,324,541,0,540
452,289,514,452,229,465,302,134,228,364,544,432,346,575,541,0,324,541,0,540
452,289,514,452,229,465,302,134,228,364,545,0,575,575,541,0,324,541,0,541
452,289,514,452,229,465,302,134,228,364,545,0,575,575,541,0,324,541,0,541
457,289,514,457,229,465,455,136,228,305,552,0,575,575,541,348,324,541,346,541
457,289,514,457,236,465,455,136,228,305,552,0,575,575,541,348,324,541,346,541
457,289,514,457,236,465,455,136,273,305,553,0,575,575,541,485,324,541,346,541
457,289,514,457,236,465,455,136,273,305,553,0,575,575,541,485,324,541,346,541
463,289,514,463,236,465,455,136,273,305,558,0,575,575,0,585,0,541,346,541
463,289,514,463,236,465,455,136,273,305,558,0,575,575,0,585,0,541,346,541
463,289,514,463,236,537,455,203,273,307,567,0,575,575,0,0,0,541,346,541
463,289,514,463,236,537,455,203,273,307,567,0,575,575,0,0,0,541,346,541
469,289,514,469,236,537,455,203,287,307,586,0,575,575,0,0,303,541,346,541
469,289,514,469,236,537,455,203,287,307,586,0,575,575,0,0,303,541,346,541
469,289,514,469,236,537,455,203,287,307,0,0,575,575,0,0,309,541,346,541
469,289,514,469,236,537,455,203,287,307,0,0,575,575,0,0,309,541,346,541
471,289,514,471,236,537,455,206,287,356,0,135,575,0,135,0,432,0,346,541
471,289,514,471,236,537,455,206,287,356,0,135,575,0,135,0,432,0,346,541
471,289,514,471,236,537,455,206,289,356,0,135,0,337,135,318,544,0,346,0
471,289,514,471,236,537,455,206,289,356,0,135,0,337,135,318,544,0,346,0
476,289,514,476,236,537,0,206,289,356,318,135,147,364,135,340,545,0,25,0
476,289,514,476,236,537,0,206,289,356,318,135,147,364,135,340,545,0,25,0
476,289,514,476,236,537,0,225,289,363,320,135,0,364,135,355,552,0,325,0
476,289,514,476,236,537,0,225,289,363,320,135,0,364,135,355,552,0,325,0
478,289,514,478,236,537,0,225,311,363,325,135,172,364,135,427,556,0,327,135
478,289,514,478,236,537,0,225,311,363,325,135,172,364,135,427,556,0,327,135
478,289,514,478,236,541,0,225,311,363,327,135,172,364,135,427,556,427,0,135
478,289,514,478,236,541,0,225,311,363,327,135,172,364,135,427,556,427,0,135
479,289,514,479,273,541,0,245,311,387,340,135,172,364,135,427,556,427,0,135
479,289,514,479,273,541,0,245,311,387,340,135,172,364,135,427,556,427,0,135
479,289,514,479,273,541,0,245,323,387,515,135,172,364,135,427,556,427,398,135
479,289,514,479,273,541,0,245,323,387,515,135,172,364,135,427,556,427,398,135
480,289,514,480,273,541,0,245,323,387,515,520,172,364,302,427,556,427,427,135
480,289,514,480,273,541,0,245,323,387,515,520,172,364,302,427,556,427,427,135
480,289,514,480,273,541,0,252,323,412,515,520,172,364,302,427,556,427,427,135
480,289,514,480,273,541,0,252,323,412,515,520,172,364,302,427,556,427,427,135
488,289,514,488,273,541,0,252,347,412,515,520,172,427,302,427,556,427,427,135
488,289,514,488,273,541,0,252,347,412,515,520,172,427,302,427,556,427,427,135
488,549,514,488,273,541,0,252,347,412,515,520,172,427,302,427,556,427,427,135
488,549,514,488,273,541,0,252,347,412,515,520,172,427,302,427,556,427,427,135
499,549,514,499,273,541,0,254,347,423,515,520,487,427,302,515,364,427,427,139
499,549,514,499,273,541,0,254,347,423,515,520,487,427,302,515,364,427,427,139
499,549,514,499,273,575,0,254,352,423,515,520,487,427,302,515,364,515,427,139
499,549,514,499,273,575,0,254,352,423,515,520,487,427,302,515,364,515,427,139
501,549,514,501,273,575,0,254,352,423,515,520,487,427,302,515,364,515,427,139
501,549,514,501,273,575,0,254,352,423,515,520,487,427,302,515,364,515,427,139
501,549,514,501,273,575,0,261,352,429,0,520,487,427,302,515,364,515,427,139
501,549,514,501,273,575,0,261,361,429,0,520,487,427,302,515,364,515,427,139
503,549,514,503,273,575,0,261,361,429,0,487,487,427,456,515,364,515,485,139
503,549,514,503,273,575,0,261,361,429,0,487,487,427,456,515,364,515,485,139
503,549,514,503,287,575,0,261,361,429,0,487,487,427,458,515,364,515,0,139
503,549,514,503,287,575,0,261,361,429,0,487,487,427,458,515,364,515,0,139
504,549,514,504,287,575,0,271,367,443,171,487,487,487,460,515,364,515,487,139
504,549,514,504,287,575,0,271,367,443,171,487,487,487,460,515,364,515,487,139
504,549,514,504,287,575,0,271,367,443,171,487,487,487,477,515,364,515,487,139
504,549,514,504,287,575,0,271,367,443,171,487,487,487,477,515,364,515,487,139
508,549,514,508,287,575,0,271,367,443,171,487,455,487,0,0,135,515,487,530
508,549,514,508,287,575,0,271,370,443,171,487,455,487,0,0,135,515,487,530
508,549,514,508,287,25,0,275,370,449,171,487,455,487,0,0,135,172,487,535
508,549,514,508,287,25,0,275,370,449,171,487,455,487,0,0,135,172,487,535
510,549,514,510,287,25,0,275,370,449,171,487,455,487,0,0,135,172,487,565
510,549,514,510,287,25,0,275,370,449,171,487,455,487,0,0,135,172,487,565
510,549,514,510,287,25,0,275,376,449,171,487,455,487,0,0,135,172,487,585
510,549,514,510,287,25,0,275,376,449,171,487,455,487,0,0,135,172,487,585
518,549,514,518,287,25,0,276,376,452,171,530,455,487,0,0,135,172,487,0
518,549,514,518,287,25,0,276,376,452,171,530,455,487,0,0,135,172,487,0
518,549,514,518,287,25,0,276,376,452,171,532,455,487,0,466,135,172,487,0
518,549,514,518,287,25,0,276,381,452,171,532,455,487,0,466,135,172,487,0
519,549,557,519,287,25,0,276,381,452,172,532,455,492,320,466,135,172,25,0
519,549,557,519,287,25,0,276,381,452,172,532,455,492,320,466,135,172,25,0
519,549,557,519,287,25,0,328,381,457,172,532,455,492,398,466,135,172,466,0
519,549,557,519,287,25,0,328,381,457,172,532,455,492,398,466,135,172,466,0
521,549,557,521,289,25,0,328,382,457,172,532,314,492,435,466,532,172,466,172
521,549,557,521,289,25,0,328,382,457,172,532,314,492,435,466,532,172,466,172
521,549,557,521,289,25,0,328,382,457,172,532,314,492,0,466,532,459,466,172
521,549,557,521,289,25,0,328,382,457,172,532,314,492,0,466,532,459,466,172
524,549,557,524,289,25,0,384,382,463,172,532,314,492,0,466,532,462,466,172
524,549,557,524,289,25,0,384,389,463,172,532,314,492,0,466,532,462,466,172
524,549,557,524,289,25,0,384,389,463,172,532,314,492,0,466,532,507,466,172
525,551,557,525,289,25,0,384,389,463,172,532,314,492,0,466,532,507,466,172
525,551,557,525,289,25,0,384,389,463,172,532,314,492,0,466,532,523,466,172
525,551,557,525,289,25,0,384,389,463,172,532,314,492,0,466,532,523,466,172
527,551,557,527,289,25,0,478,394,471,172,556,314,492,0,0,532,0,466,172
527,551,557,527,289,25,0,478,394,471,172,556,314,492,0,0,532,0,466,172
527,551,557,527,289,25,0,478,394,471,0,556,314,0,193,317,532,0,466,172
528,551,557,528,289,25,0,478,394,471,0,556,314,0,193,317,532,0,466,172
528,551,557,528,289,25,0,478,394,471,270,556,314,0,538,357,532,0,25,172
528,551,557,528,289,25,0,478,402,471,270,556,314,0,538,357,532,0,25,172
529,551,557,529,289,25,0,479,402,476,0,556,0,0,538,0,468,0,25,451
529,551,557,529,289,25,0,479,402,476,0,556,0,0,538,0,468,0,25,451
529,551,557,529,289,25,0,479,402,476,285,556,373,0,538,0,472,0,285,458
531,551,557,531,289,25,0,479,402,476,285,556,373,0,538,0,472,0,285,458
531,551,557,531,289,511,0,479,403,476,285,556,0,0,538,0,473,317,285,460
531,551,557,531,289,511,0,479,403,476,285,556,0,0,538,0,473,317,285,460
533,551,557,533,549,511,0,480,403,503,285,556,0,0,538,0,0,535,285,0
533,551,557,533,549,511,0,480,403,503,285,556,0,0,538,0,0,535,285,0
533,551,557,533,549,511,0,480,403,503,285,556,0,358,538,0,0,554,285,0
534,551,557,534,549,511,0,480,404,503,285,556,0,358,538,0,0,554,285,0
534,551,557,534,549,511,0,480,404,503,285,0,0,358,538,285,0,560,285,0
534,551,557,534,549,511,0,480,404,503,285,0,0,358,538,285,0,560,285,0
539,551,557,539,549,511,0,499,404,510,285,0,0,358,538,285,0,565,285,0
539,551,557,539,549,511,0,499,404,510,285,0,0,358,538,285,0,565,285,0
539,551,557,539,549,511,0,499,410,510,285,0,0,358,0,285,0,568,285,0
546,551,557,546,549,511,0,499,410,510,285,0,0,358,0,285,0,568,285,0
546,551,557,546,549,511,0,499,410,510,285,0,211,358,211,285,0,575,285,263
546,551,557,546,549,511,0,499,410,510,285,0,211,358,211,285,0,575,285,263
547,551,557,547,549,511,0,501,410,511,303,0,211,358,211,285,270,575,0,274
547,551,557,547,549,511,0,501,416,511,303,0,211,358,211,285,270,575,0,274
547,551,557,547,549,511,0,501,416,511,315,0,211,358,211,285,0,575,292,462
550,551,557,550,549,511,0,501,416,511,315,0,211,358,211,285,0,575,292,462
550,551,557,550,549,511,0,501,416,511,355,0,211,358,211,285,310,575,379,537
550,551,557,550,549,511,0,501,416,511,355,0,211,358,211,285,310,575,379,537
559,551,557,559,549,511,0,508,444,512,554,492,211,556,211,285,0,575,383,537
559,551,557,559,549,511,0,508,444,512,554,492,211,556,211,285,0,575,383,537
559,551,557,559,549,511,0,508,444,512,555,492,211,556,211,555,0,575,383,537
561,551,557,561,549,511,0,508,444,512,555,492,211,556,211,555,0,575,383,537
561,551,557,561,551,511,0,508,444,512,556,492,211,556,211,558,0,575,383,537
561,551,557,561,551,511,0,508,469,512,556,492,211,556,211,558,0,575,383,537
564,551,557,564,551,511,0,521,469,514,556,492,211,556,211,562,0,575,383,537
564,551,557,564,551,511,0,521,469,514,556,492,211,556,211,562,0,575,383,537
564,581,557,564,551,511,0,521,469,514,556,492,0,556,391,0,263,0,383,537
566,581,557,566,551,511,0,521,469,514,556,492,0,556,391,0,263,0,383,537
566,581,557,566,551,511,0,521,488,514,556,492,374,556,411,0,274,211,383,537
566,581,557,566,551,511,0,521,488,514,556,492,374,556,411,0,274,211,383,537
570,581,557,570,551,511,0,524,488,549,556,492,400,556,436,0,0,211,383,537
570,581,557,570,551,512,0,524,488,549,556,492,400,556,436,0,0,211,383,537
570,581,557,570,551,512,0,524,488,549,556,492,0,556,0,0,0,211,383,0
571,581,557,571,551,512,0,524,504,549,556,492,0,556,0,0,0,211,383,0
571,581,557,571,551,512,0,524,504,549,556,358,0,0,0,0,0,211,25,0
571,581,557,571,551,512,0,524,504,551,556,358,0,0,0,0,0,211,25,0
572,581,557,572,551,512,0,527,504,551,556,358,0,0,0,324,0,211,25,0
572,581,557,572,551,512,0,527,504,551,556,358,0,0,0,324,0,211,25,0
572,581,557,572,551,512,0,527,518,551,383,358,0,0,0,324,0,211,25,0
573,581,557,573,551,512,0,527,518,551,383,358,0,0,0,324,0,211,25,0
573,581,557,573,551,512,0,527,518,557,383,358,0,0,0,324,0,211,211,0
573,581,557,573,551,512,0,527,518,557,383,358,0,0,0,324,0,211,211,0
574,581,557,574,551,512,0,533,518,557,383,358,358,0,364,324,492,211,211,492
574,581,557,574,551,512,0,533,519,557,383,358,358,0,364,324,492,211,211,492
574,581,557,574,581,512,0,533,519,557,383,358,358,0,364,324,492,314,211,492
576,581,557,576,581,512,0,533,519,559,383,358,358,0,364,324,492,314,211,492
576,581,557,576,581,512,0,533,519,559,383,358,358,0,364,324,492,314,211,492
576,581,557,576,581,512,0,533,519,559,383,358,358,0,364,324,492,314,211,492
577,581,557,577,581,512,0,534,525,559,383,358,358,0,364,324,492,314,211,492
577,581,557,577,581,512,0,534,525,559,383,358,358,0,364,324,492,314,211,492
577,581,557,577,581,512,0,534,525,561,383,541,358,538,364,324,492,314,211,492
578,581,557,578,581,512,0,534,525,561,383,541,358,538,364,324,492,314,211,492
578,581,557,578,581,512,0,534,525,561,383,541,358,538,364,0,492,314,211,492
578,581,557,578,581,512,0,534,528,561,383,541,358,538,364,0,492,314,211,492
579,581,557,579,581,512,0,539,528,561,0,541,358,538,364,0,492,314,211,492
579,581,557,579,581,512,0,539,528,564,0,541,358,538,364,0,492,314,211,492
579,581,557,579,581,512,0,539,528,564,0,541,358,538,364,0,492,314,25,492
580,581,557,580,581,512,0,539,528,564,0,541,358,538,364,0,492,314,25,492
580,581,557,580,581,512,0,539,529,564,0,541,0,538,0,0,0,314,25,0
580,581,557,580,581,512,0,539,529,564,0,541,0,538,0,0,0,314,25,0
582,581,557,582,581,512,0,546,529,566,0,541,0,538,0,0,0,0,25,0
582,581,557,582,581,512,0,546,529,566,0,541,0,538,0,0,0,0,25,0
582,581,557,582,581,512,0,546,529,566,0,541,0,538,0,0,0,0,25,0
583,581,557,583,581,512,0,546,582,566,0,541,0,538,0,0,0,0,25,0
583,581,557,583,581,0,0,546,582,566,0,541,0,538,0,0,0,0,25,0
583,581,557,583,581,0,0,546,582,0,0,541,0,538,0,0,0,0,25,0