62,22,49,62,22,59,67,47,49,100,52,47,65,52,62,82,64,49,22,82
62,22,49,62,22,59,67,47,49,100,52,47,65,52,62,82,64,49,22,82
62,22,49,62,22,59,67,47,49,100,52,47,65,52,62,82,64,49,22,82
62,22,49,62,22,59,67,47,49,100,52,47,65,52,62,82,64,49,22,82
62,22,49,62,22,59,67,47,49,100,52,47,65,52,62,82,64,49,22,82
62,22,49,62,22,59,67,47,49,100,52,47,65,52,62,82,64,49,22,82
62,22,49,62,22,59,67,47,49,100,52,47,65,52,62,82,64,49,22,82
62,22,49,62,22,59,67,47,49,100,52,47,65,52,62,82,64,49,22,82
62,22,49,62,22,59,67,47,49,100,52,47,65,52,62,82,64,49,22,82
62,22,49,62,22,59,67,47,49,100,52,47,65,52,62,82,64,49,22,82
62,22,49,62,22,59,67,47,49,100,52,47,65,52,62,82,64,49,22,82
62,22,49,62,22,59,67,47,49,100,52,47,65,52,62,82,64,49,22,82
62,22,49,62,22,59,67,47,49,100,52,47,65,52,62,82,64,49,22,82
62,22,49,62,22,59,67,47,49,100,52,47,65,52,62,82,64,49,22,82
62,22,49,62,22,59,67,47,49,100,52,47,65,52,62,82,64,49,22,82
62,22,49,62,22,59,67,47,49,100,52,47,65,52,62,82,64,49,22,82
62,22,49,62,22,59,67,47,49,100,52,47,65,52,62,82,64,49,22,82
62,22,49,62,22,59,67,47,49,100,52,47,65,52,62,82,64,49,22,82
62,22,49,62,22,59,67,47,49,100,52,47,65,52,62,82,64,49,22,82
62,22,49,62,22,59,67,47,49,100,52,47,65,52,62,82,64,49,22,82
62,22,49,62,22,59,67,47,49,100,52,47,65,52,62,82,64,49,22,82
62,22,49,62,22,59,67,47,49,100,52,47,65,52,62,82,64,49,22,82
62,22,49,62,22,59,67,47,49,100,52,47,65,52,62,82,64,49,22,82
62,22,49,62,22,59,67,47,49,100,52,47,65,52,62,82,64,49,22,82
62,22,49,62,22,59,67,47,49,100,52,47,65,52,62,82,64,49,22,82
62,22,49,62,22,59,67,47,49,100,52,47,65,52,62,82,64,49,22,82
62,22,49,62,22,59,67,47,49,100,52,47,65,52,62,82,64,49,22,82
62,22,49,62,22,59,67,47,49,100,52,47,65,52,62,82,64,49,22,82
62,22,49,62,22,59,67,47,49,100,52,47,65,52,62,82,64,49,22,82
62,22,49,62,22,59,67,47,49,100,52,47,65,52,62,82,64,49,22,82
62,22,49,62,22,59,67,47,49,100,52,47,65,52,62,82,64,49,22,82
65,22,59,62,35,84,67,47,69,100,52,47,65,52,62,82,64,49,22,82
65,22,59,62,35,84,67,47,69,100,52,47,65,52,62,82,64,49,22,82
65,22,59,62,35,84,67,47,69,100,52,47,65,52,62,82,64,49,22,82
65,35,59,67,35,84,70,64,69,101,67,64,69,77,74,82,69,49,35,82
65,35,59,67,35,84,70,64,69,101,67,64,69,77,74,82,69,49,35,82
65,35,59,67,35,84,70,64,69,101,67,64,69,77,74,82,69,49,35,82
65,35,59,67,35,84,70,64,69,101,67,64,69,77,74,83,69,52,35,84
65,35,59,67,35,84,70,64,69,101,67,64,69,77,74,83,69,52,35,84
65,35,59,67,35,84,70,64,69,101,67,64,69,77,74,83,69,52,35,84
65,35,59,67,35,84,70,64,69,101,67,64,69,77,74,83,69,52,35,84
65,35,59,67,35,84,70,64,69,101,67,64,69,77,74,83,69,52,35,84
65,35,59,67,35,84,70,64,69,101,67,64,69,77,74,83,69,52,35,84
65,35,59,67,35,84,70,64,69,101,67,64,69,77,74,83,69,52,35,84
65,35,59,67,35,84,70,64,69,101,67,64,69,77,74,83,69,52,35,84
65,35,59,67,35,84,70,64,69,101,67,64,69,77,74,83,69,52,35,84
65,35,59,67,35,84,70,64,69,101,67,64,69,77,74,83,69,52,35,84
65,35,59,67,35,84,70,64,69,101,67,64,69,77,74,83,69,52,35,84
65,35,59,67,35,84,70,64,69,101,67,64,69,77,74,83,69,52,35,84
65,35,59,67,35,84,70,64,69,101,67,64,69,77,74,83,69,52,35,84
65,35,59,67,35,84,70,64,69,101,67,64,69,77,74,83,69,52,35,84
65,35,59,67,35,84,70,64,69,101,67,64,69,77,74,83,69,52,35,84
65,35,59,67,35,84,70,64,69,101,67,64,69,77,74,83,69,52,35,84
65,35,59,67,35,84,70,64,69,101,67,64,69,77,74,83,69,52,35,84
65,35,59,67,35,84,70,64,69,101,67,64,69,77,74,83,69,52,35,84
65,35,59,67,35,84,70,64,69,101,67,64,69,77,74,83,69,52,35,84
65,35,59,67,35,84,70,64,69,101,67,64,69,77,74,83,69,52,35,84
65,35,59,67,35,84,70,64,69,101,67,64,69,77,74,83,69,52,35,84
65,35,59,67,35,84,70,64,69,101,67,64,69,77,74,83,69,52,35,84
65,35,59,67,35,84,70,64,69,101,67,64,69,77,74,83,69,52,35,84
65,35,59,67,35,84,70,64,69,101,67,64,69,77,74,83,69,52,35,84
65,35,59,67,35,84,70,64,69,101,67,64,69,77,74,83,69,52,35,84
74,35,84,67,47,85,70,64,76,101,67,64,69,77,74,83,69,52,35,84
74,35,84,67,47,85,70,64,76,101,67,64,69,77,74,83,69,52,35,84
74,35,84,67,47,85,70,64,76,101,67,64,69,77,74,83,69,52,35,84
74,35,84,67,47,85,70,64,76,101,67,64,69,77,74,83,69,52,35,84
74,35,84,67,47,85,70,64,76,101,67,64,69,77,74,83,69,52,35,84
74,35,84,67,47,85,70,64,76,101,67,64,69,77,74,83,69,52,35,84
74,89,84,70,47,85,91,87,76,103,70,82,76,83,91,83,76,52,74,84
74,89,84,70,47,85,91,87,76,103,70,82,76,83,91,83,76,52,74,84
74,89,84,70,47,85,91,87,76,103,70,82,76,83,91,83,76,52,74,84
74,89,84,70,47,85,91,87,76,103,70,82,76,83,91,83,76,52,74,84
74,89,84,70,47,85,91,87,76,103,70,82,76,83,91,83,76,52,74,84
74,89,84,70,47,85,91,87,76,103,70,82,76,83,91,83,76,52,74,84
74,89,84,70,47,85,91,87,76,103,70,82,76,83,91,92,76,59,74,86
74,89,84,70,47,85,91,87,76,103,70,82,76,83,91,92,76,59,74,86
74,89,84,70,47,85,91,87,76,103,70,82,76,83,91,92,76,59,74,86
74,89,84,70,47,85,91,87,76,103,70,82,76,83,91,92,76,59,74,86
74,89,84,70,47,85,91,87,76,103,70,82,76,83,91,92,76,59,74,86
74,89,84,70,47,85,91,87,76,103,70,82,76,83,91,92,76,59,74,86
74,89,84,70,47,85,91,87,76,103,70,82,76,83,91,92,76,59,74,86
74,89,84,70,47,85,91,87,76,103,70,82,76,83,91,92,76,59,74,86
74,89,84,70,47,85,91,87,76,103,70,82,76,83,91,92,76,59,74,86
74,89,84,70,47,85,91,87,76,103,70,82,76,83,91,92,76,59,74,86
74,89,84,70,47,85,91,87,76,103,70,82,76,83,91,92,76,59,74,86
74,89,84,70,47,85,91,87,76,103,70,82,76,83,91,92,76,59,74,86
74,89,84,70,47,85,91,87,76,103,70,82,76,83,91,92,76,59,74,86
74,89,84,70,47,85,91,87,76,103,70,82,76,83,91,92,76,59,74,86
74,89,84,70,47,85,91,87,76,103,70,82,76,83,91,92,76,59,74,86
74,89,84,70,47,85,91,87,76,103,70,82,76,83,91,92,76,59,74,86
74,89,84,70,47,85,91,87,76,103,70,82,76,83,91,92,76,59,74,86
74,89,84,70,47,85,91,87,76,103,70,82,76,83,91,92,76,59,74,86
74,89,84,70,47,85,91,87,76,103,70,82,76,83,91,92,76,59,74,86
88,89,100,70,87,100,91,87,77,103,70,82,76,83,91,92,76,59,74,86
88,89,100,70,87,100,91,87,77,103,70,82,76,83,91,92,76,59,74,86
88,89,100,70,87,100,91,87,77,103,70,82,76,83,91,92,76,59,74,86
88,89,100,70,87,100,91,87,77,103,70,82,76,83,91,92,76,59,74,86
88,89,100,70,87,100,91,87,77,103,70,82,76,83,91,92,76,59,74,86
88,89,100,70,87,100,91,87,77,103,70,82,76,83,91,92,76,59,74,86
88,89,100,70,87,100,91,87,77,103,70,82,76,83,91,92,76,59,74,86
88,89,100,70,87,100,91,87,77,103,70,82,76,83,91,92,76,59,74,86
88,89,100,70,87,100,91,87,77,103,70,82,76,83,91,92,76,59,74,86
88,107,100,77,87,100,102,92,77,114,91,87,85,86,118,92,86,59,83,86
88,107,100,77,87,100,102,92,77,114,91,87,85,86,118,92,86,59,83,86
88,107,100,77,87,100,102,92,77,114,91,87,85,86,118,92,86,59,83,86
88,107,100,77,87,100,102,92,77,114,91,87,85,86,118,92,86,59,83,86
88,107,100,77,87,100,102,92,77,114,91,87,85,86,118,92,86,59,83,86
88,107,100,77,87,100,102,92,77,114,91,87,85,86,118,92,86,59,83,86
88,107,100,77,87,100,102,92,77,114,91,87,85,86,118,92,86,59,83,86
88,107,100,77,87,100,102,92,77,114,91,87,85,86,118,92,86,59,83,86
88,107,100,77,87,100,102,92,77,114,91,87,85,86,118,92,86,59,83,86
88,107,100,77,87,100,102,92,77,114,91,87,85,86,118,97,86,65,83,97
88,107,100,77,87,100,102,92,77,114,91,87,85,86,118,97,86,65,83,97
88,107,100,77,87,100,102,92,77,114,91,87,85,86,118,97,86,65,83,97
88,107,100,77,87,100,102,92,77,114,91,87,85,86,118,97,86,65,83,97
88,107,100,77,87,100,102,92,77,114,91,87,85,86,118,97,86,65,83,97
88,107,100,77,87,100,102,92,77,114,91,87,85,86,118,97,86,65,83,97
88,107,100,77,87,100,102,92,77,114,91,87,85,86,118,97,86,65,83,97
88,107,100,77,87,100,102,92,77,114,91,87,85,86,118,97,86,65,83,97
88,107,100,77,87,100,102,92,77,114,91,87,85,86,118,97,86,65,83,97
88,107,100,77,87,100,102,92,77,114,91,87,85,86,118,97,86,65,83,97
88,107,100,77,87,100,102,92,77,114,91,87,85,86,118,97,86,65,83,97
88,107,100,77,87,100,102,92,77,114,91,87,85,86,118,97,86,65,83,97
88,107,100,77,87,100,102,92,77,114,91,87,85,86,118,97,86,65,83,97
115,107,101,77,89,101,102,92,85,114,91,87,85,86,118,97,86,65,83,97
115,107,101,77,89,101,102,92,85,114,91,87,85,86,118,97,86,65,83,97
115,107,101,77,89,101,102,92,85,114,91,87,85,86,118,97,86,65,83,97
115,107,101,77,89,101,102,92,85,114,91,87,85,86,118,97,86,65,83,97
115,107,101,77,89,101,102,92,85,114,91,87,85,86,118,97,86,65,83,97
115,107,101,77,89,101,102,92,85,114,91,87,85,86,118,97,86,65,83,97
115,107,101,77,89,101,102,92,85,114,91,87,85,86,118,97,86,65,83,97
115,107,101,77,89,101,102,92,85,114,91,87,85,86,118,97,86,65,83,97
115,107,101,77,89,101,102,92,85,114,91,87,85,86,118,97,86,65,83,97
115,107,101,77,89,101,102,92,85,114,91,87,85,86,118,97,86,65,83,97
115,107,101,77,89,101,102,92,85,114,91,87,85,86,118,97,86,65,83,97
115,107,101,77,89,101,102,92,85,114,91,87,85,86,118,97,86,65,83,97
115,121,101,88,89,101,111,94,85,119,97,92,122,114,129,97,107,65,118,97
115,121,101,88,89,101,111,94,85,119,97,92,122,114,129,97,107,65,118,97
115,121,101,88,89,101,111,94,85,119,97,92,122,114,129,97,107,65,118,97
115,121,101,88,89,101,111,94,85,119,97,92,122,114,129,97,107,65,118,97
115,121,101,88,89,101,111,94,85,119,97,92,122,114,129,97,107,65,118,97
115,121,101,88,89,101,111,94,85,119,97,92,122,114,129,97,107,65,118,97
115,121,101,88,89,101,111,94,85,119,97,92,122,114,129,97,107,65,118,97
115,121,101,88,89,101,111,94,85,119,97,92,122,114,129,97,107,65,118,97
115,121,101,88,89,101,111,94,85,119,97,92,122,114,129,97,107,65,118,97
115,121,101,88,89,101,111,94,85,119,97,92,122,114,129,97,107,65,118,97
115,121,101,88,89,101,111,94,85,119,97,92,122,114,129,97,107,65,118,97
115,121,101,88,89,101,111,94,85,119,97,92,122,114,129,97,107,65,118,97
115,121,101,88,89,101,111,94,85,119,97,92,122,114,129,104,107,88,118,110
115,121,101,88,89,101,111,94,85,119,97,92,122,114,129,104,107,88,118,110
115,121,101,88,89,101,111,94,85,119,97,92,122,114,129,104,107,88,118,110
115,121,101,88,89,101,111,94,85,119,97,92,122,114,129,104,107,88,118,110
115,121,101,88,89,101,111,94,85,119,97,92,122,114,129,104,107,88,118,110
115,121,101,88,89,101,111,94,85,119,97,92,122,114,129,104,107,88,118,110
115,121,101,88,89,101,111,94,85,119,97,92,122,114,129,104,107,88,118,110
120,121,103,88,121,103,111,94,89,119,97,92,122,114,129,104,107,88,118,110
120,121,103,88,121,103,111,94,89,119,97,92,122,114,129,104,107,88,118,110
120,121,103,88,121,103,111,94,89,119,97,92,122,114,129,104,107,88,118,110
120,121,103,88,121,103,111,94,89,119,97,92,122,114,129,104,107,88,118,110
120,121,103,88,121,103,111,94,89,119,97,92,122,114,129,104,107,88,118,110
120,121,103,88,121,103,111,94,89,119,97,92,122,114,129,104,107,88,118,110
120,121,103,88,121,103,111,94,89,119,97,92,122,114,129,104,107,88,118,110
120,121,103,88,121,103,111,94,89,119,97,92,122,114,129,104,107,88,118,110
120,121,103,88,121,103,111,94,89,119,97,92,122,114,129,104,107,88,118,110
120,121,103,88,121,103,111,94,89,119,97,92,122,114,129,104,107,88,118,110
120,121,103,88,121,103,111,94,89,119,97,92,122,114,129,104,107,88,118,110
120,121,103,88,121,103,111,94,89,119,97,92,122,114,129,104,107,88,118,110
120,121,103,88,121,103,111,94,89,119,97,92,122,114,129,104,107,88,118,110
120,121,103,88,121,103,111,94,89,119,97,92,122,114,129,104,107,88,118,110
120,121,103,88,121,103,111,94,89,119,97,92,122,114,129,104,107,88,118,110
120,128,103,94,121,103,115,104,89,128,102,104,127,115,134,104,122,88,130,110
120,128,103,94,121,103,115,104,89,128,102,104,127,115,134,104,122,88,130,110
120,128,103,94,121,103,115,104,89,128,102,104,127,115,134,104,122,88,130,110
120,128,103,94,121,103,115,104,89,128,102,104,127,115,134,104,122,88,130,110
120,128,103,94,121,103,115,104,89,128,102,104,127,115,134,104,122,88,130,110
120,128,103,94,121,103,115,104,89,128,102,104,127,115,134,104,122,88,130,110
120,128,103,94,121,103,115,104,89,128,102,104,127,115,134,104,122,88,130,110
120,128,103,94,121,103,115,104,89,128,102,104,127,115,134,104,122,88,130,110
120,128,103,94,121,103,115,104,89,128,102,104,127,115,134,104,122,88,130,110
120,128,103,94,121,103,115,104,89,128,102,104,127,115,134,104,122,88,130,110
120,128,103,94,121,103,115,104,89,128,102,104,127,115,134,104,122,88,130,110
120,128,103,94,121,103,115,104,89,128,102,104,127,115,134,104,122,88,130,110
120,128,103,94,121,103,115,104,89,128,102,104,127,115,134,104,122,88,130,110
120,128,103,94,121,103,115,104,89,128,102,104,127,115,134,104,122,88,130,110
120,128,103,94,121,103,115,104,89,128,102,104,127,115,134,104,122,88,130,110
120,128,103,94,121,103,115,104,89,128,102,104,127,115,134,112,122,94,130,114
130,128,110,94,128,110,115,104,127,128,102,104,127,115,134,112,122,94,130,114
130,128,110,94,128,110,115,104,127,128,102,104,127,115,134,112,122,94,130,114
130,128,110,94,128,110,115,104,127,128,102,104,127,115,134,112,122,94,130,114
130,128,110,94,128,110,115,104,127,128,102,104,127,115,134,112,122,94,130,114
130,128,110,94,128,110,115,104,127,128,102,104,127,115,134,112,122,94,130,114
130,128,110,94,128,110,115,104,127,128,102,104,127,115,134,112,122,94,130,114
130,128,110,94,128,110,115,104,127,128,102,104,127,115,134,112,122,94,130,114
130,128,110,94,128,110,115,104,127,128,102,104,127,115,134,112,122,94,130,114
130,128,110,94,128,110,115,104,127,128,102,104,127,115,134,112,122,94,130,114
130,128,110,94,128,110,115,104,127,128,102,104,127,115,134,112,122,94,130,114
130,128,110,94,128,110,115,104,127,128,102,104,127,115,134,112,122,94,130,114
130,128,110,94,128,110,115,104,127,128,102,104,127,115,134,112,122,94,130,114
130,128,110,94,128,110,115,104,127,128,102,104,127,115,134,112,122,94,130,114
130,128,110,94,128,110,115,104,127,128,102,104,127,115,134,112,122,94,130,114
130,128,110,94,128,110,115,104,127,128,102,104,127,115,134,112,122,94,130,114
130,128,110,94,128,110,115,104,127,128,102,104,127,115,134,112,122,94,130,114
130,128,110,94,128,110,115,104,127,128,102,104,127,115,134,112,122,94,130,114
130,139,110,102,128,110,118,107,127,133,111,112,137,122,142,112,127,94,138,114
130,139,110,102,128,110,118,107,127,133,111,112,137,122,142,112,127,94,138,114
130,139,110,102,128,110,118,107,127,133,111,112,137,122,142,112,127,94,138,114
130,139,110,102,128,110,118,107,127,133,111,112,137,122,142,112,127,94,138,114
130,139,110,102,128,110,118,107,127,133,111,112,137,122,142,112,127,94,138,114
130,139,110,102,128,110,118,107,127,133,111,112,137,122,142,112,127,94,138,114
130,139,110,102,128,110,118,107,127,133,111,112,137,122,142,112,127,94,138,114
130,139,110,102,128,110,118,107,127,133,111,112,137,122,142,112,127,94,138,114
130,139,110,102,128,110,118,107,127,133,111,112,137,122,142,112,127,94,138,114
130,139,110,102,128,110,118,107,127,133,111,112,137,122,142,112,127,94,138,114
130,139,110,102,128,110,118,107,127,133,111,112,137,122,142,112,127,94,138,114
130,139,110,102,128,110,118,107,127,133,111,112,137,122,142,112,127,94,138,114
130,139,110,102,128,110,118,107,127,133,111,112,137,122,142,112,127,94,138,114
130,139,110,102,128,110,118,107,127,133,111,112,137,122,142,112,127,94,138,114
138,139,119,102,131,119,118,107,137,133,111,112,137,122,142,112,127,94,138,114
138,139,119,102,131,119,118,107,137,133,111,112,137,122,142,112,127,94,138,114
138,139,119,102,131,119,118,107,137,133,111,112,137,122,142,112,127,94,138,114
138,139,119,102,131,119,118,107,137,133,111,112,137,122,142,112,127,94,138,114
138,139,119,102,131,119,118,107,137,133,111,112,137,122,142,112,127,94,138,114
138,139,119,102,131,119,118,107,137,133,111,112,137,122,142,120,127,121,138,120
138,139,119,102,131,119,118,107,137,133,111,112,137,122,142,120,127,121,138,120
138,139,119,102,131,119,118,107,137,133,111,112,137,122,142,120,127,121,138,120
138,139,119,102,131,119,118,107,137,133,111,112,137,122,142,120,127,121,138,120
138,139,119,102,131,119,118,107,137,133,111,112,137,122,142,120,127,121,138,120
138,139,119,102,131,119,118,107,137,133,111,112,137,122,142,120,127,121,138,120
138,139,119,102,131,119,118,107,137,133,111,112,137,122,142,120,127,121,138,120
138,139,119,102,131,119,118,107,137,133,111,112,137,122,142,120,127,121,138,120
138,139,119,102,131,119,118,107,137,133,111,112,137,122,142,120,127,121,138,120
138,139,119,102,131,119,118,107,137,133,111,112,137,122,142,120,127,121,138,120
138,139,119,102,131,119,118,107,137,133,111,112,137,122,142,120,127,121,138,120
138,139,119,102,131,119,118,107,137,133,111,112,137,122,142,120,127,121,138,120
138,139,119,102,131,119,118,107,137,133,111,112,137,122,142,120,127,121,138,120
138,139,119,102,131,119,118,107,137,133,111,112,137,122,142,120,127,121,138,120
138,140,119,111,131,119,125,112,137,141,125,126,143,129,149,120,137,121,142,120
138,140,119,111,131,119,125,112,137,141,125,126,143,129,149,120,137,121,142,120
138,140,119,111,131,119,125,112,137,141,125,126,143,129,149,120,137,121,142,120
138,140,119,111,131,119,125,112,137,141,125,126,143,129,149,120,137,121,142,120
138,140,119,111,131,119,125,112,137,141,125,126,143,129,149,120,137,121,142,120
138,140,119,111,131,119,125,112,137,141,125,126,143,129,149,120,137,121,142,120
138,140,119,111,131,119,125,112,137,141,125,126,143,129,149,120,137,121,142,120
138,140,119,111,131,119,125,112,137,141,125,126,143,129,149,120,137,121,142,120
138,140,119,111,131,119,125,112,137,141,125,126,143,129,149,120,137,121,142,120
138,140,119,111,131,119,125,112,137,141,125,126,143,129,149,120,137,121,142,120
138,140,119,111,131,119,125,112,137,141,125,126,143,129,149,120,137,121,142,120
138,140,119,111,131,119,125,112,137,141,125,126,143,129,149,120,137,121,142,120
143,140,133,111,138,133,125,112,139,141,125,126,143,129,149,120,137,121,142,120
143,140,133,111,138,133,125,112,139,141,125,126,143,129,149,120,137,121,142,120
143,140,133,111,138,133,125,112,139,141,125,126,143,129,149,120,137,121,142,120
143,140,133,111,138,133,125,112,139,141,125,126,143,129,149,120,137,121,142,120
143,140,133,111,138,133,125,112,139,141,125,126,143,129,149,120,137,121,142,120
143,140,133,111,138,133,125,112,139,141,125,126,143,129,149,120,137,121,142,120
143,140,133,111,138,133,125,112,139,141,125,126,143,129,149,120,137,121,142,120
143,140,133,111,138,133,125,112,139,141,125,126,143,129,149,120,137,121,142,120
143,140,133,111,138,133,125,112,139,141,125,126,143,129,149,120,137,121,142,120
143,140,133,111,138,133,125,112,139,141,125,126,143,129,149,120,137,121,142,120
143,140,133,111,138,133,125,112,139,141,125,126,143,129,149,120,137,121,142,120
143,140,133,111,138,133,125,112,139,141,125,126,143,129,149,126,137,129,142,145
143,140,133,111,138,133,125,112,139,141,125,126,143,129,149,126,137,129,142,145
143,140,133,111,138,133,125,112,139,141,125,126,143,129,149,126,137,129,142,145
143,140,133,111,138,133,125,112,139,141,125,126,143,129,149,126,137,129,142,145
143,140,133,111,138,133,125,112,139,141,125,126,143,129,149,126,137,129,142,145
143,140,133,111,138,133,125,112,139,141,125,126,143,129,149,126,137,129,142,145
143,140,133,111,138,133,125,112,139,141,125,126,143,129,149,126,137,129,142,145
143,140,133,111,138,133,125,112,139,141,125,126,143,129,149,126,137,129,142,145
143,140,133,111,138,133,125,112,139,141,125,126,143,129,149,126,137,129,142,145
143,140,133,111,138,133,125,112,139,141,125,126,143,129,149,126,137,129,142,145
143,145,133,125,138,133,134,126,139,147,134,131,144,141,150,126,143,129,150,145
143,145,133,125,138,133,134,126,139,147,134,131,144,141,150,126,143,129,150,145
143,145,133,125,138,133,134,126,139,147,134,131,144,141,150,126,143,129,150,145
143,145,133,125,138,133,134,126,139,147,134,131,144,141,150,126,143,129,150,145
143,145,133,125,138,133,134,126,139,147,134,131,144,141,150,126,143,129,150,145
143,145,133,125,138,133,134,126,139,147,134,131,144,141,150,126,143,129,150,145
143,145,133,125,138,133,134,126,139,147,134,131,144,141,150,126,143,129,150,145
143,145,133,125,138,133,134,126,139,147,134,131,144,141,150,126,143,129,150,145
143,145,133,125,138,133,134,126,139,147,134,131,144,141,150,126,143,129,150,145
154,145,141,125,140,144,134,126,140,147,134,131,144,141,150,126,143,129,150,145
154,145,141,125,140,144,134,126,140,147,134,131,144,141,150,126,143,129,150,145
154,145,141,125,140,144,134,126,140,147,134,131,144,141,150,126,143,129,150,145
154,145,141,125,140,144,134,126,140,147,134,131,144,141,150,126,143,129,150,145
154,145,141,125,140,144,134,126,140,147,134,131,144,141,150,126,143,129,150,145
154,145,141,125,140,144,134,126,140,147,134,131,144,141,150,126,143,129,150,145
154,145,141,125,140,144,134,126,140,147,134,131,144,141,150,126,143,129,150,145
154,145,141,125,140,144,134,126,140,147,134,131,144,141,150,126,143,129,150,145
154,145,141,125,140,144,134,126,140,147,134,131,144,141,150,126,143,129,150,145
154,145,141,125,140,144,134,126,140,147,134,131,144,141,150,126,143,129,150,145
154,145,141,125,140,144,134,126,140,147,134,131,144,141,150,126,143,129,150,145
154,145,141,125,140,144,134,126,140,147,134,131,144,141,150,126,143,129,150,145
154,145,141,125,140,144,134,126,140,147,134,131,144,141,150,126,143,129,150,145
154,145,141,125,140,144,134,126,140,147,134,131,144,141,150,126,143,129,150,145
154,145,141,125,140,144,134,126,140,147,134,131,144,141,150,126,143,129,150,145
154,145,141,125,140,144,134,126,140,147,134,131,144,141,150,126,143,129,150,145
154,145,141,125,140,144,134,126,140,147,134,131,144,141,150,126,143,129,150,145
154,145,141,125,140,144,134,126,140,147,134,131,144,141,150,126,143,129,150,145
154,145,141,125,140,144,134,126,140,147,134,131,144,141,150,136,143,139,150,148
154,145,141,125,140,144,134,126,140,147,134,131,144,141,150,136,143,139,150,148
154,145,141,125,140,144,134,126,140,147,134,131,144,141,150,136,143,139,150,148
154,145,141,125,140,144,134,126,140,147,134,131,144,141,150,136,143,139,150,148
154,145,141,125,140,144,134,126,140,147,134,131,144,141,150,136,143,139,150,148
154,145,141,125,140,144,134,126,140,147,134,131,144,141,150,136,143,139,150,148
154,151,141,130,140,144,135,131,140,149,135,136,146,147,154,136,148,139,154,148
154,151,141,130,140,144,135,131,140,149,135,136,146,147,154,136,148,139,154,148
154,151,141,130,140,144,135,131,140,149,135,136,146,147,154,136,148,139,154,148
154,151,141,130,140,144,135,131,140,149,135,136,146,147,154,136,148,139,154,148
154,151,141,130,140,144,135,131,140,149,135,136,146,147,154,136,148,139,154,148
154,151,141,130,140,144,135,131,140,149,135,136,146,147,154,136,148,139,154,148
155,151,144,130,145,146,135,131,146,149,135,136,146,147,154,136,148,139,154,148
155,151,144,130,145,146,135,131,146,149,135,136,146,147,154,136,148,139,154,148
155,151,144,130,145,146,135,131,146,149,135,136,146,147,154,136,148,139,154,148
155,151,144,130,145,146,135,131,146,149,135,136,146,147,154,136,148,139,154,148
155,151,144,130,145,146,135,131,146,149,135,136,146,147,154,136,148,139,154,148
155,151,144,130,145,146,135,131,146,149,135,136,146,147,154,136,148,139,154,148
155,151,144,130,145,146,135,131,146,149,135,136,146,147,154,136,148,139,154,148
155,151,144,130,145,146,135,131,146,149,135,136,146,147,154,136,148,139,154,148
155,151,144,130,145,146,135,131,146,149,135,136,146,147,154,136,148,139,154,148
155,151,144,130,145,146,135,131,146,149,135,136,146,147,154,136,148,139,154,148
155,151,144,130,145,146,135,131,146,149,135,136,146,147,154,136,148,139,154,148
155,151,144,130,145,146,135,131,146,149,135,136,146,147,154,136,148,139,154,148
155,151,144,130,145,146,135,131,146,149,135,136,146,147,154,136,148,139,154,148
155,151,144,130,145,146,135,131,146,149,135,136,146,147,154,136,148,139,154,148
155,151,144,130,145,146,135,131,146,149,135,136,146,147,154,136,148,139,154,148
155,151,144,130,145,146,135,131,146,149,135,136,146,147,154,136,148,139,154,148
155,151,144,130,145,146,135,131,146,149,135,136,146,147,154,136,148,139,154,148
155,151,144,130,145,146,135,131,146,149,135,136,146,147,154,136,148,139,154,148
155,151,144,130,145,146,135,131,146,149,135,136,146,147,154,136,148,139,154,148
155,151,144,130,145,146,135,131,146,149,135,136,146,147,154,136,148,139,154,148
155,151,144,130,145,146,135,131,146,149,135,136,146,147,154,136,148,139,154,148
155,151,144,130,145,146,135,131,146,149,135,136,146,147,154,136,148,139,154,148
155,151,144,130,145,146,135,131,146,149,135,136,146,147,154,136,148,139,154,148
155,151,144,130,145,146,135,131,146,149,135,136,146,147,154,136,148,139,154,148
155,151,144,130,145,146,135,131,146,149,135,136,146,147,154,152,148,147,154,152
155,151,144,130,145,146,135,131,146,149,135,136,146,147,154,152,148,147,154,152
155,151,144,130,145,146,135,131,146,149,135,136,146,147,154,152,148,147,154,152
155,152,144,135,145,146,149,136,146,153,150,142,155,148,156,152,155,147,156,152
155,152,144,135,145,146,149,136,146,153,150,142,155,148,156,152,155,147,156,152
155,152,144,135,145,146,149,136,146,153,150,142,155,148,156,152,155,147,156,152
156,152,153,135,151,153,149,136,151,153,150,142,155,148,156,152,155,147,156,152
156,152,153,135,151,153,149,136,151,153,150,142,155,148,156,152,155,147,156,152
156,152,153,135,151,153,149,136,151,153,150,142,155,148,156,152,155,147,156,152
156,152,153,135,151,153,149,136,151,153,150,142,155,148,156,152,155,147,156,152
156,152,153,135,151,153,149,136,151,153,150,142,155,148,156,152,155,147,156,152
156,152,153,135,151,153,149,136,151,153,150,142,155,148,156,152,155,147,156,152
156,152,153,135,151,153,149,136,151,153,150,142,155,148,156,152,155,147,156,152
156,152,153,135,151,153,149,136,151,153,150,142,155,148,156,152,155,147,156,152
156,152,153,135,151,153,149,136,151,153,150,142,155,148,156,152,155,147,156,152
156,152,153,135,151,153,149,136,151,153,150,142,155,148,156,152,155,147,156,152
156,152,153,135,151,153,149,136,151,153,150,142,155,148,156,152,155,147,156,152
156,152,153,135,151,153,149,136,151,153,150,142,155,148,156,152,155,147,156,152
156,152,153,135,151,153,149,136,151,153,150,142,155,148,156,152,155,147,156,152
156,152,153,135,151,153,149,136,151,153,150,142,155,148,156,152,155,147,156,152
156,152,153,135,151,153,149,136,151,153,150,142,155,148,156,152,155,147,156,152
156,152,153,135,151,153,149,136,151,153,150,142,155,148,156,152,155,147,156,152
156,152,153,135,151,153,149,136,151,153,150,142,155,148,156,152,155,147,156,152
156,152,153,135,151,153,149,136,151,153,150,142,155,148,156,152,155,147,156,152
156,152,153,135,151,153,149,136,151,153,150,142,155,148,156,152,155,147,156,152
156,152,153,135,151,153,149,136,151,153,150,142,155,148,156,152,155,147,156,152
156,152,153,135,151,153,149,136,151,153,150,142,155,148,156,152,155,147,156,152
156,152,153,135,151,153,149,136,151,153,150,142,155,148,156,152,155,147,156,152
156,152,153,135,151,153,149,136,151,153,150,142,155,148,156,152,155,147,156,152
156,152,153,135,151,153,149,136,151,153,150,142,155,148,156,152,155,147,156,152
156,152,153,135,151,153,149,136,151,153,150,142,155,148,156,152,155,147,156,152
156,152,153,135,151,153,149,136,151,153,150,142,155,148,156,152,155,147,156,152
156,152,153,135,151,153,149,136,151,153,150,142,155,148,156,152,155,147,156,152
156,152,153,135,151,153,149,136,151,153,150,142,155,148,156,152,155,147,156,152
156,152,153,135,151,153,149,136,151,153,150,142,155,148,156,152,155,147,156,152
156,152,153,135,151,153,149,136,151,153,150,142,155,148,156,152,155,147,156,152