71,36,43,71,344,0,0,18,0,153,0,0,189,184,218,216,216,0,182,218
71,36,43,71,344,0,0,18,0,153,0,0,189,184,218,216,216,0,182,218
71,36,43,71,128,18,0,216,192,66,18,178,189,184,218,218,219,18,0,218
71,36,43,71,128,18,0,216,192,66,18,178,189,184,218,218,219,18,0,218
71,36,43,71,311,194,178,218,361,83,357,0,189,184,218,218,279,0,194,218
71,36,43,71,311,194,178,218,361,83,357,0,189,184,218,218,279,0,194,218
71,36,43,71,216,194,182,218,334,83,43,225,189,184,218,218,283,0,194,218
72,36,43,72,216,194,182,218,334,83,43,225,189,184,218,218,283,0,194,218
72,36,43,72,66,194,275,218,334,83,43,0,189,184,218,218,294,83,194,218
72,36,43,72,66,194,275,218,334,83,43,0,189,184,218,218,294,83,194,218
72,36,43,72,361,194,295,218,334,83,43,231,189,184,218,218,0,83,194,218
72,36,43,72,361,194,295,218,334,83,43,231,189,184,218,218,0,83,194,218
72,36,43,72,260,194,0,218,128,83,43,281,189,184,218,218,0,83,194,218
72,36,43,72,260,194,0,218,128,83,43,281,189,184,218,218,0,83,194,218
94,36,43,94,295,194,332,218,129,83,43,0,189,184,218,218,0,83,194,218
94,36,43,94,295,194,332,218,129,83,43,0,189,184,218,218,0,83,194,218
94,36,43,94,308,194,0,218,129,83,83,0,0,326,0,218,99,83,194,66
94,36,43,94,308,194,0,218,129,83,83,0,0,326,0,218,99,83,194,66
94,36,43,94,283,194,0,218,129,83,83,0,66,326,0,98,99,83,194,286
94,36,43,94,283,194,0,218,129,83,83,0,66,326,0,98,99,83,194,286
95,36,43,95,192,0,0,360,129,354,83,0,0,326,83,98,99,83,0,326
95,36,43,95,192,0,0,360,129,354,83,0,0,326,83,98,99,83,0,326
95,36,43,95,120,127,133,356,129,201,83,182,98,326,83,98,99,83,192,326
95,36,43,95,120,127,133,356,129,201,83,182,98,326,83,98,99,83,192,326
95,36,43,95,178,127,0,121,129,138,83,0,98,326,83,98,99,0,0,326
95,36,43,95,178,127,0,121,129,138,83,0,98,326,83,98,99,0,0,326
109,36,43,109,339,127,0,0,129,250,83,279,98,326,83,98,99,0,201,326
109,36,43,109,339,127,0,0,129,250,83,279,98,326,83,98,99,0,201,326
109,36,43,109,286,127,260,294,129,281,83,0,98,326,83,98,99,128,233,326
109,36,43,109,286,127,260,294,129,281,83,0,98,326,83,98,99,128,233,326
109,36,43,109,121,127,284,355,145,147,83,0,98,326,83,98,99,194,0,326
109,36,43,109,121,127,284,355,145,147,83,0,98,326,83,98,99,194,0,326
122,36,43,122,153,127,316,356,286,219,0,0,98,0,83,98,0,194,0,326
122,36,43,122,153,127,316,356,286,219,0,0,98,0,83,98,0,194,0,326
122,36,43,122,133,127,333,356,326,279,128,0,98,98,83,0,0,194,0,326
122,36,43,122,133,127,333,356,326,279,128,0,98,98,83,0,0,194,0,326
122,36,43,122,266,127,0,225,326,358,339,0,98,98,169,99,0,194,0,0
122,36,43,122,266,127,0,225,326,358,339,0,98,98,169,99,0,194,0,0
139,36,43,139,138,107,0,359,326,98,351,99,107,98,169,99,133,194,98,0
139,36,43,139,138,107,0,359,326,98,351,99,107,98,169,99,133,194,98,0
139,36,43,139,249,107,0,359,326,98,358,99,107,98,169,99,0,194,98,0
139,36,43,139,249,107,0,359,326,98,358,99,107,98,169,99,0,194,98,0
139,36,43,139,201,107,169,120,326,98,43,99,107,98,169,99,0,194,98,192
139,36,43,139,201,107,169,120,326,98,43,99,107,98,169,99,0,194,98,192
144,36,43,144,145,107,169,0,326,98,43,99,107,98,169,99,120,194,98,0
144,36,43,144,145,107,169,0,326,98,43,99,107,98,169,99,120,194,98,0
144,36,43,144,147,107,169,189,326,98,43,99,107,98,169,99,0,127,98,240
144,36,43,144,147,107,169,189,326,98,43,99,107,98,169,99,0,127,98,240
144,36,43,144,346,107,169,189,326,98,43,99,107,98,169,99,286,127,98,0
144,36,43,144,346,107,169,189,326,98,43,99,107,98,169,99,286,127,98,0
146,36,43,146,231,107,169,189,362,98,43,99,107,186,169,99,326,127,98,314
146,36,43,146,231,107,169,189,362,98,43,99,107,186,169,99,326,127,98,314
146,36,43,146,269,107,169,189,362,98,147,99,107,186,0,129,326,127,98,324
146,36,43,146,269,107,169,189,362,98,147,99,107,186,0,129,326,127,98,324
146,36,43,146,182,262,169,189,184,99,294,127,275,186,129,129,326,127,0,0
146,36,43,146,182,262,169,189,184,99,294,127,275,186,129,129,326,127,0,0
162,36,43,162,280,262,169,189,184,99,360,127,0,186,129,129,326,127,225,0
162,36,43,162,280,262,169,189,184,99,360,127,0,186,129,129,326,127,225,0
162,36,43,162,299,262,116,189,184,99,43,127,0,186,129,129,326,127,0,0
162,36,43,162,299,262,116,189,184,99,43,127,0,186,129,129,326,127,0,0
162,36,43,162,304,262,116,189,184,99,43,127,0,186,129,129,326,127,0,201
162,36,43,162,304,262,116,189,184,99,43,127,0,186,129,129,326,127,0,201
180,36,43,180,209,262,116,290,184,99,43,127,0,186,129,129,326,249,231,316
180,36,43,180,209,262,116,290,184,99,43,127,0,186,129,129,326,249,231,316
180,36,43,180,210,262,116,290,184,99,43,127,0,186,129,129,326,0,232,333
180,36,43,180,210,262,116,290,184,99,43,127,0,186,129,129,326,0,232,333
180,36,43,180,275,262,116,123,184,99,43,127,83,0,129,129,0,0,232,0
180,36,43,180,275,262,116,123,184,99,43,127,83,0,129,129,0,0,232,0
181,36,43,181,219,262,116,123,184,99,127,127,83,0,129,184,169,0,232,0
181,36,43,181,219,262,116,123,184,99,127,127,83,0,129,184,169,0,232,0
181,36,43,181,225,349,116,123,118,156,127,145,83,194,0,184,169,107,232,0
181,36,43,181,225,349,116,123,118,156,127,145,83,194,0,184,169,107,232,0
181,36,43,181,367,349,116,123,118,156,127,326,83,194,138,184,169,107,232,120
181,36,43,181,367,349,116,123,118,156,127,326,83,194,138,184,169,107,232,120
190,36,43,190,294,349,0,123,118,156,127,326,83,194,250,184,169,107,232,370
190,36,43,190,294,349,0,123,118,156,127,326,83,194,250,184,169,107,232,370
190,36,43,190,233,349,240,123,118,156,127,326,83,194,0,184,169,107,232,0
190,36,43,190,233,349,240,123,118,156,127,326,83,194,0,184,169,107,232,0
190,36,43,190,279,349,269,123,118,156,127,326,83,194,153,184,169,107,232,0
190,36,43,190,279,349,269,123,118,156,127,326,83,194,153,184,169,107,232,0
193,36,43,193,240,349,0,123,118,156,127,326,83,194,0,184,169,107,0,0
193,36,43,193,240,349,0,123,118,156,127,326,83,194,0,184,169,107,0,0
193,36,43,193,250,349,312,135,118,156,127,326,127,194,186,184,169,107,0,0
193,36,43,193,250,349,312,135,118,156,127,326,127,194,186,184,169,107,0,0
193,36,43,193,281,349,312,135,118,156,194,326,127,194,186,232,178,107,121,107
193,36,43,193,281,349,312,135,118,156,194,326,127,194,186,232,178,107,121,107
197,36,43,197,306,158,312,135,0,283,194,326,127,210,186,232,232,170,138,107
197,36,43,197,306,158,312,135,0,283,194,326,127,210,186,232,232,170,138,107
197,36,43,197,284,158,312,135,209,0,194,0,127,332,186,232,232,170,219,107
197,36,43,197,284,158,312,135,209,0,194,0,127,332,186,232,232,170,219,107
197,36,43,197,314,158,312,135,210,231,194,283,127,0,186,232,232,170,250,107
197,36,43,197,314,158,312,135,210,231,194,283,127,0,186,232,232,170,250,107
221,36,43,221,289,158,312,135,266,233,194,0,127,0,186,232,232,170,0,107
221,36,43,221,289,158,312,135,266,233,194,0,127,0,186,232,232,170,0,107
221,36,43,221,300,158,312,135,340,289,194,0,127,0,186,232,232,170,0,107
221,36,43,221,300,158,312,135,340,289,194,0,127,0,186,232,232,170,0,107
221,36,43,221,316,158,312,135,340,249,194,0,127,0,186,232,232,170,0,107
221,36,43,221,316,158,312,135,340,249,194,0,127,0,186,232,232,170,0,107
224,36,43,224,354,158,0,171,340,367,194,0,169,107,170,232,232,170,0,107
224,36,43,224,354,158,0,171,340,367,194,0,169,107,170,232,232,170,0,107
224,36,43,224,320,158,335,171,340,368,0,184,169,107,170,123,232,170,99,121
224,36,43,224,320,158,335,171,340,368,0,184,169,107,170,123,232,170,99,121
224,36,43,224,321,254,0,171,340,369,0,184,169,107,170,123,280,252,99,0
224,36,43,224,321,254,0,171,340,369,0,184,169,107,170,123,280,252,99,0
226,36,43,226,322,254,0,171,340,370,189,184,169,107,170,123,284,252,99,133
226,36,43,226,322,254,0,171,340,370,189,184,169,107,170,123,284,252,99,133
226,36,43,226,369,254,0,171,340,366,189,184,169,107,170,123,295,252,99,145
226,36,43,226,369,254,0,171,340,366,189,184,169,107,170,123,295,252,99,145
226,36,43,226,324,254,170,171,340,366,189,184,169,107,170,123,0,252,99,0
226,36,43,226,324,254,170,171,340,366,189,184,169,107,170,123,0,252,99,0
228,36,43,228,331,254,170,171,318,366,189,184,169,107,170,123,0,252,99,0
228,36,43,228,331,254,170,171,318,366,189,184,169,107,170,123,0,252,99,0
228,36,43,228,332,254,170,171,318,366,189,184,169,107,170,123,0,252,99,0
228,36,43,228,332,254,170,171,318,366,189,184,169,107,170,123,0,252,99,0
228,36,43,228,333,254,170,338,318,280,189,184,266,123,116,123,156,252,99,0
228,36,43,228,333,254,170,338,318,280,189,184,266,123,116,123,156,252,99,0
230,36,43,230,335,254,170,339,318,0,189,252,353,123,116,118,156,252,116,116
230,36,43,230,335,254,170,339,318,0,189,252,353,123,116,118,156,252,116,116
230,36,43,230,338,207,170,344,213,220,189,252,353,123,116,118,156,0,116,116
230,36,43,230,338,207,170,344,213,220,189,252,353,123,116,118,156,0,116,116
230,36,43,230,350,207,170,346,213,220,262,252,353,123,116,118,156,153,116,116
230,36,43,230,350,207,170,346,213,220,262,252,353,123,116,118,156,153,116,116
234,36,43,234,351,207,170,350,213,220,262,252,353,123,116,118,156,233,116,116
234,264,43,234,351,207,170,350,213,220,262,252,353,123,116,118,156,233,116,116
234,264,43,234,355,207,186,351,213,220,262,252,353,123,116,118,156,360,116,116
234,264,43,234,355,207,186,351,213,220,262,252,353,123,116,118,156,360,116,116
234,264,43,234,357,207,186,352,213,220,262,252,353,123,116,118,156,0,116,116
234,264,43,234,357,207,186,352,213,220,262,252,353,123,116,118,156,0,116,116
236,264,43,236,358,207,186,352,213,220,262,252,353,123,116,118,156,0,116,116
236,264,43,236,358,207,186,352,213,220,262,252,353,123,116,118,156,0,116,116
236,264,43,236,360,207,186,352,213,220,262,252,353,118,156,118,135,0,116,116
236,264,43,236,360,207,186,352,213,220,262,252,353,118,156,118,135,0,116,116
236,264,43,236,368,207,186,352,213,220,262,116,269,118,156,135,135,0,118,123
236,264,43,236,368,207,186,352,213,220,262,116,269,118,156,135,135,0,118,123
246,264,43,246,370,235,186,352,232,261,262,116,344,118,156,135,135,129,118,123
246,264,43,246,370,235,186,352,232,261,262,116,344,118,156,135,135,129,118,123
246,264,43,246,36,235,186,352,232,261,118,116,349,118,156,135,135,129,118,123
246,264,43,246,36,235,186,352,232,261,118,116,349,118,156,135,135,129,118,123
246,264,43,246,36,235,186,352,232,261,118,116,349,118,156,135,135,129,118,123
246,264,43,246,36,235,186,352,232,261,118,116,349,118,156,135,135,129,118,123
248,264,43,248,36,235,202,352,232,261,118,116,349,118,156,135,135,129,118,123
248,264,43,248,36,235,202,352,232,261,118,116,349,118,156,135,135,129,118,123
248,264,43,248,36,235,202,343,232,261,118,116,349,118,156,135,135,129,118,123
248,264,43,248,36,235,202,343,232,261,118,116,349,118,156,135,135,129,118,123
248,264,43,248,36,235,202,343,232,261,118,116,349,118,156,135,135,129,118,123
248,264,43,248,36,235,202,343,232,261,118,116,349,118,156,135,135,129,118,123
256,264,43,256,36,235,202,271,232,261,118,116,349,135,252,135,147,129,118,123
256,264,43,256,36,235,202,271,232,261,118,116,349,135,252,135,147,129,118,123
256,264,43,256,36,235,202,271,232,261,118,135,349,135,252,0,0,129,123,350
256,264,43,256,36,235,202,271,232,261,118,135,349,135,252,0,0,129,123,350
256,264,43,256,36,257,202,271,306,273,118,135,349,135,252,158,209,349,123,367
256,264,43,256,36,257,202,271,306,273,118,135,349,135,252,158,209,349,123,367
259,264,43,259,36,257,202,271,308,273,129,135,0,135,252,158,210,349,123,368
259,264,43,259,36,257,202,271,308,273,129,135,0,135,252,158,210,349,123,368
259,264,43,259,36,257,202,271,311,273,129,135,0,135,252,158,0,349,123,0
259,264,43,259,36,257,202,271,311,273,129,135,0,135,252,158,0,349,123,0
259,264,43,259,36,257,299,271,314,273,129,135,0,135,252,158,260,349,123,0
259,264,43,259,36,257,299,271,314,273,129,135,0,135,252,158,260,349,123,0
263,264,43,263,36,257,300,271,325,273,129,135,0,135,252,158,281,349,123,0
263,264,43,263,36,257,300,271,325,273,129,135,0,135,252,158,281,349,123,0
263,264,43,263,36,257,304,271,325,273,129,135,0,135,252,158,369,349,123,0
263,264,43,263,36,257,304,271,325,273,129,135,0,135,252,158,369,349,123,0
263,264,43,263,36,257,324,276,325,273,129,135,156,0,321,158,0,349,123,0
263,264,43,263,36,257,324,276,325,273,129,135,156,0,321,158,0,349,123,0
265,264,43,265,36,257,357,276,325,273,129,213,156,209,331,158,0,349,260,158
265,264,43,265,36,257,357,276,325,273,129,213,156,209,331,158,0,349,260,158
265,264,43,265,36,353,0,276,277,139,129,213,156,314,0,189,0,353,269,158
265,264,43,265,36,353,0,276,277,139,129,213,156,314,0,189,0,353,269,158
265,264,43,265,36,353,0,276,277,139,346,213,156,333,0,189,0,353,275,158
265,264,43,265,36,353,0,276,277,139,346,213,156,333,0,189,0,353,275,158
285,264,43,285,36,353,0,276,277,139,354,213,156,0,0,189,0,353,0,158
285,264,43,285,36,353,0,276,277,139,354,213,156,0,0,189,0,353,0,158
285,264,43,285,36,353,252,276,277,139,361,213,156,0,0,189,0,353,0,158
285,264,43,285,36,353,252,276,277,139,361,213,156,0,0,189,0,353,0,158
285,264,43,285,36,353,252,276,277,139,43,213,156,0,0,189,289,353,0,158
285,264,43,285,36,353,252,276,277,139,43,213,156,0,0,189,289,353,0,158
290,264,43,290,36,353,252,276,277,139,43,213,156,0,0,189,0,353,0,158
290,264,43,290,36,353,252,276,277,139,43,213,156,0,0,189,0,353,0,158
290,264,43,290,36,353,252,109,277,144,43,213,312,158,189,189,0,353,0,158
290,264,43,290,36,353,252,109,277,144,43,213,312,158,189,189,0,353,0,158
290,264,43,290,36,353,252,109,277,144,43,186,312,158,189,189,0,353,158,169
290,264,43,290,36,353,252,109,277,144,43,186,312,158,189,189,0,353,158,169
291,264,43,291,36,43,252,109,36,144,43,186,312,158,189,171,0,156,158,169
291,264,43,291,36,43,252,109,36,144,43,186,312,158,189,171,0,156,158,169
291,264,43,291,36,43,252,109,36,144,273,186,312,158,189,171,170,156,158,169
291,264,43,291,36,43,252,109,36,144,273,186,312,158,189,171,170,156,158,169
291,264,43,291,36,43,252,109,36,144,273,186,312,158,189,171,170,156,158,169
291,264,43,291,36,43,252,109,36,144,273,186,312,158,189,171,170,156,158,169
296,264,43,296,36,43,320,109,36,144,273,186,312,158,189,171,170,156,158,169
296,264,43,296,36,43,320,122,36,144,273,186,312,158,189,171,170,156,158,169
296,264,43,296,36,43,321,122,36,146,273,186,312,158,189,171,170,156,158,169
296,264,43,296,36,43,321,122,71,146,273,186,312,158,189,171,170,156,158,169
296,264,43,296,36,43,322,122,71,146,273,186,312,158,189,171,170,156,158,169
296,264,43,296,36,43,322,122,71,146,273,186,312,158,189,171,170,156,158,169
301,264,43,301,36,43,331,122,71,146,273,186,171,254,254,171,170,156,158,169
301,264,43,301,36,43,331,122,71,146,273,186,171,254,254,171,170,156,158,169
301,264,43,301,36,43,0,122,71,146,273,170,171,254,254,171,170,156,171,254
301,264,43,301,36,43,0,122,71,146,273,170,171,254,254,171,170,156,171,254
301,264,43,301,36,43,0,122,71,146,273,170,171,254,254,266,170,0,171,254
301,264,43,301,36,43,0,122,71,146,273,170,171,254,254,266,170,0,171,254
303,264,43,303,36,43,0,180,72,146,0,170,171,254,254,284,184,300,171,254
303,264,43,303,36,43,0,180,72,146,0,170,171,254,254,284,184,300,171,254
303,264,43,303,36,43,0,180,72,162,295,170,171,254,254,340,184,355,171,254
303,264,43,303,36,43,0,180,72,162,295,170,171,254,254,340,184,355,171,254
303,264,43,303,36,43,278,180,72,162,369,170,171,254,254,340,184,0,171,254
303,264,43,303,36,43,278,180,72,162,369,170,171,254,254,340,184,0,171,254
307,264,43,307,36,43,278,180,72,162,43,170,171,254,254,340,184,0,171,254
307,264,43,307,36,43,278,180,72,162,43,170,171,254,254,340,184,0,171,254
307,264,43,307,36,43,278,180,72,162,43,170,171,254,254,340,184,0,171,254
307,264,43,307,36,43,278,180,94,162,43,170,171,254,254,340,184,0,171,254
307,264,43,307,36,43,278,181,94,162,43,170,202,202,0,340,184,0,171,254
307,264,43,307,36,43,278,181,94,162,43,170,202,202,0,340,184,0,171,254
309,264,43,309,36,43,278,181,94,162,43,0,202,202,0,340,184,0,186,262
309,264,43,309,36,43,278,181,94,162,43,0,202,202,0,340,184,0,186,262
309,264,43,309,264,43,278,181,94,197,43,240,202,202,0,340,184,171,186,262
309,264,43,309,264,43,278,181,94,197,43,240,202,202,0,340,184,171,186,262
309,264,43,309,264,43,278,181,94,197,254,368,202,202,0,340,340,171,186,262
309,264,43,309,264,43,278,181,94,197,254,368,202,202,0,340,340,171,186,262
310,264,43,310,264,43,278,181,95,197,254,370,202,202,0,0,340,171,186,262
310,264,43,310,264,43,278,181,95,197,254,370,202,202,0,0,340,171,186,262
310,264,43,310,264,43,0,224,95,197,254,0,202,202,0,0,340,171,186,262
310,264,43,310,264,43,0,224,95,197,254,0,202,202,0,0,340,171,186,262
310,264,43,310,264,43,0,224,95,197,254,0,202,202,0,0,340,171,186,262
310,264,43,310,264,43,0,224,95,197,254,0,202,202,0,0,340,171,186,262
315,264,43,315,264,43,0,224,95,197,254,0,202,202,0,0,340,171,186,262
315,264,43,315,264,43,0,224,95,197,254,0,202,202,0,0,340,171,186,262
315,264,43,315,264,43,0,224,95,230,254,0,338,213,207,0,340,171,186,262
315,264,43,315,264,43,0,224,190,230,254,0,338,213,207,0,340,171,186,262
315,264,43,315,264,43,0,224,190,230,254,0,361,213,207,0,340,171,202,207
315,264,43,315,264,43,0,224,190,230,254,0,361,213,207,0,340,171,202,207
318,264,43,318,264,43,0,234,190,230,254,0,0,213,207,220,340,339,202,207
318,264,43,318,264,43,0,234,190,230,254,0,0,213,207,220,340,339,202,207
318,264,43,318,264,43,0,234,190,230,202,280,0,213,207,220,367,354,202,207
318,264,43,318,264,43,0,234,190,230,202,280,0,213,207,220,367,354,202,207
318,264,43,318,264,43,0,234,190,230,202,289,0,213,207,220,0,357,202,207
318,264,43,318,264,43,0,234,190,230,202,289,0,213,207,220,0,357,202,207
319,264,43,319,264,43,0,234,193,230,202,0,0,213,207,220,0,0,202,207
319,264,43,319,264,43,0,234,193,230,202,0,0,213,207,220,0,0,202,207
319,264,43,319,264,43,0,234,193,246,202,0,0,213,207,220,0,0,202,207
319,264,43,319,264,43,0,234,193,246,202,0,0,213,207,220,0,0,202,207
319,264,43,319,264,43,0,236,193,246,202,0,0,213,207,220,0,0,202,207
319,264,43,319,264,43,0,236,193,246,202,0,0,213,207,220,0,0,202,207
325,264,43,325,264,43,0,236,193,246,202,0,321,306,220,220,0,0,202,207
325,264,43,325,264,43,0,236,193,246,202,0,321,306,220,220,0,0,202,207
325,264,43,325,264,43,0,236,193,246,202,207,331,311,220,220,0,0,207,299
325,264,43,325,264,43,0,236,221,246,202,207,331,311,220,220,0,0,207,299
325,267,43,325,264,43,0,236,221,246,202,207,346,316,220,249,0,299,207,300
325,267,43,325,264,43,0,236,221,246,202,207,346,316,220,249,0,299,207,300
327,267,43,327,264,43,0,236,221,246,338,207,350,0,220,0,213,304,207,304
327,267,43,327,264,43,0,236,221,246,338,207,350,0,220,0,213,304,207,304
327,267,43,327,264,43,0,290,221,248,355,207,351,0,220,0,213,358,207,0
327,267,43,327,264,43,0,290,221,248,355,207,351,0,220,0,213,358,207,0
327,267,43,327,264,43,0,290,221,248,43,207,352,0,220,0,213,0,207,0
327,267,43,327,264,43,0,290,221,248,43,207,352,0,220,0,213,0,207,0
328,267,43,328,264,43,0,290,226,248,43,207,352,0,220,0,213,0,207,0
328,267,43,328,264,43,0,290,226,248,43,207,352,0,220,0,213,0,207,0
328,267,43,328,264,43,0,290,226,248,43,207,352,0,220,0,213,0,207,0
328,267,43,328,264,43,0,290,226,248,43,207,352,0,220,0,213,0,207,0
328,267,43,328,264,43,0,290,226,248,43,207,352,235,261,0,213,0,207,0
328,267,43,328,264,43,0,290,226,248,43,207,352,235,261,0,213,0,207,0
329,267,43,329,264,43,0,296,226,248,43,232,352,235,261,0,213,0,235,252
329,267,43,329,264,43,0,296,226,248,43,232,352,235,261,0,213,0,235,252
329,267,43,329,264,43,0,296,226,291,43,232,352,235,261,0,213,235,235,252
329,267,43,329,264,43,0,296,228,291,43,232,352,235,261,0,213,235,235,252
329,267,43,329,264,43,0,296,228,291,213,232,352,235,261,353,218,235,235,252
329,267,43,329,264,43,0,296,228,291,213,232,352,235,261,353,218,235,235,252
330,267,43,330,264,43,0,296,228,291,213,232,352,235,261,353,218,235,235,252
330,267,43,330,264,43,0,296,228,291,213,232,352,235,261,353,218,235,235,252
330,267,43,330,264,43,0,296,228,291,213,232,0,235,261,353,218,235,235,252
330,267,43,330,264,43,0,296,228,291,213,232,0,235,261,353,218,235,235,252
330,267,43,330,264,43,0,301,228,291,213,232,0,235,261,353,218,235,235,252
330,267,43,330,264,43,0,301,228,291,213,232,0,235,261,353,218,235,235,252
334,267,43,334,264,43,0,301,256,291,213,232,0,235,261,353,218,235,235,252
334,267,43,334,264,43,0,301,256,291,213,232,0,235,261,353,218,235,235,252
334,267,43,334,264,43,0,301,256,303,213,232,257,261,0,353,218,235,235,252
334,267,43,334,264,43,0,301,256,303,213,232,257,261,0,353,218,235,235,252
334,267,43,334,264,43,0,301,256,303,213,261,257,261,335,353,218,235,261,352
334,267,43,334,264,43,0,301,256,303,213,261,257,261,335,353,218,235,261,352
336,267,43,336,264,43,0,301,256,303,213,261,257,261,0,353,218,257,261,352
336,267,43,336,264,43,0,301,256,303,213,261,257,261,0,353,218,257,261,352
336,267,43,336,264,43,0,319,256,303,220,261,257,261,0,271,220,257,261,352
336,267,43,336,264,43,0,319,259,303,220,261,257,261,0,271,220,257,261,352
336,267,43,336,264,43,0,319,259,303,220,261,257,261,0,271,220,257,261,352
336,267,43,336,264,43,0,319,259,303,220,261,257,261,0,271,220,257,261,352
337,267,43,337,264,43,0,319,259,303,220,261,257,261,0,271,220,257,261,352
337,267,43,337,264,43,0,319,259,303,220,261,257,261,0,271,220,257,261,352
337,267,43,337,264,43,0,319,259,327,220,261,257,261,0,271,220,257,261,352
337,267,43,337,264,43,0,319,259,327,220,261,257,261,0,271,220,257,261,352
337,267,43,337,264,43,0,319,259,327,220,261,257,261,0,271,220,257,261,352
337,267,43,337,264,43,0,319,259,327,220,261,257,261,0,271,220,257,261,352
341,267,43,341,264,43,0,330,263,327,220,261,0,320,273,271,220,257,261,352
341,267,43,341,267,43,0,330,263,327,220,261,0,320,273,271,220,257,261,352
341,267,43,341,267,43,0,330,263,327,220,352,335,322,273,271,220,257,322,257
341,267,43,341,267,43,0,330,263,327,220,352,335,322,273,271,220,257,322,257
341,267,43,341,267,43,0,330,263,327,220,352,0,324,273,271,220,271,332,257
341,267,43,341,267,43,0,330,263,327,220,352,0,324,273,271,220,271,332,257
342,267,43,342,267,43,0,330,263,327,235,352,0,0,273,312,352,271,0,257
342,267,43,342,267,43,0,330,263,327,235,352,0,0,273,312,352,271,0,257
342,267,43,342,267,43,0,330,263,328,235,352,0,0,273,312,352,271,0,257
342,267,43,342,267,43,0,330,264,328,235,352,0,0,273,312,352,271,0,257
342,267,43,342,267,43,0,337,264,328,235,352,0,0,273,312,352,271,0,257
342,267,43,342,267,43,0,337,264,328,235,352,0,0,273,312,352,271,0,257
343,267,43,343,267,43,0,337,264,328,235,352,0,0,273,312,352,271,0,257
343,267,43,343,267,43,0,337,264,328,235,352,0,0,273,312,352,271,0,257
343,267,43,343,267,43,0,337,264,328,235,352,0,0,273,312,352,271,0,257
343,267,43,343,267,43,0,337,264,328,235,352,0,0,273,312,352,271,0,257
343,267,43,343,267,43,0,337,264,328,235,352,273,308,276,312,352,271,0,257
343,267,43,343,267,43,0,337,264,328,235,352,273,308,276,312,352,271,0,257
345,267,43,345,267,43,0,337,265,328,235,262,273,0,276,312,352,271,312,306
345,267,43,345,267,43,0,337,265,328,235,262,273,0,276,312,352,271,312,306
345,267,43,345,267,43,0,341,265,329,235,262,273,0,276,312,352,273,312,308
345,267,43,345,267,43,0,341,265,329,235,262,273,0,276,312,352,273,312,308
345,267,43,345,267,43,0,341,265,329,257,262,273,0,276,277,262,273,312,311
345,267,43,345,267,43,0,341,265,329,257,262,273,0,276,277,262,273,312,311
347,267,43,347,267,43,0,341,265,329,257,262,273,0,276,277,262,273,312,320
347,267,43,347,267,43,0,341,265,329,257,262,273,0,276,277,262,273,312,320
347,267,43,347,267,43,0,341,265,329,257,262,273,0,276,277,262,273,312,344
347,267,43,347,267,43,0,341,267,329,257,262,273,0,276,277,262,273,312,344
347,267,43,347,267,43,0,341,267,329,257,262,273,0,276,277,262,273,312,349
347,267,43,347,267,43,0,341,267,329,257,262,273,0,276,277,262,273,312,349
348,267,43,348,267,43,0,342,267,329,257,262,273,0,276,277,262,273,312,349
348,267,43,348,267,43,0,342,267,329,257,262,273,0,276,277,262,273,312,349
348,267,43,348,267,43,0,342,267,336,257,262,276,276,278,277,262,273,312,349
348,267,43,348,267,43,0,342,267,336,257,262,276,276,278,277,262,273,312,349
348,267,43,348,267,43,0,342,267,336,257,271,276,276,278,277,262,273,276,349
348,267,43,348,267,43,0,342,267,336,257,271,276,276,278,277,262,273,276,349
356,267,43,356,267,43,0,342,285,336,257,271,276,276,278,277,262,277,276,349
356,267,43,356,267,43,0,342,285,336,257,271,276,276,278,277,262,277,276,349
356,267,43,356,267,43,0,342,285,336,349,271,276,276,278,0,271,277,276,349
356,267,43,356,267,43,0,342,285,336,349,271,276,276,278,0,271,277,276,349
356,267,43,356,267,43,0,343,285,336,349,271,276,276,278,0,271,277,276,349
356,267,43,356,267,43,0,343,285,336,349,271,276,276,278,0,271,277,276,349
359,267,43,359,267,43,0,343,285,336,349,271,276,276,278,0,271,277,276,349
359,267,43,359,267,43,0,343,285,336,349,271,276,276,278,0,271,277,276,349
359,267,43,359,267,43,0,343,307,363,349,271,276,276,278,0,271,277,276,0
359,267,43,359,267,43,0,343,307,363,349,271,276,276,278,0,271,277,276,0
359,267,43,359,267,43,0,343,307,363,349,271,276,276,278,0,271,277,276,0
359,267,43,359,267,43,0,343,307,363,349,271,276,276,278,0,271,277,276,0
362,267,43,362,267,43,0,343,307,363,349,271,277,278,340,0,271,277,276,0
362,267,43,362,267,43,0,343,307,363,349,271,277,278,340,0,271,277,276,0
362,267,43,362,267,43,0,345,307,363,349,340,277,278,340,0,271,277,278,277
362,267,43,362,267,43,0,345,307,363,349,340,277,278,340,0,271,277,278,277
362,267,43,362,267,43,0,345,309,363,349,340,277,278,340,0,271,312,278,277
362,267,43,362,267,43,0,345,309,363,349,340,277,278,340,0,271,312,278,277
363,267,43,363,267,43,0,345,309,363,278,340,277,278,340,0,353,312,278,277
363,267,43,363,267,43,0,345,309,363,278,340,277,278,340,0,353,312,278,277
363,267,43,363,267,43,0,345,309,364,278,340,277,278,340,0,353,312,278,277
363,267,43,363,267,43,0,345,309,364,278,340,277,278,340,0,353,312,278,277
363,267,43,363,267,43,0,345,309,364,278,340,277,278,340,0,353,312,278,277
363,267,43,363,267,43,0,345,309,364,278,340,277,278,340,0,353,312,278,277
364,267,43,364,267,43,0,347,310,364,278,340,277,278,340,0,353,312,278,277
364,267,43,364,267,43,0,347,310,364,278,340,277,278,340,0,353,312,278,277
364,267,43,364,267,43,0,347,310,364,278,340,277,278,340,0,353,312,278,277
364,267,43,364,267,43,0,347,310,364,278,340,277,278,340,0,353,312,278,277
364,267,43,364,267,43,0,347,310,364,278,340,0,0,0,0,353,312,278,277
364,267,43,364,267,43,0,347,310,364,278,340,0,0,0,0,353,312,278,277
365,267,43,365,267,43,0,347,310,364,278,0,0,0,0,0,353,312,0,0
365,267,43,365,267,43,0,347,310,364,278,0,0,0,0,0,353,312,0,0
365,267,43,365,267,43,0,347,315,365,278,0,0,0,0,0,353,0,0,0
365,267,43,365,267,43,0,347,315,365,278,0,0,0,0,0,353,0,0,0
365,267,43,365,267,43,0,348,315,365,0,0,0,0,0,0,0,0,0,0
365,267,43,365,267,43,0,348,315,365,0,0,0,0,0,0,0,0,0,0
366,267,43,366,267,43,0,348,315,365,0,0,0,0,0,0,0,0,0,0
366,267,43,366,267,43,0,348,315,365,0,0,0,0,0,0,0,0,0,0
366,267,43,366,267,43,0,348,315,365,0,0,0,0,0,0,0,0,0,0
366,267,43,366,267,43,0,348,315,365,0,0,0,0,0,0,0,0,0,0
366,267,43,366,267,43,0,348,0,365,0,0,0,0,0,0,0,0,0,0
366,267,43,366,267,43,0,348,0,365,0,0,0,0,0,0,0,0,0,0