225,700,596,225,940,810,0,1074,1026,117,0,810,393,831,1073,977,1100,393,628,966
225,700,596,225,940,810,0,1074,1026,117,0,810,393,831,1073,977,1100,393,628,966
225,700,596,225,1093,857,880,900,510,994,0,812,1152,831,1073,977,1109,719,878,966
280,700,596,280,1093,857,880,900,510,994,0,812,1152,831,1073,977,1109,719,878,966
280,700,596,280,1118,1216,820,878,1064,628,246,814,900,831,1073,977,1111,1122,246,966
280,700,596,280,1118,1216,820,878,1064,628,246,814,900,831,1073,977,1111,1122,246,966
291,700,596,291,526,937,875,1077,1088,745,566,0,651,831,1073,977,1111,1024,649,966
291,700,596,291,526,937,875,1077,1088,745,566,0,651,831,1073,977,1111,1024,649,966
291,700,596,291,1003,1033,419,946,1031,760,566,913,849,831,1073,977,1111,1181,814,966
330,700,596,330,1003,1033,419,946,1031,760,566,913,849,831,1073,977,1111,1181,814,966
330,700,596,330,1059,1034,885,826,670,815,566,1114,670,831,1073,977,1111,906,284,966
330,700,596,330,1059,1034,885,826,670,815,566,1114,670,831,1073,977,1111,906,284,966
365,700,596,365,1044,1034,528,515,1097,1136,566,0,595,831,1073,977,1111,901,651,966
365,700,596,365,1044,1034,528,515,1097,1136,566,0,595,831,1073,977,1111,901,651,966
365,700,596,365,967,1034,908,815,1040,821,566,0,856,831,1073,977,1111,882,815,966
366,700,596,366,967,1034,908,815,1040,821,566,0,856,831,1073,977,1111,882,815,966
366,700,596,366,1167,1034,670,1121,823,585,566,0,117,1111,0,1115,1111,917,668,857
366,700,596,366,1167,1034,670,1121,823,585,566,0,117,1111,0,1115,1111,917,668,857
373,700,596,373,289,1034,913,1219,825,644,566,0,1086,1111,0,1115,1111,959,671,117
373,700,596,373,289,1034,913,1219,825,644,566,0,1086,1111,0,1115,1111,959,671,117
373,700,596,373,869,1034,132,1178,1024,826,566,826,1181,1111,0,1115,0,664,515,0
380,700,596,380,869,1034,132,1178,1024,826,566,826,1181,1111,0,1115,0,664,515,0
380,744,596,380,969,1034,185,1136,1093,289,607,883,771,1111,0,1115,1098,1183,1149,869
380,744,596,380,969,1034,185,1136,1093,289,607,883,771,1111,0,1115,1098,1183,1149,869
398,744,596,398,287,1034,185,246,1042,940,607,1111,857,1111,0,1115,0,885,842,1064
398,744,741,398,287,1034,185,246,1042,940,607,1111,857,1111,0,1115,0,885,842,1064
398,744,741,398,1109,1149,185,278,913,1138,607,1111,1183,1111,0,1115,1186,328,644,0
414,744,741,414,1109,1149,185,278,913,1138,607,1111,1183,1111,0,1115,1186,328,644,0
414,744,741,414,806,1150,185,1043,1050,984,607,1111,534,1111,0,1115,1191,328,893,882
414,744,741,414,806,1150,185,1043,1050,984,607,1111,534,1111,0,1115,1191,328,893,882
428,744,741,428,508,596,185,1175,675,999,607,1111,875,1111,328,1115,1201,328,1150,261
428,744,741,428,508,596,185,1175,675,999,607,1111,875,1111,328,1115,1201,328,1150,261
428,744,741,428,573,596,185,508,715,651,607,1111,1167,607,328,401,0,328,1058,261
435,744,741,435,573,596,185,508,715,651,607,1111,1167,607,328,401,0,328,1058,261
435,744,741,435,896,596,185,573,827,1142,607,1111,1190,607,328,401,0,328,1173,261
435,744,741,435,896,596,185,573,827,1142,607,1111,1190,607,328,401,0,328,1173,261
443,744,741,443,117,596,185,627,1094,839,607,1111,1033,607,328,401,0,328,675,261
443,744,741,443,117,596,185,627,1094,839,607,1111,1033,607,328,401,0,328,675,261
443,744,741,443,1049,675,1213,1124,1051,671,1198,1111,1034,607,328,401,740,328,508,261
445,744,741,445,1049,675,1213,1124,1051,671,1198,1111,1034,607,328,401,740,328,508,261
445,744,741,445,968,1001,1214,856,377,883,1198,0,1034,607,328,401,1084,328,859,261
445,744,741,445,968,1001,1214,856,377,883,1198,0,1034,607,328,401,1084,328,859,261
450,744,741,450,515,1219,1214,1096,1052,900,1198,0,1034,607,328,401,1085,336,676,261
450,744,741,450,515,1219,1214,1096,1052,900,1198,0,1034,607,328,401,1085,336,676,261
450,757,741,450,971,700,1214,1058,434,849,1198,0,1034,607,328,401,1086,910,1033,261
454,757,741,454,971,700,1214,1058,434,849,1198,0,1034,607,328,401,1086,910,1033,261
454,757,741,454,132,700,1214,1063,1053,958,1198,0,1034,607,852,401,1089,823,1190,885
454,757,741,454,132,700,1214,1063,1053,958,1198,0,1034,607,852,401,1089,823,1190,885
467,757,741,467,986,700,1214,1152,687,247,1198,817,1034,0,852,852,1096,1188,1037,719
467,757,741,467,986,700,1214,1152,687,247,1198,817,1034,0,852,852,1096,1188,1037,719
467,757,809,467,1096,700,1214,1068,901,771,1198,1091,1034,197,852,852,1175,1028,1038,821
527,757,809,527,1096,700,1214,1068,901,771,1198,1091,1034,197,852,852,1175,1028,1038,821
527,757,809,527,961,1193,1214,612,917,1013,1198,1091,1034,197,852,852,0,1189,1074,1069
527,757,809,527,961,1193,1214,612,917,1013,1198,1091,1034,197,852,852,0,1189,1074,1069
531,757,809,531,336,607,1214,910,1056,908,1034,1091,247,197,852,852,0,284,1043,0
531,757,809,531,336,607,1214,910,1056,908,1034,1091,247,197,852,852,0,284,1043,0
531,757,809,531,875,607,676,1196,697,595,1034,1091,914,197,852,852,0,1224,1049,515
542,757,809,542,875,607,676,1196,697,595,1034,1091,914,197,852,852,0,1224,1049,515
542,757,809,542,1072,607,0,958,1100,619,1034,1091,820,197,852,852,893,619,1063,0
542,757,809,542,1072,607,0,958,1100,619,1034,1091,820,197,852,852,893,619,1063,0
549,757,809,549,715,607,336,1199,1060,710,1034,1091,866,197,852,852,914,946,287,624
549,757,809,549,715,607,336,1199,1060,710,1034,1091,866,197,852,852,914,946,287,624
549,757,809,549,278,607,425,1029,393,914,1034,1091,870,197,791,852,958,1176,820,876
551,757,809,551,278,607,425,1029,393,914,1034,1091,870,197,791,852,958,1176,820,876
551,757,809,551,844,607,948,1080,967,534,1034,1091,1196,197,791,1112,1070,1146,1186,0
551,757,809,551,844,607,948,1080,967,534,1034,1091,1196,197,791,1112,1070,1146,1186,0
555,780,809,555,859,607,0,1010,968,866,1034,967,1155,1112,791,1112,1071,1131,880,638
555,780,809,555,859,607,0,1010,968,866,1034,967,1155,1112,791,1112,1071,1131,880,638
555,780,809,555,876,607,959,1083,969,1029,1034,968,1156,1112,791,1112,1071,0,1068,1037
564,780,809,564,876,607,959,1083,969,1029,1034,968,1156,1112,791,1112,1071,0,1068,1037
564,780,809,564,899,704,593,740,971,560,1091,969,1156,1112,791,1112,1071,817,896,0
564,780,809,564,899,704,593,740,971,560,1091,969,1156,1112,791,1112,1071,817,896,0
582,780,809,582,917,1181,1122,1089,1001,1190,1091,977,1156,1112,791,1112,1071,1045,826,0
582,780,809,582,917,1181,1122,1089,1001,1190,1091,977,1156,1112,791,1112,1071,1045,826,0
582,780,809,582,246,741,1142,684,1210,684,1091,977,1156,1112,791,1112,1071,1047,510,526
656,780,951,656,246,741,1142,684,1210,684,1091,977,1156,1112,791,1112,1071,1047,510,526
656,780,951,656,247,741,1143,1101,1221,1037,1091,977,1156,1112,791,1112,1071,0,1101,823
656,780,951,656,247,741,1143,1101,1221,1037,1091,977,1156,1112,791,1112,1071,0,1101,823
662,780,951,662,1120,741,1174,1138,1062,287,1091,977,1156,1112,1156,1112,1071,1049,958,1151
662,780,951,662,1120,741,1174,1138,1062,287,1091,977,1156,1112,1156,1112,1071,1049,958,1151
662,780,951,662,901,741,1183,1155,584,566,1091,977,1156,1112,1156,0,1071,0,1174,1153
674,780,951,674,901,741,1183,1155,584,566,1091,977,1156,1112,1156,0,1071,0,1174,1153
674,780,951,674,1213,558,1186,698,1110,566,1091,977,1156,1071,1156,0,1213,1059,1188,1156
674,780,951,674,1213,558,1186,698,1110,566,1091,977,1156,1071,1156,0,1213,1059,1188,1156
678,780,951,678,771,560,1200,703,649,566,1091,977,1218,1071,1156,832,1214,1063,900,1156
678,780,951,678,771,560,1200,703,649,566,1091,977,1218,1071,1156,832,1214,1063,900,1156
678,780,951,678,284,740,1201,1188,702,566,0,977,703,1071,1156,832,1214,1219,558,1156
682,780,951,682,284,740,1201,1188,702,566,0,977,703,1071,1156,832,1214,1219,558,1156
682,990,951,682,745,882,1146,719,966,566,831,1214,0,1071,1156,832,1214,0,839,1156
682,990,951,682,745,882,1146,719,966,566,831,1214,0,1071,1156,832,1214,0,839,1156
685,990,951,685,593,1090,1146,1204,966,566,831,1214,795,1071,1156,832,1214,666,289,1156
685,990,951,685,593,1090,1146,1204,966,566,831,1214,795,1071,1156,832,1214,666,289,1156
685,990,951,685,981,1191,1131,666,966,566,831,1214,1118,1071,1156,832,1214,675,1109,1156
708,990,951,708,981,1191,1131,666,966,566,831,1214,1118,1071,1156,832,1214,675,1109,1156
708,990,951,708,664,809,0,1003,966,566,831,1214,0,1071,0,832,1214,961,870,1156
708,990,951,708,664,809,0,1003,966,566,831,1214,0,1071,0,832,1214,961,870,1156
749,990,951,749,619,809,1064,1013,966,1150,831,1214,573,1071,1090,832,1214,1018,1093,1156
749,990,951,749,619,809,1064,1013,966,1150,831,1214,573,1071,1090,832,1214,1018,1093,1156
749,990,951,749,1196,809,0,1215,966,1063,831,1214,0,832,1091,832,1214,0,1191,1213
756,990,951,756,1196,809,0,1215,966,1063,831,1214,0,832,1091,832,1214,0,1191,1213
756,990,952,756,842,809,765,760,966,668,831,1214,624,832,1091,0,0,627,883,1215
756,990,952,756,842,809,765,760,966,668,831,1214,624,832,1091,0,0,627,883,1215
768,990,952,768,719,624,0,1118,966,1152,831,1214,0,832,1091,372,0,0,1200,1218
768,990,952,768,719,624,0,1118,966,1152,831,1214,0,832,1091,372,0,0,1200,1218
768,990,952,768,904,1015,825,1192,1122,806,0,0,806,832,1091,372,942,1097,560,1219
776,990,952,776,904,1015,825,1192,1122,806,0,0,806,832,1091,372,942,1097,560,1219
776,990,952,776,1010,1018,1070,777,1130,937,0,0,821,832,1091,372,943,0,777,1221
776,990,952,776,1010,1018,1070,777,1130,937,0,0,821,832,1091,372,943,0,777,1221
778,990,952,778,866,1020,1071,849,704,1068,442,1009,1059,832,1091,372,946,1064,908,1224
778,990,952,778,866,1020,1071,849,704,1068,442,1009,1059,832,1091,372,946,1064,908,1224
778,993,952,778,1164,1100,1071,1195,1189,783,442,1009,1068,832,1091,372,948,1196,1201,0
782,993,952,782,1164,1100,1071,1195,1189,783,442,1009,1068,832,1091,372,948,1196,1201,0
782,993,952,782,1129,1199,1071,284,1141,1101,442,1009,0,832,1091,372,959,1200,913,0
782,993,952,782,1129,1199,1071,284,1141,1101,442,1009,0,832,1091,372,959,1200,913,0
784,993,952,784,1074,951,1071,821,1131,637,442,1009,558,442,1214,372,0,1144,1221,1178
784,993,952,784,1074,951,1071,821,1131,637,442,1009,558,442,1214,372,0,1144,1221,1178
784,993,952,784,649,951,1071,1015,1158,698,442,1009,584,442,1214,372,0,844,584,0
801,993,952,801,649,951,1071,1015,1158,698,442,1009,584,442,1214,372,0,844,584,0
801,993,952,801,377,951,1071,1197,712,1044,442,1009,627,442,1214,1009,0,0,994,710
801,993,952,801,377,951,1071,1197,712,1044,442,1009,627,442,1214,1009,0,0,994,710
802,993,952,802,948,951,1071,638,817,1077,442,1009,1143,442,1214,1009,852,702,0,0
802,993,952,802,948,951,1071,638,817,1077,442,1009,1143,442,1214,1009,852,702,0,0
802,993,952,802,817,790,1071,984,1045,1080,442,1009,1147,442,1214,1009,852,873,940,1131
805,993,952,805,817,790,1071,984,1045,1080,442,1009,1147,442,1214,1009,852,873,940,1131
805,993,952,805,393,0,831,1164,1047,1082,977,1147,1147,442,1214,1009,852,1038,573,1189
805,993,1004,805,393,0,831,1164,1047,1082,977,1147,1147,442,1214,1009,852,1038,573,1189
807,993,1004,807,1114,1006,831,1203,1166,1083,977,1147,1147,442,1214,1009,852,1142,585,0
807,993,1004,807,1114,1006,831,1203,1166,1083,977,1147,1147,442,1214,1009,852,1142,585,0
807,993,1004,807,1121,0,831,994,1049,1084,977,1147,1147,442,1214,1009,852,1143,0,528
813,993,1004,813,1121,0,831,994,1049,1084,977,1147,1147,442,1214,1009,852,1143,0,528
813,993,1004,813,1047,1009,831,999,1059,1086,977,1147,1147,1165,566,1009,852,1149,790,904
813,993,1004,813,1047,1009,831,999,1059,1086,977,1147,1147,1165,566,1009,852,1149,790,904
822,1000,1004,822,777,1009,831,1006,1069,1090,977,1147,1147,1165,566,1009,852,1150,0,910
822,1000,1004,822,777,1009,831,1006,1069,1090,977,1147,1147,1165,566,1009,852,1150,0,910
822,1000,1004,822,666,1009,831,1037,1149,1109,977,1147,1147,1165,566,1091,852,1151,795,1142
845,1000,1004,845,666,1009,831,1037,1149,1109,977,1147,1147,1165,566,1091,852,1151,795,1142
845,1000,1004,845,847,1009,831,1084,1182,812,977,1147,1147,1165,566,1091,572,1153,942,1147
845,1000,1004,845,847,1009,831,1084,1182,812,977,1147,1147,1165,566,1091,572,1153,942,1147
846,1000,1004,846,995,1009,831,1086,1028,1033,977,1147,0,1165,566,1091,572,1164,806,1147
846,1000,1004,846,995,1009,831,1086,1028,1033,977,1147,0,1165,566,1091,572,1164,806,1147
846,1000,1004,846,627,1009,664,1167,1151,1129,832,0,377,1165,566,1091,572,1173,810,1147
850,1000,1004,850,627,1009,664,1167,1151,1129,832,0,377,1165,566,1091,572,1173,810,1147
850,1000,1004,850,795,1009,0,1222,1184,1188,832,0,0,1165,566,1091,572,1144,943,1147
850,1000,1004,850,795,1009,0,1222,1184,1188,832,0,0,1165,566,1091,572,1144,943,1147
854,1000,1004,854,419,1009,783,876,842,906,832,0,585,1165,566,1091,572,825,703,1147
854,1000,1004,854,419,1009,783,876,842,906,832,0,585,1165,566,1091,572,825,703,1147
854,1000,1004,854,906,197,893,1120,844,1191,832,684,628,132,1009,1091,572,0,0,1147
855,1000,1004,855,906,197,893,1120,844,1191,832,684,628,132,1009,1091,572,0,0,1147
855,1000,1004,855,1190,197,1221,1223,847,172,832,687,1072,0,1009,1091,572,455,336,1147
855,1000,1004,855,1190,197,1221,1223,847,172,832,687,1072,0,1009,1091,572,455,336,1147
861,1000,1019,861,425,197,1146,558,873,172,832,1073,1074,966,1009,607,572,455,1129,1147
861,1000,1019,861,425,197,1146,558,873,172,832,1073,1074,966,1009,607,572,455,1129,1147
861,1000,1019,861,812,197,1146,671,882,172,832,1073,1077,966,1009,607,1194,455,1136,425
863,1000,1019,863,812,197,1146,671,882,172,832,1073,1077,966,1009,607,1194,455,1136,425
863,1002,1019,863,1204,197,1146,790,885,172,832,1073,1080,966,1009,607,1194,455,0,434
863,1002,1019,863,1204,197,1146,790,885,172,832,1073,1080,966,1009,607,1194,455,0,434
877,1002,1019,877,434,197,814,791,893,172,401,1073,1082,966,1009,607,1194,455,534,455
877,1002,1019,877,434,197,814,791,893,172,401,1073,1082,966,1009,607,1194,455,534,455
877,1002,1019,877,584,197,839,791,1202,172,401,1073,1083,966,1009,607,1194,455,0,455
881,1002,1019,881,584,197,839,791,1202,172,401,1073,1083,966,1009,607,1194,455,0,455
881,1002,1019,881,1024,197,0,791,904,172,401,1073,1088,966,1009,607,1194,455,684,455
881,1002,1019,881,1024,197,0,791,904,172,401,1073,1088,966,1009,607,1194,455,684,455
891,1002,1019,891,823,1085,526,791,1153,172,401,1073,0,966,938,607,1194,455,1138,455
891,1002,1019,891,823,1085,526,791,1153,172,401,1073,0,966,938,607,1194,455,1138,455
891,1002,1019,891,1043,1089,1069,791,373,765,401,1073,899,966,938,607,1194,508,1140,455
895,1002,1019,895,1043,1089,1069,791,373,765,401,1073,899,966,938,607,1194,508,1140,455
895,1002,1019,895,644,1124,0,791,373,1058,401,1194,0,566,938,1194,1194,1088,0,455
895,1002,1019,895,644,1124,0,791,1217,1058,401,1194,0,566,938,1194,1194,1088,0,455
903,1002,1019,903,1215,1218,795,791,981,1174,401,1194,455,566,938,1194,0,1093,697,455
903,1002,1019,903,1215,1218,795,791,981,1174,401,1194,455,566,938,1194,0,1093,697,455
903,1002,1019,903,814,952,859,791,986,1176,401,1194,455,566,938,1194,859,0,698,455
907,1002,1019,907,814,952,859,791,986,1176,401,1194,455,566,938,1194,859,0,698,455
907,1002,1019,907,612,952,864,1132,995,1218,1009,1194,455,566,938,1194,896,526,702,0
907,1002,1019,907,612,952,864,1132,995,1218,1009,1194,455,566,938,1194,896,526,702,0
909,1002,1019,909,534,952,864,1132,1018,624,1009,1194,455,566,938,1194,0,528,704,644
909,1002,1057,909,534,952,864,1132,1018,624,1009,1194,455,566,938,1194,0,528,704,644
909,1005,1057,909,702,952,864,1132,1038,857,1009,1194,455,566,938,1194,961,0,0,0
912,1005,1057,912,702,1193,864,1132,1038,857,1009,1194,455,566,938,1194,961,0,0,0
912,1005,1057,912,628,442,864,1132,1168,1114,1009,1194,455,566,1112,1194,0,560,566,825
912,1005,1057,912,628,442,864,1132,1168,1114,1009,1194,455,566,1112,1194,0,560,566,825
915,1005,1057,915,528,442,864,1132,1205,1115,1009,1194,455,566,1112,1194,0,593,566,1199
915,1005,1057,915,528,442,864,1132,1205,1115,1009,1194,455,566,1112,1194,0,593,566,1199
915,1005,1057,915,595,442,864,1132,810,1115,1009,0,455,1034,1112,966,0,0,566,0
918,1005,1057,918,595,442,864,1132,810,1115,1009,0,455,1034,1112,966,0,0,566,0
918,1005,1057,918,820,442,864,1132,1173,1115,1009,261,1176,1034,1112,966,261,827,566,668
918,1005,1057,918,820,442,864,1132,1173,1115,1009,261,1176,1034,1112,966,261,827,566,668
924,1005,1057,924,1028,442,864,1132,1206,1115,1009,261,0,1034,1112,966,261,0,566,715
924,1005,1057,924,1028,442,864,1132,1206,1115,1009,261,0,1034,1112,966,261,0,566,715
924,1005,1057,924,1140,442,372,401,261,1115,848,261,995,1034,1112,966,261,687,566,0
926,1005,1057,926,1140,442,372,401,261,1115,848,261,995,1034,1112,966,261,687,566,0
926,1005,1057,926,585,442,372,401,261,1115,848,261,0,1034,1112,966,261,1167,566,328
926,1005,1057,926,585,442,372,401,261,1115,848,261,0,1034,1112,966,261,1167,566,328
927,1005,1057,927,910,442,372,401,261,1115,848,261,760,1034,1112,966,261,1174,566,328
927,1005,1057,927,910,442,372,401,261,1115,848,261,760,1034,1112,966,261,1174,566,328
927,1005,1057,927,1038,510,372,401,261,1115,848,261,1029,1034,442,966,261,1144,593,328
928,1005,1057,928,1038,510,372,401,261,1115,848,261,1029,1034,442,966,261,1144,593,328
928,1005,1057,928,946,0,372,401,261,328,848,261,0,1034,442,966,261,697,0,328
928,1005,1057,928,946,0,372,401,261,328,848,261,0,1034,442,966,261,697,0,328
929,1031,1057,929,873,712,372,401,261,328,848,261,777,0,442,1198,261,698,247,328
929,1031,1057,929,873,712,372,401,261,328,848,261,777,0,442,1198,261,698,247,328
929,1031,1081,929,856,1004,372,401,261,328,848,832,948,0,442,1198,132,704,0,328
944,1031,1081,944,856,1004,372,401,261,328,848,832,948,0,442,1198,132,704,0,328
944,1031,1081,944,637,1004,372,401,261,328,848,832,1090,0,442,1198,1114,967,999,328
944,1031,1081,944,637,1004,372,401,261,328,848,832,1090,0,442,1198,1114,967,999,328
954,1031,1081,954,638,1004,572,1165,942,328,0,832,0,0,442,1198,1115,968,1096,328
954,1031,1081,954,638,1004,572,1165,942,328,0,832,0,0,442,1198,1115,968,1096,328
954,1031,1081,954,878,1004,572,1165,943,328,0,832,278,0,442,1198,1115,969,0,0
957,1031,1081,957,878,1193,572,1165,943,328,0,832,278,0,442,1198,1115,969,0,0
957,1031,1081,957,651,1193,572,1165,1181,328,0,832,710,0,442,1198,1115,971,966,671
957,1031,1081,957,651,1193,572,1165,1181,328,0,832,710,0,442,1198,1115,971,966,671
963,1031,1081,963,668,455,572,1165,1209,328,278,832,783,977,1071,1198,1115,0,966,0
963,1031,1081,963,668,455,572,1165,1209,328,278,832,783,977,1071,1198,1115,0,966,0
963,1031,1081,963,1045,455,572,1165,959,1112,287,832,937,977,1071,1198,1115,984,966,289
965,1031,1081,965,1045,455,572,1165,959,1112,287,832,937,977,1071,1198,1115,984,966,289
965,1031,1081,965,676,455,572,1165,961,1112,938,832,0,977,1071,0,1115,1175,966,880
965,1031,1081,965,676,455,572,1165,961,1112,938,832,0,977,1071,0,1115,1175,966,880
970,1031,1081,970,697,455,572,1165,1020,1112,938,1071,1094,977,1071,0,1115,1144,966,0
970,1031,1081,970,697,455,572,1165,1020,1112,938,1071,1094,977,1071,0,1115,1144,966,0
970,1031,1081,970,703,455,572,1165,1070,1112,938,1071,0,977,1071,0,1115,994,966,676
972,1031,1081,972,703,455,572,1165,1070,1112,938,1071,0,977,1071,0,1115,994,966,676
972,1040,1081,972,880,455,869,330,1098,1112,938,1071,827,977,1071,864,372,995,966,849
972,1040,1081,972,880,455,869,330,1098,1112,938,1071,827,977,1071,864,372,995,966,849
978,1040,1081,978,827,455,0,330,1200,1112,938,1071,1044,977,1071,864,372,1001,966,1072
978,1040,1081,978,827,455,0,365,1200,1112,938,1071,1044,977,1071,864,372,1001,966,1072
978,1040,1126,978,870,455,687,365,1212,1112,938,1071,1045,977,1071,864,372,1069,1020,1073
980,1040,1126,980,870,455,687,365,1212,1112,938,1071,1045,977,1071,864,372,1069,1020,1073
980,1040,1126,980,1168,832,1140,366,896,1112,938,1071,1047,1132,1115,864,372,0,0,1073
980,1040,1126,980,1168,832,1140,366,896,1112,938,1071,1047,1132,1115,864,372,0,0,1073
983,1040,1126,983,883,832,0,366,899,1224,938,1071,1204,1132,1115,864,372,765,760,1073
983,1040,1126,983,883,832,0,398,899,1224,938,1071,1204,1132,1115,864,372,765,760,1073
983,1040,1126,983,914,832,710,398,1085,225,1073,1071,0,1132,1115,864,372,1118,765,1073
987,1040,1126,987,914,832,710,398,1085,225,1073,1071,0,1132,1115,864,372,1118,765,1073
987,1040,1126,987,942,832,870,445,380,225,1073,0,1058,1132,1115,864,372,1120,771,1073
987,1040,1126,987,942,832,870,445,380,280,1073,0,1058,1132,1115,864,372,1120,771,1073
992,1040,1126,992,943,832,1198,445,380,280,1073,0,0,1132,1115,864,372,0,1122,1073
992,1040,1126,992,943,832,1198,454,1209,280,1073,0,0,1132,1115,864,372,0,1122,1073
996,1040,1126,996,1183,832,1198,454,848,291,1073,372,1101,1132,1115,938,831,434,0,1073
996,1040,1126,996,1183,832,1198,454,848,291,1073,372,1101,1132,1115,938,831,434,0,1073
997,1040,1126,997,1082,832,1198,549,848,291,1073,372,0,1132,1115,938,831,638,1029,1073
997,1040,1126,997,1082,832,1198,549,848,435,1073,372,0,1132,1115,938,831,638,1029,1073
998,1040,1126,998,1088,832,1198,549,848,435,1073,372,815,1132,1115,938,831,1070,0,1006
998,1040,1126,998,1088,832,1198,551,848,435,1073,372,815,1132,1115,938,831,1070,0,1006
1007,1056,1126,1007,1098,1153,1198,551,848,443,1073,372,847,372,1132,938,831,1199,595,0
1007,1056,1126,1007,1098,1153,1198,551,848,443,1073,372,847,372,1132,938,831,1199,595,0
1012,1056,1126,1012,1186,1155,1198,555,848,443,1073,372,0,372,1132,938,831,1204,0,1010
1012,1056,1126,1012,1186,1155,1198,555,848,531,1073,372,0,372,1132,938,831,1204,0,1010
1016,1056,1126,1016,1143,1175,1198,555,848,531,1194,372,637,372,1132,938,831,1144,377,1013
1016,1056,1126,1016,1143,1175,1198,656,848,531,1194,372,637,372,1132,938,831,1144,377,1013
1021,1056,1144,1021,1151,1194,1198,656,848,596,1194,372,0,372,1132,938,831,510,876,1015
1021,1056,1144,1021,1151,1194,1198,656,848,596,1194,372,0,372,1132,938,831,510,876,1015
1023,1056,1144,1023,1176,1194,1146,674,848,596,1194,372,901,372,1132,938,831,904,0,1020
1023,1056,1144,1023,1176,1194,1146,674,848,662,1194,372,901,372,1132,938,831,904,0,1020
1026,1056,1144,1026,1173,1194,1072,674,1111,662,1194,572,1024,372,1132,172,0,0,844,1168
1026,1056,1144,1026,1173,1194,1072,678,1111,662,1194,572,1024,372,1132,172,0,0,844,1168
1027,1056,1144,1027,1178,1194,0,678,1111,700,1194,572,1084,372,1132,172,0,866,847,1210
1027,1056,1144,1027,1178,1194,0,678,1111,700,1194,572,1084,372,1132,172,0,866,847,1210
1030,1056,1144,1030,1189,1194,1094,682,1111,700,1194,572,1120,372,1132,172,986,0,984,0
1030,1056,1144,1030,1189,1194,1094,682,1111,741,1194,572,1120,372,1132,172,986,0,984,0
1032,1056,1144,1032,1201,1194,1097,682,1111,741,1194,572,0,848,572,172,1198,419,1006,172
1032,1056,1144,1032,1201,1194,1097,685,1111,741,1194,572,0,848,572,172,1198,419,1006,172
1042,1056,1144,1042,1224,1194,1210,685,1111,744,1194,572,971,848,572,172,1198,0,0,172
1042,1056,1144,1042,1224,1194,1210,685,1111,744,1194,572,971,848,572,172,1198,0,0,172
1050,1056,1144,1050,744,1194,1146,749,1111,744,0,572,1121,848,572,172,1198,1094,1010,172
1050,1110,1144,1050,744,1194,1146,749,1111,757,0,572,1121,848,572,172,1198,1094,1010,172
1051,1110,1144,1051,744,1019,1146,749,1111,757,0,572,0,848,572,172,1198,0,1013,172
1051,1110,1144,1051,744,1019,1146,756,1111,757,0,572,0,848,572,172,1198,0,1013,172
1052,1110,1144,1052,744,1019,1146,756,1111,776,0,572,715,848,572,172,1198,425,0,172
1052,1110,1144,1052,744,1019,1146,756,1111,776,0,572,715,848,572,172,1198,425,0,172
1053,1110,1144,1053,744,1019,977,768,414,776,185,831,0,848,572,185,1198,0,1018,172
1053,1110,1144,1053,744,1019,977,768,414,778,185,831,0,848,572,185,1198,0,1018,172
1060,1110,1144,1060,757,1019,977,768,414,778,185,831,328,848,572,185,1198,712,1100,172
1060,1110,1144,1060,757,1208,977,784,428,778,185,831,328,848,572,185,1198,712,1100,172
1062,1110,1146,1062,757,1208,977,784,428,805,185,831,328,848,572,185,1198,745,0,172
1062,1110,1146,1062,757,1208,977,784,428,805,185,831,328,848,572,185,1198,745,0,172
1067,1110,1146,1067,757,852,977,801,450,805,185,831,328,938,172,185,0,875,917,419
1067,1110,1146,1067,757,852,977,801,450,809,185,831,328,938,172,185,0,875,917,419
1076,1110,1146,1076,757,852,977,801,450,809,185,831,328,938,172,185,0,1044,0,906
1076,1110,1146,1076,780,852,977,802,467,809,185,831,328,938,172,185,0,1044,0,906
1078,1110,1146,1078,780,852,977,802,467,855,185,831,328,938,172,185,0,1077,783,1028
1078,1110,1146,1078,780,852,977,802,467,855,185,831,328,938,172,185,0,1077,783,1028
1079,1110,1146,1079,780,852,977,807,527,855,185,831,328,938,172,185,401,1080,0,1043
1079,1110,1146,1079,780,852,977,807,527,861,185,831,328,938,172,185,401,1080,0,1043
1095,1110,1146,1095,780,852,977,807,527,861,185,831,328,938,172,185,401,1082,1124,0
1095,1110,1146,1095,780,852,977,850,542,861,185,831,328,938,172,185,401,1082,1124,0
1099,1113,1146,1099,990,852,1073,850,542,863,197,908,328,938,172,442,401,1083,0,0
1099,1113,1146,1099,990,852,1073,850,542,863,197,908,328,938,172,442,401,1083,0,0
1103,1113,1146,1103,990,852,1073,854,564,863,197,0,1124,938,172,442,401,1085,637,712
1103,1113,1146,1103,990,852,1073,854,564,912,197,0,1124,938,172,442,401,1085,637,712
1104,1113,1146,1104,990,852,1073,854,564,912,197,0,0,938,172,442,401,1089,0,0
1104,1113,1146,1104,990,852,1073,877,582,912,197,0,0,938,172,442,401,1089,0,0
1105,1113,1146,1105,990,938,1073,877,582,924,197,0,401,185,455,442,401,1098,185,197
1105,1113,1146,1105,993,938,1073,877,582,924,197,0,401,185,455,442,401,1098,185,197
1106,1113,1146,1106,993,938,1073,881,708,924,197,0,401,185,455,442,401,0,185,197
1106,1113,1146,1106,993,938,1073,881,708,926,197,0,401,185,455,442,401,0,185,197
1116,1113,1146,1116,993,938,1073,881,708,926,197,0,401,185,455,442,401,869,185,197
1116,1113,1146,1116,993,938,1073,907,780,926,197,0,401,185,455,442,401,869,185,197
1117,1113,1193,1117,993,938,1073,907,780,951,197,740,401,185,455,442,842,0,185,197
1117,1113,1193,1117,993,938,1073,907,780,951,197,740,401,185,455,442,842,0,185,197
1119,1113,1193,1119,1000,938,1073,915,782,951,197,745,401,185,455,442,0,607,185,197
1119,1113,1193,1119,1000,938,1073,915,782,952,197,745,401,185,455,442,0,607,185,197
1123,1113,1193,1123,1000,938,1147,918,782,952,852,790,401,185,455,1034,899,607,185,197
1123,1113,1193,1123,1000,938,1147,918,813,952,852,790,401,185,455,1034,899,607,185,197
1127,1113,1193,1127,1000,938,1147,928,813,1004,852,791,401,185,455,1034,981,607,185,197
1127,1113,1193,1127,1000,938,1147,928,813,1004,852,791,401,185,455,1034,981,607,185,197
1130,1113,1193,1130,1000,938,1147,929,822,1004,852,791,401,185,455,1034,1003,607,185,197
1130,1154,1193,1130,1002,938,1147,929,822,1019,852,791,401,185,455,1034,1003,607,185,197
1133,1154,1193,1133,1002,1091,1147,954,822,1019,852,791,878,864,848,1034,1015,607,197,791
1133,1154,1193,1133,1002,1091,1147,954,845,1019,852,791,878,864,848,1034,1015,607,197,791
1137,1154,1193,1137,1002,1091,1147,957,845,1027,852,791,0,864,848,1034,1164,607,197,791
1137,1154,1193,1137,1002,1091,1147,957,845,1027,852,791,0,864,848,1034,1164,607,197,791
1141,1154,1193,1141,1002,1091,1147,963,846,1027,852,791,172,864,848,1034,1165,607,197,791
1141,1154,1193,1141,1002,1091,1147,963,846,1057,852,791,172,864,848,1034,1165,607,197,791
1145,1154,1193,1145,1005,1091,1147,983,846,1057,852,791,172,864,848,1034,1165,607,197,791
1145,1154,1193,1145,1005,1091,1147,983,891,1057,852,791,172,864,848,1034,1165,607,197,791
1148,1154,1193,1148,1005,1091,1147,992,891,1076,852,791,172,864,848,1034,1165,0,197,791
1148,1154,1193,1148,1005,1091,1147,992,891,1076,852,791,172,864,848,1034,1165,0,197,791
1157,1154,1193,1157,1005,1091,1144,996,895,1076,864,791,172,864,848,1132,1165,1136,197,791
1157,1154,1193,1157,1005,1091,1144,996,895,1078,864,791,172,864,848,1132,1165,1136,197,791
1158,1154,1193,1158,1005,1091,1144,1007,895,1078,864,1165,172,864,848,1132,1165,1138,197,791
1158,1154,1193,1158,1031,1091,1144,1007,903,1078,864,1165,172,864,848,1132,1165,1138,197,791
1159,1154,1208,1159,1031,1091,1144,1012,903,1079,864,1165,172,864,848,1132,1165,1140,197,791
1159,1154,1208,1159,1031,1091,1144,1012,903,1079,864,1165,172,864,848,1132,1165,1140,197,791
1160,1154,1208,1160,1031,1156,1144,1016,909,1079,864,1165,172,1156,1147,1132,1165,1152,812,0
1160,1154,1208,1160,1031,1156,1144,1016,909,1081,864,1165,172,1156,1147,1132,1165,1152,812,0
1161,1154,1208,1161,1031,1156,1144,1030,909,1081,864,1165,172,1156,1147,1132,1165,1155,0,0
1161,1154,1208,1161,1031,1156,1144,1030,927,1081,864,1165,172,1156,1147,1132,1165,1155,0,0
1162,1171,1208,1162,1040,1156,1144,1032,927,1103,864,1165,839,1156,1147,1132,0,1168,664,873
1162,1171,1208,1162,1040,1156,1144,1032,927,1103,864,1165,839,1156,1147,1132,0,1168,664,873
1163,1171,1208,1163,1040,1156,1144,1067,944,1103,864,1165,1129,1156,1147,1132,0,1178,0,0
1163,1171,1208,1163,1040,1156,1144,1067,944,1105,864,1165,1129,1156,1147,1132,0,1178,0,0
1166,1171,1208,1166,1040,1156,1144,1095,944,1105,864,1165,0,1156,1147,1132,937,1210,666,0
1166,1171,1208,1166,1040,1156,1144,1095,965,1105,864,1165,0,1156,1147,1132,937,1210,666,0
1169,1171,1208,1169,1040,1156,1144,1099,965,1113,1112,1165,612,1156,1147,1214,940,1215,0,612
1169,1171,1208,1169,1056,1156,1144,1099,965,1113,1112,1165,612,1156,1147,1214,940,1215,0,612
1170,1171,1208,1170,1056,1156,1144,1104,970,1113,1112,0,619,1156,1147,1214,1001,1144,670,856
1170,1171,1208,1170,1056,1156,1144,1104,970,1126,1112,0,619,1156,1147,1214,1001,1144,670,856
1182,1171,1208,1182,1056,1156,1144,1106,970,1126,1112,0,0,1156,1147,1214,1097,981,0,0
1182,1171,1208,1182,1056,1156,1144,1106,972,1126,1112,0,0,1156,1147,1214,1097,981,0,0
1184,1171,1208,1184,1056,1057,1144,1116,972,1127,1112,0,649,261,1198,1214,0,986,1111,1165
1184,1171,1208,1184,1056,1057,1144,1116,972,1127,1112,0,649,261,1198,1214,0,986,1111,1165
1185,1171,1208,1185,1110,1057,1144,1117,978,1127,1112,0,0,261,1198,1214,0,999,1111,1165
1185,1171,1208,1185,1110,1057,1144,1117,978,1154,1112,0,0,261,1198,1214,0,999,1111,1165
1192,1171,1208,1192,1110,1057,1144,1119,978,1154,1112,0,791,261,1198,1214,0,1003,1111,1165
1192,1171,1208,1192,1110,1057,1144,1119,980,1154,1112,0,791,261,1198,1214,0,1003,1111,1165
1195,1171,1216,1195,1110,1057,1144,1123,980,1169,1112,1115,791,261,1198,1214,864,1121,1111,1165
1195,1171,1216,1195,1110,1081,1144,1123,980,1169,1112,1115,791,261,1198,1214,864,1121,1111,1165
1197,1171,1216,1197,1110,1081,1144,1133,987,1169,1112,1115,791,261,1198,1214,864,0,1111,1165
1197,1212,1216,1197,1113,1081,1144,1133,987,1171,1112,1115,791,261,1198,1214,864,0,1111,1165
1202,1212,1216,1202,1113,1081,1144,1137,987,1171,1132,1115,791,261,1198,848,864,572,1111,1165
1202,1212,1216,1202,1113,1081,1144,1137,990,1171,1132,1115,791,261,1198,848,864,572,1111,1165
1203,1212,1216,1203,1113,1081,1144,1145,990,1185,1132,1115,791,261,1198,848,864,572,1111,1165
1203,1212,1216,1203,1113,1081,1144,1145,990,1185,1132,1115,791,261,1198,848,864,572,1111,1165
1205,1212,1216,1205,1113,1126,1144,1148,993,1185,1132,1115,791,261,1198,848,864,572,1111,1165
1205,1212,1216,1205,1113,1126,1144,1148,993,1193,1132,1115,791,261,1198,848,864,572,1111,1165
1206,1212,1216,1206,1171,1126,1144,1157,997,1193,1132,1115,791,0,0,848,864,572,0,0
1206,1212,1216,1206,1171,1126,1144,1157,997,1193,1132,1115,791,0,0,848,864,572,0,0
1209,1212,1216,1209,1171,1126,1144,1159,998,1208,1132,1115,791,0,0,848,864,572,0,0
1209,1212,1216,1209,1171,1126,1144,1159,998,1208,1132,1115,791,0,0,848,864,572,0,0
1211,1212,1216,1211,1171,1126,1144,1160,1000,1208,1132,1115,0,0,0,848,864,572,0,0
1211,1212,1216,1211,1171,1154,1144,1160,1000,1211,1132,1115,0,0,0,848,864,572,0,0
1217,1212,1216,1217,1171,1154,1144,1161,1002,1211,1132,0,0,0,0,848,0,572,0,0
1217,1212,1216,1217,1212,1154,1144,1161,1002,1211,1132,0,0,0,0,848,0,572,0,0
1220,1212,1216,1220,1212,1154,1144,1162,1005,1216,1132,0,0,0,0,848,0,572,0,0
1220,1212,1216,1220,1212,1154,0,1162,1005,1216,1132,0,0,0,0,848,0,572,0,0
1222,1212,1216,1222,1212,1154,0,1163,1021,1216,0,0,0,0,0,0,0,1144,0,0
1222,1212,1216,1222,1212,1154,0,1163,1021,1220,0,0,0,0,0,0,0,1144,0,0
1223,1212,1216,1223,1212,0,0,1170,1023,1220,0,0,0,0,0,0,0,1144,0,0
1223,1212,1216,1223,1212,0,0,1170,1023,1220,0,0,0,0,0,0,0,1144,0,0