99,143,142,164,449,0,44,789,0,0,0,0,837,827,44,210,534,814,0,0
99,143,142,164,449,0,44,789,0,0,0,0,837,827,44,210,534,814,0,0
99,143,142,164,669,691,390,793,0,679,0,696,0,829,755,213,534,815,0,44
99,143,142,164,669,691,390,793,0,679,0,696,0,829,755,213,534,815,0,44
99,143,142,164,463,810,0,0,416,788,0,728,0,832,771,213,534,818,109,0
99,143,142,164,463,810,0,0,416,788,0,728,0,832,771,213,534,818,109,0
172,143,142,203,728,0,0,0,0,0,0,790,0,834,786,213,534,819,0,0
172,153,194,203,728,0,0,0,0,0,0,790,0,834,786,213,534,819,0,0
172,153,194,203,682,0,499,325,499,192,150,810,0,837,809,213,534,820,150,96
172,153,194,203,682,0,499,325,499,192,150,810,0,837,809,213,534,820,150,96
172,153,194,203,592,151,547,357,532,218,0,0,0,841,0,213,534,821,820,0
172,153,194,203,592,151,547,357,532,218,0,0,0,841,0,213,534,821,820,0
203,153,194,206,44,151,0,0,0,220,0,0,0,845,0,213,534,829,821,0
203,153,194,206,44,151,0,0,0,220,0,0,0,845,0,213,534,829,821,0
203,198,200,206,838,151,0,690,639,0,259,0,0,852,0,213,534,852,826,311
203,198,200,206,838,151,0,690,639,0,259,0,0,852,0,213,534,852,826,311
203,198,200,206,750,151,0,0,694,738,0,0,0,0,0,213,109,0,827,0
203,198,200,206,750,151,0,0,694,738,0,0,0,0,0,213,109,0,827,0
206,198,200,247,218,151,0,550,0,0,0,0,0,0,0,347,218,0,832,0
206,198,200,247,218,151,0,550,0,0,0,0,0,0,0,347,218,0,832,0
206,198,200,247,766,151,295,0,0,352,0,0,315,0,0,347,0,0,838,0
206,225,243,247,766,151,295,0,0,352,0,0,315,0,0,347,0,0,838,0
206,225,243,247,491,151,295,488,0,0,0,0,523,0,0,347,0,0,843,0
206,225,243,247,491,151,295,488,0,0,0,0,523,0,0,347,0,0,843,0
247,225,243,256,114,151,295,715,781,357,0,0,523,0,114,347,0,0,849,0
247,225,243,256,114,151,295,715,781,357,0,0,523,0,114,347,0,0,849,0
247,225,243,256,96,0,295,0,785,463,0,151,523,0,357,347,151,0,0,550
247,225,243,256,96,0,295,0,785,463,0,151,523,0,357,347,151,0,0,550
247,237,258,256,388,0,295,686,841,468,0,151,523,0,360,347,151,0,0,0
247,237,258,256,388,0,295,686,841,468,0,151,523,0,360,347,151,0,0,0
256,237,258,284,730,476,295,692,846,771,0,151,523,0,0,347,151,0,0,0
256,237,258,284,730,476,295,692,846,771,0,151,523,0,0,347,151,0,0,0
256,237,258,284,493,0,295,0,0,789,210,151,523,0,370,347,151,0,0,0
256,237,258,284,493,0,295,0,0,789,210,151,523,0,370,347,151,0,0,0
256,237,258,284,736,0,295,311,0,0,220,151,523,0,0,0,151,0,0,573
256,255,268,284,736,0,295,311,0,0,220,151,523,0,0,0,151,0,0,573
284,255,268,339,109,483,0,0,0,682,222,151,523,0,0,727,151,114,0,575
284,255,268,339,109,483,0,0,0,682,222,151,523,0,0,727,151,114,0,575
284,255,268,339,220,674,213,315,449,0,718,151,818,0,0,727,151,0,0,585
284,255,268,339,220,674,213,315,449,0,718,151,818,0,0,727,151,0,0,585
284,255,268,339,222,696,213,652,470,696,719,151,832,0,0,727,151,0,0,0
284,255,268,339,222,696,213,652,470,696,719,151,832,0,0,727,151,0,0,0
339,260,307,394,550,814,213,707,483,697,0,715,841,0,388,727,491,0,0,595
339,260,307,394,550,814,213,707,483,697,0,715,841,0,388,727,491,0,0,595
339,260,307,394,771,0,213,730,505,0,0,729,0,0,389,727,493,0,0,674
339,260,307,394,771,0,213,730,505,0,0,729,0,0,389,727,493,0,0,674
339,260,307,394,311,0,213,0,602,700,736,760,0,0,390,727,0,0,0,688
339,260,307,394,311,0,213,0,602,700,736,760,0,0,390,727,0,0,0,688
394,260,307,412,150,425,213,388,674,703,0,763,0,0,0,727,496,0,0,805
394,296,323,412,150,425,213,388,674,703,0,763,0,0,0,727,496,0,0,805
394,296,323,412,389,0,213,0,755,707,0,793,0,0,0,727,697,0,0,0
394,296,323,412,389,0,213,0,755,707,0,793,0,0,0,727,697,0,0,0
394,296,323,412,847,573,213,731,756,0,0,815,0,0,0,733,703,0,0,0
394,296,323,412,847,573,213,731,756,0,0,815,0,0,0,733,703,0,0,0
412,296,323,435,210,0,491,0,0,715,0,0,0,0,424,733,719,0,0,0
412,296,323,435,210,0,491,0,0,715,0,0,0,0,424,733,719,0,0,0
412,318,343,435,299,576,493,585,760,803,0,0,0,539,547,733,723,220,0,0
412,318,343,435,299,576,493,585,760,803,0,0,0,539,547,733,723,220,0,0
412,318,343,435,775,0,505,0,763,0,0,0,0,539,561,733,727,0,0,0
412,318,343,435,775,0,505,0,763,0,0,0,0,539,561,733,727,0,0,0
435,318,343,438,192,585,0,239,766,686,0,0,0,539,750,733,727,222,0,0
435,318,343,438,192,585,0,239,766,686,0,0,0,539,750,733,727,222,0,0
435,318,343,438,0,0,515,0,775,809,0,0,311,539,775,733,727,0,0,0
435,329,361,438,0,0,515,0,775,809,0,0,311,539,775,733,727,0,0,0
435,329,361,438,692,595,516,389,783,0,0,0,0,539,787,733,727,315,0,0
435,329,361,438,692,595,516,389,783,0,0,0,0,539,787,733,727,315,0,0
438,329,361,446,532,675,0,0,787,485,0,0,0,539,815,733,727,826,537,0
438,329,361,446,532,675,0,0,787,485,0,0,0,539,815,733,727,826,537,0
438,329,361,446,784,703,637,0,802,488,0,0,463,539,0,537,727,834,537,261
438,329,361,446,784,703,637,0,802,488,0,0,463,539,0,537,727,834,537,261
438,331,368,446,470,829,0,0,805,565,520,470,819,539,0,537,727,841,537,261
438,331,368,446,470,829,0,0,805,565,520,470,819,539,0,537,727,841,537,261
446,331,368,480,584,0,639,96,849,608,520,485,834,0,0,537,727,0,537,261
446,331,368,480,584,0,639,96,849,608,520,485,834,0,0,537,727,0,537,261
446,331,368,480,786,0,668,259,0,688,520,575,846,0,0,537,0,0,537,261
446,331,368,480,786,0,668,259,0,688,520,575,846,0,0,537,0,0,537,261
446,331,368,480,239,397,683,0,0,723,520,0,0,0,0,537,0,0,537,261
446,342,431,480,239,397,683,0,0,723,520,0,0,0,0,537,0,0,537,261
480,342,431,487,575,0,689,263,0,0,520,585,0,0,0,537,0,0,537,261
480,342,431,487,575,0,689,263,0,0,520,585,0,0,0,537,0,0,537,261
480,342,431,487,803,484,0,669,622,0,520,591,0,0,0,537,325,0,537,261
480,342,431,487,803,484,0,669,622,0,520,591,0,0,0,537,325,0,537,261
480,342,431,487,259,725,0,0,627,109,520,0,0,347,299,537,0,0,0,261
480,342,431,487,259,725,0,0,627,109,520,0,0,347,299,537,0,0,0,261
487,355,432,489,0,851,0,798,0,0,520,697,0,347,0,0,696,0,0,0
487,355,432,489,0,851,0,798,0,0,520,697,0,347,0,0,696,0,0,0
487,355,432,489,263,0,565,0,790,515,0,0,0,347,0,0,0,0,347,0
487,355,432,489,263,0,565,0,790,515,0,0,0,347,0,0,0,0,347,0
487,355,432,489,593,0,0,0,0,516,694,798,0,347,0,0,707,0,347,0
487,355,432,489,593,0,0,0,0,516,694,798,0,347,0,0,707,0,347,0
489,355,432,492,690,117,571,114,0,664,805,846,0,347,565,0,715,0,347,0
489,374,433,492,690,117,571,114,0,664,805,846,0,347,565,0,715,0,347,0
489,374,433,492,315,117,572,347,0,691,0,0,0,347,573,0,718,352,347,0
489,374,433,492,315,117,572,347,0,691,0,0,0,347,573,0,718,352,347,0
489,374,433,492,496,117,575,347,360,0,0,0,283,347,0,505,0,0,347,0
489,374,433,492,496,117,575,347,360,0,0,0,283,347,0,505,0,0,347,0
492,374,433,503,415,117,591,347,0,0,0,0,0,347,576,0,725,0,347,0
492,374,433,503,415,117,591,347,0,0,0,0,0,347,576,0,725,0,347,0
492,400,436,503,283,117,0,347,370,642,0,0,0,0,0,515,731,0,347,0
492,400,436,503,283,117,0,347,370,642,0,0,0,0,0,515,731,0,347,0
492,400,436,503,360,117,0,347,0,0,0,0,0,0,584,516,743,0,347,213
492,400,436,503,360,117,0,347,0,0,0,0,0,0,584,516,743,0,347,213
503,400,436,541,390,117,0,347,683,0,0,0,357,0,0,0,743,523,743,213
503,400,436,541,390,117,0,347,683,0,0,0,357,0,0,0,743,523,743,213
503,400,436,541,424,117,0,347,0,0,0,0,360,0,0,520,743,523,743,213
503,418,458,541,424,117,0,347,0,0,0,0,360,0,0,520,743,523,743,213
503,418,458,541,588,0,496,347,0,210,0,0,370,0,0,520,743,523,743,213
503,418,458,541,588,0,496,347,0,210,0,0,370,0,0,520,743,523,743,213
541,418,458,548,668,398,529,804,0,0,0,239,0,0,730,520,743,523,743,213
541,418,458,548,668,398,529,804,0,0,0,239,0,0,730,520,743,523,743,213
541,418,458,548,788,416,554,0,222,0,0,0,0,0,766,520,743,523,743,213
541,418,458,548,788,416,554,0,222,0,0,0,0,0,766,520,743,523,743,213
541,421,459,548,325,0,0,0,0,561,0,449,0,0,781,520,743,523,743,213
541,421,459,548,325,0,0,0,0,561,0,449,0,0,781,520,743,523,743,213
548,421,459,549,700,645,0,555,0,0,213,0,505,295,788,520,743,523,743,213
548,421,459,549,700,645,0,555,0,0,213,0,505,295,788,520,743,523,743,213
548,421,459,549,738,0,0,736,0,571,213,0,0,295,849,520,0,523,743,576
548,421,459,549,738,0,0,736,0,571,213,0,0,295,849,520,0,523,743,576
548,421,459,549,364,648,0,0,415,648,213,0,0,295,0,520,0,534,0,0
548,426,479,549,364,648,0,0,415,648,213,0,0,295,0,520,0,534,0,0
549,426,479,553,0,0,150,608,0,729,213,488,515,295,0,534,0,534,0,591
549,426,479,553,0,0,150,608,0,729,213,488,515,295,0,534,0,534,0,591
549,426,479,553,798,0,0,0,529,793,213,0,516,295,0,534,0,534,0,0
549,426,479,553,798,0,0,0,529,793,213,0,516,295,0,534,0,534,0,0
549,426,479,553,370,652,457,352,540,0,213,588,735,295,0,534,449,534,0,627
549,426,479,553,370,652,457,352,540,0,213,588,735,295,0,534,449,534,0,627
553,439,495,567,664,0,0,847,0,0,213,592,735,295,0,534,0,534,0,692
553,439,495,567,664,0,0,847,0,0,213,592,735,295,0,534,0,534,0,692
553,439,495,567,809,679,0,852,588,786,213,602,735,295,0,534,0,534,0,738
553,439,495,567,809,679,0,852,588,786,213,602,735,295,0,534,0,534,0,738
553,439,495,567,540,726,694,0,0,0,0,0,735,622,0,534,0,534,0,798
553,439,495,567,540,726,694,0,0,0,0,0,735,622,0,534,0,534,0,798
567,439,495,580,783,740,0,0,0,0,0,0,735,625,532,534,0,534,0,810
567,453,510,580,783,740,0,0,0,0,0,0,735,625,532,534,0,534,0,810
567,453,510,580,0,741,0,0,591,457,415,0,735,627,0,534,0,0,0,0
567,453,510,580,0,741,0,0,591,457,415,0,735,627,0,534,0,0,0,0
567,453,510,580,547,818,0,425,592,0,622,0,735,628,554,0,463,96,679,0
567,453,510,580,547,818,0,425,592,0,622,0,735,628,554,0,463,96,679,0
580,453,510,613,0,819,207,0,593,476,639,0,735,0,571,0,0,261,0,0
580,453,510,613,0,819,207,0,593,476,639,0,735,0,571,0,0,261,0,0
580,461,513,613,554,820,207,485,595,0,645,625,0,0,0,0,0,261,691,0
580,461,513,613,554,820,207,485,595,0,645,625,0,0,0,0,0,261,691,0
580,461,513,613,555,821,207,573,610,572,0,628,0,637,0,0,0,261,725,0
580,461,513,613,555,821,207,573,610,572,0,628,0,637,0,0,0,261,725,0
613,461,513,623,0,826,207,576,851,658,648,0,0,645,0,0,0,261,727,0
613,461,513,623,0,826,207,576,851,658,648,0,0,645,0,0,0,261,727,0
613,461,513,623,561,827,207,0,0,731,0,637,0,0,0,0,0,261,727,0
613,471,525,623,561,827,207,0,0,731,0,637,0,0,0,0,0,261,727,0
613,471,525,623,143,0,207,0,0,0,669,642,0,648,642,0,0,261,727,0
613,471,525,623,143,0,207,0,0,0,669,642,0,648,642,0,0,261,727,0
623,471,525,626,143,0,207,283,0,0,686,664,259,0,675,0,0,261,727,0
623,471,525,626,143,0,207,283,0,0,686,664,259,0,675,0,0,261,727,0
623,471,525,626,143,0,207,0,364,193,723,668,263,652,686,0,0,261,727,218
623,471,525,626,153,0,207,0,364,193,723,668,263,652,686,0,0,261,727,218
623,506,531,626,153,520,299,397,484,193,810,674,0,658,736,0,0,0,727,0
623,506,531,626,153,520,299,397,484,193,810,674,0,658,736,0,0,0,727,0
626,506,531,633,153,520,468,398,0,193,0,679,0,669,756,0,0,0,727,0
626,506,531,633,153,520,468,398,0,193,0,679,0,669,756,0,0,0,727,0
626,506,531,633,198,520,0,0,637,193,0,683,388,0,0,0,0,0,727,802
626,506,531,633,198,520,0,0,637,193,0,683,388,0,0,0,0,0,727,802
626,506,531,633,198,520,584,0,814,193,0,691,0,688,789,0,0,0,733,814
626,511,569,633,198,520,584,0,814,193,0,691,0,688,789,0,0,0,733,814
633,511,569,641,198,520,697,424,815,193,0,0,0,692,851,0,0,0,733,0
633,511,569,641,225,520,697,424,815,193,0,0,0,692,851,0,0,0,733,0
633,511,569,641,225,520,0,0,818,193,0,738,476,718,0,0,0,0,733,0
633,511,569,641,225,520,0,0,818,193,0,738,476,718,0,0,0,0,733,0
633,511,569,641,225,520,0,0,819,193,0,802,520,719,0,735,0,0,733,0
633,511,569,641,225,520,0,0,819,193,0,802,520,719,0,735,0,0,733,0
641,518,583,643,237,520,0,675,826,523,0,849,520,0,0,735,0,0,733,0
641,518,583,643,237,520,0,675,826,523,0,849,520,0,0,735,0,0,733,0
641,518,583,643,237,602,261,718,829,523,0,0,520,0,0,735,0,0,733,0
641,518,583,643,237,602,261,718,829,523,0,0,520,0,0,735,0,0,733,0
641,518,583,643,237,610,261,719,834,523,0,0,520,725,0,735,0,117,733,0
641,518,583,643,255,610,261,719,834,523,0,0,520,725,0,735,0,117,733,0
643,518,583,653,255,0,261,0,838,523,0,0,520,726,0,735,0,117,733,0
643,556,599,653,255,0,261,0,838,523,0,0,520,726,0,735,0,117,733,0
643,556,599,653,255,622,261,0,843,523,0,0,520,727,0,735,0,117,0,0
643,556,599,653,255,622,261,0,843,523,0,0,520,727,0,735,0,117,0,0
643,556,599,653,260,625,261,723,0,523,117,0,520,727,117,735,347,117,0,0
643,556,599,653,260,625,261,723,0,523,117,0,520,727,117,735,347,117,0,0
653,556,599,654,260,627,261,726,0,523,117,0,520,727,117,735,347,117,0,117
653,556,599,654,260,627,261,726,0,523,117,0,520,727,117,735,347,117,0,117
653,566,614,654,260,628,261,728,0,523,117,0,0,727,117,523,347,117,0,117
653,566,614,654,318,628,261,728,0,523,117,0,0,727,117,523,347,117,0,117
653,566,614,654,318,0,261,729,0,539,117,0,0,727,117,523,347,117,0,117
653,566,614,654,318,0,261,729,0,539,117,0,0,727,117,523,347,117,0,117
654,566,614,659,318,642,534,0,625,539,117,207,0,727,117,523,347,117,0,117
654,566,614,659,318,642,534,0,625,539,117,207,0,727,117,523,347,117,0,117
654,566,614,659,331,0,534,0,628,539,117,207,0,727,117,523,347,0,0,117
654,570,616,659,331,0,534,0,628,539,117,207,0,727,117,523,347,0,0,117
654,570,616,659,331,658,534,537,0,539,117,207,0,727,117,523,347,0,0,117
654,570,616,659,331,658,534,537,0,539,117,207,0,727,117,523,347,0,0,117
659,570,616,666,331,688,534,537,689,539,117,207,0,735,117,523,347,0,0,117
659,570,616,666,342,688,534,537,689,539,117,207,0,735,117,523,347,0,0,117
659,570,616,666,342,804,534,537,820,539,0,207,0,735,0,523,470,0,520,117
659,570,616,666,342,804,534,537,820,539,0,207,0,735,0,523,470,0,520,117
659,594,624,666,342,0,534,537,821,539,263,207,0,735,0,523,0,0,520,239
659,594,624,666,342,0,534,537,821,539,263,207,0,735,0,523,0,0,520,239
666,594,624,672,355,0,534,537,827,539,0,207,424,735,0,539,0,0,520,588
666,594,624,672,355,0,534,537,827,539,0,207,424,735,0,539,0,0,520,588
666,594,624,672,355,0,534,537,832,97,0,207,425,735,540,539,0,0,520,592
666,594,624,672,355,0,534,537,832,97,0,207,425,735,540,539,0,0,520,592
666,594,624,672,355,727,735,537,837,97,0,0,0,735,555,539,0,0,520,602
666,640,629,672,400,727,735,537,837,97,0,0,0,735,555,539,0,0,520,602
672,640,629,705,400,727,735,537,0,153,0,0,0,735,610,539,0,0,520,0
672,640,629,705,400,727,735,537,0,153,0,0,0,735,610,539,0,0,520,0
672,640,629,705,400,727,735,743,845,153,0,593,0,735,0,539,0,0,520,645
672,640,629,705,400,727,735,743,845,153,0,593,0,735,0,539,0,0,520,645
672,640,629,705,418,727,735,743,0,247,0,0,0,0,783,539,0,192,520,0
672,640,629,705,418,727,735,743,0,247,0,0,0,0,783,539,0,192,520,0
705,644,632,708,418,727,735,743,0,247,193,707,457,0,793,539,0,193,0,0
705,644,632,708,418,727,735,743,0,247,193,707,457,0,793,539,0,193,0,0
705,644,632,708,418,727,735,743,0,255,193,785,0,0,0,539,639,193,0,652
705,644,632,708,421,727,735,743,0,255,193,785,0,0,0,539,639,193,0,652
705,644,632,708,421,727,735,743,0,255,193,804,0,0,0,193,689,193,0,658
705,644,632,708,421,727,735,743,0,255,193,804,0,0,0,193,689,193,0,658
708,644,632,713,421,727,735,743,733,258,193,851,0,0,0,193,690,193,0,664
708,660,636,713,421,727,735,743,733,258,193,851,0,0,0,193,690,193,0,664
708,660,636,713,426,97,72,743,733,258,193,0,0,0,0,193,700,193,0,668
708,660,636,713,426,97,72,743,733,258,193,0,0,0,0,193,700,193,0,668
708,660,636,713,426,97,72,743,733,296,193,0,0,0,0,193,0,193,0,682
708,660,636,713,426,97,72,743,733,296,193,0,0,0,0,193,0,193,0,682
713,660,636,716,426,97,72,99,733,296,193,0,0,0,0,193,0,193,0,728
713,660,636,716,439,194,142,99,733,296,193,0,0,0,0,193,0,193,0,728
713,661,647,716,439,194,142,99,733,307,193,0,0,0,0,193,726,193,0,843
713,661,647,716,439,194,142,99,733,307,193,0,0,0,0,193,726,193,0,843
713,661,647,716,439,194,142,99,733,307,151,0,0,0,0,193,733,537,151,0
713,661,647,716,439,194,142,203,733,307,151,0,0,0,0,193,733,537,151,0
716,661,647,720,453,258,172,203,733,318,151,0,0,0,192,193,733,537,151,0
716,661,647,720,453,258,172,203,733,318,151,0,0,0,192,193,733,537,151,0
716,663,647,720,453,258,172,203,733,318,151,0,0,0,682,0,733,537,151,0
716,663,649,720,453,258,172,203,733,318,151,0,0,0,682,0,733,537,151,0
716,663,649,720,453,258,172,284,143,323,151,0,364,0,689,0,733,537,151,0
720,663,649,720,461,296,200,284,143,323,151,0,364,0,689,0,733,537,151,0
720,663,649,739,461,296,200,284,143,323,151,299,0,0,740,0,733,537,151,0
720,663,649,739,461,296,200,284,143,323,151,299,0,0,740,0,733,537,151,0
720,670,649,739,461,296,200,339,164,343,151,0,389,0,760,0,733,537,151,0
720,670,649,739,461,296,200,339,164,343,151,0,389,0,760,0,733,537,151,0
739,670,662,739,506,307,243,339,164,343,151,0,397,0,784,0,733,537,151,0
739,670,662,739,506,307,243,339,164,343,151,0,397,0,784,0,733,537,151,0
739,670,662,744,506,307,243,394,198,355,151,325,415,0,803,0,733,537,151,0
739,670,662,744,506,307,243,394,198,355,151,325,415,0,803,0,733,537,151,0
739,678,662,744,506,307,243,394,198,355,0,595,484,0,0,0,0,0,523,0
744,678,662,744,556,323,268,394,198,355,0,595,484,0,0,0,0,0,523,0
744,678,662,744,556,323,268,412,225,368,675,608,534,0,0,0,0,0,523,283
744,678,667,744,556,323,268,412,225,368,675,608,534,0,0,0,0,0,523,283
744,678,667,746,556,323,268,412,225,368,690,0,534,733,0,0,0,0,523,740
744,678,667,746,556,323,268,412,225,368,690,0,534,733,0,0,0,0,523,740
746,698,667,746,566,343,329,435,237,421,730,700,534,733,0,0,539,0,523,741
746,698,667,746,566,343,329,435,237,421,730,700,534,733,0,0,539,0,523,741
746,698,667,746,566,343,329,435,237,421,740,703,534,733,0,0,539,364,523,750
746,698,667,746,566,343,329,435,237,421,740,703,534,733,0,0,539,364,523,750
746,698,673,748,566,343,329,446,256,433,741,771,534,733,0,0,539,845,523,0
748,698,673,748,570,361,374,446,256,433,741,771,534,733,0,0,539,845,523,0
748,701,673,748,570,361,374,446,256,433,750,787,534,733,0,0,539,0,523,755
748,701,673,748,570,361,374,446,256,433,750,787,534,733,0,0,539,0,523,755
748,701,673,748,570,361,374,480,260,436,0,805,534,733,0,0,539,0,523,756
748,701,673,748,570,361,374,480,260,436,0,805,534,733,0,0,539,0,523,756
751,701,673,751,594,368,431,480,260,436,755,852,534,733,193,0,539,0,837,775
751,701,676,751,594,368,431,480,260,436,755,852,534,733,193,0,539,0,837,775
751,710,676,751,594,368,431,487,331,458,756,0,0,733,193,0,539,0,0,781
751,710,676,751,594,368,431,487,331,458,756,0,0,733,193,0,539,0,0,781
751,710,676,751,594,368,431,487,331,458,0,0,213,743,193,476,539,0,846,783
753,710,676,753,640,433,432,487,331,458,0,0,213,743,193,476,539,0,846,783
753,710,676,753,640,433,432,489,342,479,760,0,213,743,193,0,0,0,0,784
753,710,676,753,640,433,432,489,342,479,760,0,213,743,193,0,0,0,0,784
753,712,706,753,640,433,432,489,342,479,763,0,213,743,193,0,0,0,0,786
753,712,706,753,640,433,432,489,342,479,763,0,213,743,193,0,0,0,0,786
764,712,706,764,644,436,459,492,418,556,766,0,213,743,193,483,457,0,0,788
764,712,706,764,644,436,459,492,418,556,766,0,213,743,193,483,457,0,0,788
764,712,706,764,644,436,459,492,418,556,781,0,213,743,193,484,0,0,0,790
764,712,706,764,644,436,459,492,418,556,781,0,213,743,193,484,0,0,0,790
764,714,706,764,644,436,459,503,426,566,784,0,213,743,193,485,468,0,0,803
768,714,747,768,660,458,471,503,426,566,784,0,213,743,193,485,468,0,0,803
768,714,747,768,660,458,471,503,426,566,785,0,213,743,0,0,0,499,0,847
768,714,747,768,660,458,471,503,426,566,785,0,213,743,0,0,0,499,0,847
768,714,747,768,660,458,471,553,438,580,787,468,213,743,0,488,0,735,0,0
768,714,747,768,660,458,471,553,438,580,787,468,213,743,0,488,0,735,0,0
770,732,747,770,663,479,495,553,438,580,790,483,0,0,0,491,0,735,0,0
770,732,747,770,663,479,495,553,438,580,790,483,0,0,0,491,0,735,0,0
770,732,759,770,663,479,495,567,439,583,802,0,0,0,0,493,0,735,0,0
770,732,759,770,663,479,495,567,439,583,802,0,0,0,0,493,0,735,0,0
770,732,759,770,663,479,495,567,439,583,843,529,0,0,0,496,0,735,0,0
774,732,759,774,670,511,510,567,439,583,843,529,0,0,0,496,0,735,0,0
774,745,759,774,670,511,510,613,453,624,0,532,0,0,0,499,0,735,0,0
774,745,759,774,670,511,510,613,453,624,0,532,0,0,0,499,0,735,0,0
774,745,759,774,670,511,510,613,453,624,0,0,352,0,0,0,0,735,0,0
774,745,765,774,670,511,510,613,453,624,0,0,352,0,0,0,0,735,0,0
780,745,765,780,678,513,531,626,461,660,0,0,0,0,0,0,0,735,0,0
780,745,765,780,678,513,531,626,461,660,0,0,0,0,0,0,0,735,0,0
780,749,765,780,678,513,531,626,461,660,0,540,0,207,207,0,0,735,0,0
780,749,765,780,678,513,531,626,461,660,0,540,0,207,207,0,0,735,0,0
780,749,765,780,678,513,531,633,506,670,0,0,0,207,207,0,0,838,0,0
791,749,765,791,701,569,599,633,506,670,0,0,0,207,207,0,0,838,0,0
791,749,769,791,701,569,599,633,506,670,0,0,0,207,207,0,0,847,0,397
791,749,769,791,701,569,599,633,506,670,0,0,0,207,207,0,0,847,0,397
791,754,769,791,701,569,599,641,594,676,0,547,0,207,207,0,97,0,0,425
791,754,769,791,701,569,599,641,594,676,0,547,0,207,207,0,97,0,0,425
794,754,769,794,710,583,614,641,594,676,0,550,0,207,207,0,97,0,0,0
794,754,769,794,710,583,614,641,594,676,0,550,0,207,207,0,97,0,0,0
794,754,769,794,710,583,614,653,623,710,0,0,390,207,207,0,172,0,0,554
794,754,776,794,710,583,614,653,623,710,0,0,390,207,207,0,172,0,0,554
794,757,776,794,710,583,614,653,623,710,0,555,398,207,207,0,172,0,0,561
796,757,776,796,712,616,629,653,623,710,0,555,398,207,207,0,172,0,0,561
796,757,776,796,712,616,629,654,643,712,0,0,416,207,207,0,243,0,0,572
796,757,776,796,712,616,629,654,643,712,0,0,416,207,207,0,243,0,0,572
796,757,776,796,712,616,629,654,643,712,398,565,0,0,529,0,243,0,207,0
796,757,776,796,712,616,629,654,643,712,398,565,0,0,529,0,243,0,207,0
797,762,782,797,714,624,632,659,644,714,0,0,537,0,0,0,361,0,207,0
797,762,782,797,714,624,632,659,644,714,0,0,537,0,0,0,361,0,207,0
797,762,782,797,714,624,632,659,644,714,416,571,537,0,0,0,361,0,207,0
797,762,782,797,714,624,632,659,644,714,416,571,537,0,0,0,361,0,207,0
797,762,782,797,732,624,632,666,663,746,731,572,537,0,694,0,431,0,207,593
801,762,782,801,732,667,636,666,663,746,731,572,537,0,694,0,431,0,207,593
801,767,795,801,732,667,636,666,663,746,845,584,537,0,741,0,431,0,207,608
801,767,795,801,732,667,636,666,663,746,845,584,537,0,741,0,431,0,207,608
801,767,795,801,745,667,636,705,672,747,0,0,537,0,763,0,432,295,207,683
801,767,795,801,745,667,636,705,672,747,0,0,537,0,763,0,432,295,207,683
808,767,795,808,745,676,647,705,672,747,0,0,537,0,785,0,432,295,207,729
808,767,795,808,745,676,647,705,672,747,0,0,537,0,785,0,432,295,207,729
808,773,800,808,749,676,647,713,701,748,0,610,537,0,804,0,513,295,207,0
808,773,800,808,749,676,647,713,701,748,0,610,537,0,804,0,513,295,207,0
808,773,800,808,749,676,647,713,701,748,0,0,537,0,0,0,513,295,0,0
812,773,800,812,749,747,649,713,701,748,0,0,537,0,0,0,513,295,0,0
812,773,800,812,754,747,649,716,708,753,0,789,0,0,0,0,541,295,0,0
812,773,800,812,754,747,649,716,708,753,0,789,0,0,0,0,541,295,0,0
812,779,806,812,754,747,649,716,708,753,0,809,295,0,0,0,541,295,0,0
812,779,806,812,754,747,649,716,708,753,0,809,295,0,0,0,541,295,0,0
823,779,806,823,757,759,661,764,754,759,0,0,295,0,0,0,548,295,0,0
823,779,806,823,757,759,661,764,754,759,0,0,295,0,0,0,548,295,0,0
823,779,806,823,757,759,661,764,754,759,0,0,295,0,0,0,548,295,0,0
823,779,806,823,757,759,661,764,754,759,0,0,295,0,0,0,548,295,0,0
823,792,813,823,762,765,662,770,757,765,0,0,295,0,0,0,614,400,0,0
824,792,813,824,762,765,662,770,757,765,0,0,295,0,0,0,614,400,0,0
824,792,813,824,762,765,662,770,757,765,0,0,295,0,0,0,614,400,0,0
824,792,813,824,762,765,662,770,757,765,0,0,295,0,0,0,614,400,0,0
824,792,813,824,767,769,673,780,762,773,0,0,295,0,0,0,640,459,0,0
824,792,813,824,767,769,673,780,762,773,0,0,295,0,0,0,640,459,0,0
825,807,816,825,767,769,673,780,762,773,539,0,295,329,261,0,640,459,142,0
825,807,816,825,767,769,673,780,762,773,539,0,295,329,261,0,640,459,142,0
825,807,816,825,773,776,698,796,767,779,539,0,295,329,261,0,661,629,142,295
825,807,816,825,773,776,698,796,767,779,539,0,295,329,261,0,661,629,142,295
825,807,816,825,773,776,698,796,767,779,539,0,268,518,261,743,661,629,518,295
828,807,816,828,773,776,698,796,767,779,539,0,268,518,261,743,661,629,518,295
828,811,817,828,779,795,706,801,774,797,539,0,268,518,261,743,662,649,518,295
828,811,817,828,779,795,706,801,774,797,539,0,268,518,261,743,662,649,518,295
828,811,817,828,779,795,706,801,774,797,539,261,549,525,261,743,662,649,525,295
828,811,817,828,779,795,706,801,774,797,539,261,549,525,261,743,662,649,525,295
831,811,817,831,792,813,782,808,794,807,539,261,549,525,261,743,706,667,525,295
831,811,817,831,792,813,782,808,794,807,539,261,549,525,261,743,706,667,525,295
831,830,833,831,792,813,782,808,794,807,539,261,632,569,261,743,706,667,531,295
831,830,833,831,792,813,782,808,794,807,539,261,632,569,261,743,706,667,531,295
831,830,833,831,807,816,800,823,811,816,539,261,632,569,261,743,768,698,531,295
836,830,833,836,807,816,800,823,811,816,539,261,632,569,261,743,768,698,531,295
836,830,833,836,807,816,800,823,811,816,72,261,745,616,72,743,768,698,570,295
836,830,833,836,807,816,800,823,811,816,72,261,745,616,72,743,768,698,570,295
836,835,844,836,811,817,806,825,812,817,72,261,745,616,72,743,795,751,570,200
836,835,844,836,811,817,806,825,812,817,72,261,745,616,72,743,795,751,570,200
842,835,844,842,811,817,806,825,812,817,495,261,776,673,636,99,795,751,678,200
842,835,844,842,811,817,806,825,824,830,495,261,776,673,636,99,806,769,678,471
842,835,844,842,830,833,835,828,824,830,495,261,776,673,636,164,806,769,678,471
842,835,844,842,830,833,835,828,824,830,495,261,776,673,636,164,806,769,678,471
842,839,848,842,830,833,835,828,831,833,510,194,791,739,647,374,813,800,744,720
850,839,848,850,830,833,835,828,831,833,510,194,791,739,647,374,813,800,744,720
850,839,848,850,839,844,848,842,831,833,510,194,791,739,647,599,813,800,744,720
850,839,848,850,839,844,848,842,850,844,511,206,848,782,749,599,835,836,792,839
850,839,848,850,839,844,848,842,850,844,511,206,848,782,749,732,835,836,792,839
850,839,848,850,839,844,848,842,850,844,511,206,848,782,749,732,835,836,792,839