65,690,692,65,717,810,0,315,907,955,46,665,315,487,315,0,1017,788,315,982
65,690,692,65,717,810,0,315,907,955,46,665,315,487,315,0,1017,788,315,982
65,690,692,65,116,812,861,315,46,994,708,665,315,487,315,708,848,788,315,659
221,690,692,221,116,812,861,315,46,994,708,665,315,487,315,708,848,788,315,659
221,690,692,221,883,813,1008,315,769,1108,721,665,315,487,315,0,1055,788,315,0
221,690,692,221,883,813,1008,315,769,1108,721,665,315,487,315,0,1055,788,315,0
222,690,692,222,1058,819,0,315,910,1124,1099,665,315,487,315,716,116,788,315,983
222,690,692,222,1058,819,0,315,910,1124,1099,665,315,487,315,716,116,788,315,983
222,690,692,222,46,834,184,315,557,691,0,665,315,487,315,729,493,788,315,0
264,690,692,264,46,834,184,315,557,691,0,665,315,487,315,729,493,788,315,0
264,690,692,264,1119,1032,184,315,561,1030,1105,665,315,487,315,950,1069,788,315,0
264,690,692,264,1119,1032,184,315,561,1030,1105,665,315,487,315,950,1069,788,315,0
275,690,692,275,982,1079,184,315,564,796,1109,665,315,487,315,1095,1039,788,315,680
275,690,692,275,982,1079,184,315,564,796,1109,665,315,487,315,1095,1039,788,315,680
275,690,692,275,769,895,184,315,1070,1118,1113,665,315,487,315,0,184,788,315,1004
291,694,692,291,769,895,184,315,1070,1118,1113,665,315,487,315,0,184,788,315,1004
291,694,696,291,1111,691,184,1075,912,1031,0,0,0,0,662,651,184,0,0,739
291,694,696,291,1111,691,184,1075,912,1031,0,0,0,0,662,651,184,0,0,739
341,694,696,341,1054,693,184,1096,773,1000,0,0,1105,0,662,0,184,315,46,1032
341,694,696,341,1054,693,184,1096,773,1000,0,0,1105,0,662,0,184,315,46,1032
341,694,696,341,1013,1070,184,1124,946,1035,0,0,1118,0,662,656,184,315,336,1039
357,694,696,357,1013,1070,184,1124,946,1035,0,0,1118,0,662,656,184,315,336,1039
357,694,696,357,150,701,184,845,954,476,0,184,1119,161,662,0,184,315,447,0
357,694,696,357,150,701,184,845,954,476,0,184,1119,161,662,0,184,315,447,0
381,694,696,381,242,1098,0,845,921,1004,0,184,0,184,662,731,184,315,0,717
381,694,696,381,242,1098,0,845,921,1004,0,184,0,184,662,731,184,315,0,717
381,694,696,381,1125,911,1036,845,784,1047,656,184,0,184,662,0,184,315,457,731
387,694,696,387,1125,911,1036,845,784,1047,656,184,0,184,662,0,184,315,457,731
387,694,696,387,703,0,0,845,813,506,0,184,0,184,662,955,184,315,954,747
387,694,696,387,703,0,0,845,813,506,0,184,0,184,662,955,184,315,954,747
397,697,696,397,1099,716,581,845,815,1051,662,184,0,184,662,0,1058,315,0,0
397,697,696,397,1099,716,581,845,815,1051,662,184,0,184,662,0,1058,315,0,0
397,697,718,397,493,1120,760,845,935,693,662,184,0,184,548,0,242,315,476,184
409,697,718,409,493,1120,760,845,935,693,662,184,0,184,548,0,242,315,476,184
409,697,718,409,1089,369,848,845,834,752,662,184,0,184,548,613,796,845,1111,184
409,697,718,409,1089,369,848,845,834,752,662,184,0,184,548,613,796,845,1111,184
420,697,718,420,1048,369,955,845,1111,1057,662,184,0,184,548,0,1061,845,1124,184
420,697,718,420,1048,369,955,845,1111,1057,662,184,0,184,548,0,1061,845,1124,184
420,697,718,420,561,369,1040,995,942,1017,662,0,193,184,548,0,373,845,0,184
430,697,718,430,561,369,1040,995,942,1017,662,0,193,184,548,0,373,845,0,184
430,697,718,430,210,369,0,926,507,1089,662,0,0,336,548,735,1087,845,958,184
430,697,718,430,210,369,0,926,507,1089,662,0,0,336,548,735,1087,845,958,184
433,697,718,433,708,369,840,1002,967,1101,662,561,0,880,548,773,945,845,0,184
433,697,718,433,708,369,840,1002,967,1101,662,561,0,880,548,773,945,845,0,184
433,697,718,433,680,369,888,116,965,1065,662,1083,468,880,548,0,0,845,441,184
434,699,718,434,680,369,888,116,965,1065,662,1083,468,880,548,0,0,845,441,184
434,699,718,434,953,369,888,1005,615,961,0,0,468,880,548,782,982,845,506,184
434,699,718,434,953,369,888,1005,615,961,0,0,468,880,548,782,982,845,506,184
496,699,720,496,1086,369,888,782,680,1038,0,0,468,880,830,785,988,845,0,0
496,699,720,496,1086,369,888,782,680,1038,0,0,468,880,830,785,988,845,0,0
496,699,720,496,564,1105,888,904,1081,1068,752,0,468,880,1101,785,0,0,193,564
501,699,720,501,564,1105,888,904,1081,1068,752,0,468,880,1101,785,0,0,193,564
501,699,720,501,566,897,888,1055,973,587,0,0,468,880,1103,785,922,0,691,1017
501,699,720,501,566,897,888,1055,973,587,0,0,468,880,1103,785,922,0,691,1017
518,699,720,518,721,927,888,1009,193,587,985,560,468,880,1108,785,0,0,693,0
518,699,720,518,721,927,888,1009,193,587,985,560,468,880,1108,785,0,0,693,0
518,699,720,518,657,823,888,613,993,587,1038,0,468,880,1109,785,782,0,1070,317
534,699,720,534,657,823,888,613,993,587,1038,0,468,880,1109,785,782,0,1070,317
534,699,720,534,457,933,888,761,927,587,0,0,468,773,1120,785,784,0,0,904
534,699,720,534,457,933,888,761,927,587,0,0,468,773,1120,785,784,0,0,904
544,711,720,544,1075,854,896,812,996,587,0,785,845,0,0,785,926,150,701,938
544,711,720,544,1075,854,896,812,996,587,0,785,845,0,0,785,926,150,701,938
544,711,720,544,889,1055,961,933,950,587,0,785,845,784,0,785,0,665,703,0
545,711,720,545,889,1055,961,933,950,587,0,785,845,784,0,785,0,665,703,0
545,711,794,545,628,954,982,1022,997,587,0,785,845,788,0,963,790,665,0,581
545,711,794,545,628,954,982,1022,997,587,0,785,845,788,0,963,790,665,0,581
549,711,794,549,161,486,1041,150,971,587,0,785,845,788,0,0,892,665,0,0
549,711,794,549,161,486,1041,150,971,587,0,785,845,788,0,0,892,665,0,0
549,711,794,549,1096,486,0,161,978,616,369,785,845,788,888,0,892,665,746,427
562,711,794,562,1096,486,0,161,978,616,369,785,845,788,888,0,892,665,746,427
562,711,794,562,317,486,773,1023,1006,820,369,785,845,788,888,567,892,665,0,0
562,711,794,562,317,486,773,1023,1006,820,369,785,845,788,888,567,892,665,0,0
563,711,794,563,980,486,963,650,516,1024,369,785,845,788,888,567,892,665,242,441
563,711,794,563,980,486,963,650,516,1024,369,785,845,788,888,567,892,665,242,441
563,714,794,563,422,486,1054,651,1012,1071,369,785,845,788,888,567,892,665,0,840
573,714,794,573,422,486,1054,651,1012,1071,369,785,845,788,888,567,892,665,0,840
573,714,794,573,246,486,0,854,684,427,369,888,880,788,888,567,892,665,246,854
573,714,794,573,246,486,0,854,684,427,369,888,880,788,888,567,892,665,246,854
576,714,794,576,497,486,210,945,980,1080,369,888,880,788,888,567,892,1103,1085,889
576,714,794,576,497,486,210,945,980,1080,369,888,880,788,888,567,892,1103,1085,889
576,714,809,576,193,486,665,1025,1120,560,369,888,880,339,888,567,892,0,1086,892
585,714,809,585,193,486,665,1025,1120,560,369,888,880,339,888,567,892,0,1086,892
585,714,809,585,830,1029,665,656,1016,823,369,888,880,804,888,567,1094,0,0,892
585,714,809,585,830,1029,665,656,1016,823,369,888,880,804,888,567,1094,0,0,892
598,714,809,598,416,1029,665,659,985,944,1072,888,880,804,905,567,1097,0,346,892
598,714,809,598,416,1029,665,659,985,944,1072,888,880,804,905,567,1097,0,346,892
598,714,809,598,580,1029,665,1027,1044,944,1120,888,880,804,0,680,0,0,0,892
608,714,809,608,580,1029,665,1027,1044,944,1120,888,880,804,0,680,0,0,0,892
608,742,809,608,903,1029,665,701,441,944,0,888,880,804,943,739,0,0,416,892
608,742,809,608,903,1029,665,701,441,944,0,888,880,804,943,739,0,0,416,892
612,742,809,612,904,1029,665,1061,493,944,0,888,880,804,943,1013,953,468,1037,892
612,742,809,612,904,1029,665,1061,493,944,0,888,880,804,943,1013,953,468,1037,892
612,742,809,612,1061,1029,665,1033,1052,944,0,0,1007,804,943,0,1032,468,1038,892
618,742,809,618,1061,1029,665,1033,1052,944,0,0,1007,804,943,0,1032,468,1038,892
618,742,809,618,729,1029,665,819,580,944,0,0,1007,804,943,0,1034,468,0,892
618,742,809,618,729,1029,665,819,580,944,0,0,1007,804,943,0,1034,468,0,892
619,742,811,619,815,1029,0,949,1060,944,0,845,1007,804,943,116,0,468,422,953
619,742,811,619,815,1029,0,949,1060,944,0,845,1007,804,943,116,0,468,422,953
619,742,811,619,306,526,127,1045,988,944,826,845,1007,0,943,325,422,468,0,0
623,742,811,623,306,526,127,1045,988,944,826,845,1007,0,943,325,422,468,0,0
623,742,811,623,636,526,127,317,1083,1072,826,845,1007,596,943,325,476,468,561,346
623,742,811,623,636,526,127,317,1083,1072,826,845,1007,596,943,325,476,468,561,346
625,827,811,625,905,526,127,1048,1062,1082,826,845,1007,604,943,325,497,468,1118,946
625,827,811,625,905,526,127,1048,1062,1082,826,845,1007,604,943,325,497,468,1118,946
625,827,811,625,557,526,127,1087,346,242,826,845,1007,0,1021,325,0,468,0,1034
633,827,811,633,557,526,127,1087,346,242,826,845,1007,0,1021,325,0,468,0,1034
633,827,811,633,890,526,127,1046,1001,810,826,845,1007,0,1058,325,933,0,0,1048
633,827,811,633,890,526,127,1046,1001,810,826,845,1007,0,1058,325,933,0,0,1048
635,827,811,635,840,526,127,897,1067,830,826,845,1029,0,0,325,949,0,752,1063
635,827,811,635,840,526,127,897,1067,830,826,845,1029,0,0,325,949,0,752,1063
635,827,811,635,1126,526,127,900,537,1079,826,845,1029,785,0,325,0,0,1113,1097
638,827,811,638,1126,526,127,900,537,1079,826,845,1029,785,0,325,0,0,1113,1097
638,827,828,638,336,526,127,903,631,275,826,872,1029,785,0,325,557,0,0,0
638,827,828,638,336,526,127,903,631,275,826,872,1029,785,0,325,557,0,0,0
646,827,828,646,373,650,0,905,1086,275,0,0,1029,785,0,615,1096,161,0,1083
646,827,828,646,373,650,0,905,1086,1126,0,0,1029,785,0,615,1096,161,0,1083
646,837,828,646,945,651,0,1015,1074,416,994,0,1029,785,631,628,0,487,716,0
647,837,828,647,945,651,0,1015,1074,416,994,0,1029,785,631,628,0,487,716,0
647,837,828,647,731,1081,703,1069,246,422,1078,1004,1029,785,927,717,0,487,729,671
647,837,828,647,731,1081,703,1069,246,422,1078,1004,1029,785,927,717,0,487,729,671
649,837,828,649,339,1034,739,1050,1008,1084,0,0,1029,785,986,747,1015,487,1089,0
649,837,828,649,339,1034,739,1050,1008,1084,0,0,1029,785,986,747,1015,487,1089,0
649,837,828,649,796,922,851,911,1056,864,0,0,1029,785,1007,978,0,487,0,684
658,837,828,658,796,922,851,911,1056,864,0,0,1029,785,1007,978,0,487,0,684
658,837,828,658,671,1109,889,1032,1077,1103,0,0,0,785,1007,1029,701,487,486,760
658,837,828,658,671,1109,889,1032,1077,1103,0,0,0,785,1007,1029,701,487,486,760
663,837,828,663,896,656,890,1053,1034,1093,0,0,0,845,1007,1029,0,487,486,0
663,837,828,663,896,656,890,1053,1034,1093,0,0,0,845,1007,1029,0,487,486,0
663,837,846,663,1122,659,892,497,1040,762,0,587,150,845,1007,1029,761,487,486,574
677,837,846,677,1122,659,892,497,1040,762,0,587,150,845,1007,1029,761,487,486,574
677,857,846,677,735,325,892,968,1090,972,486,587,487,845,1007,1029,1048,487,486,0
677,857,846,677,735,325,892,968,1090,972,486,587,487,845,1007,1029,1048,487,486,0
682,857,846,682,346,325,892,1059,1013,1105,486,587,487,845,1007,1029,1049,1099,486,506
682,857,846,682,346,325,892,1059,1013,1105,486,587,487,845,1007,1029,1049,1099,486,506
682,857,846,682,581,325,892,596,1114,1100,486,587,487,845,1007,1029,0,1101,486,507
685,857,846,685,581,325,892,596,1114,1100,486,587,487,845,1007,1029,0,1101,486,507
685,857,846,685,574,325,892,1073,306,228,486,587,487,845,1007,1029,566,1108,486,1085
685,857,846,685,574,325,892,1073,306,228,486,587,487,845,1007,1029,566,1108,486,1085
688,857,846,688,938,325,892,604,1058,228,486,587,487,845,1094,1029,840,0,486,0
688,857,846,688,938,325,892,604,1058,228,486,587,487,845,1094,1029,840,0,486,0
688,857,846,688,848,325,892,1049,1115,228,486,587,487,845,0,0,0,0,0,790
705,857,846,705,848,325,892,1049,1115,228,486,587,487,845,0,0,0,0,0,790
705,857,846,705,739,325,892,1078,666,228,486,587,487,0,0,0,958,0,493,0
705,857,846,705,739,325,892,1078,666,228,486,587,487,0,0,0,958,0,493,0
719,868,852,719,1036,325,0,1076,1092,228,486,0,487,526,0,691,980,0,762,210
719,868,852,719,1036,325,0,1076,1092,228,486,0,487,526,0,691,980,0,762,210
719,868,852,719,1017,784,336,636,1116,228,631,864,826,526,0,693,1000,0,963,0
724,868,852,724,1017,784,336,636,1116,228,631,864,826,526,0,693,1000,0,963,0
724,868,852,724,946,1063,339,1076,431,228,1029,967,826,526,788,0,0,888,1069,306
724,868,852,724,946,1063,339,1076,431,228,1029,967,826,526,788,0,0,888,1069,306
727,868,852,727,537,1039,731,972,1122,228,1029,1040,826,526,788,0,632,888,1072,796
727,868,852,727,537,1039,731,972,1122,228,1029,1040,826,526,788,0,632,888,1072,796
727,868,852,727,613,722,1064,65,943,1104,1029,0,826,526,788,848,0,888,0,0
732,868,852,732,613,722,1064,65,943,1104,1029,0,826,526,788,848,0,888,0,0
732,868,852,732,506,596,0,657,943,373,1029,0,826,526,788,983,1036,888,0,945
732,868,852,732,506,596,0,657,943,373,1029,0,826,526,788,983,1036,888,0,945
736,868,852,736,604,615,0,1094,943,442,1029,0,826,526,788,0,0,888,1013,949
736,868,852,736,604,615,0,1094,943,442,1029,0,826,526,788,0,0,888,1013,949
736,871,852,736,616,968,856,65,943,357,1029,0,826,526,788,0,507,888,0,0
744,871,852,744,616,968,856,65,943,357,1029,0,826,526,788,0,507,888,0,0
744,871,873,744,0,747,971,721,943,357,1029,0,826,650,788,666,961,888,431,127
744,871,873,744,0,747,971,721,943,1123,1029,0,826,650,788,666,961,888,431,127
749,871,873,749,412,826,1072,858,943,1099,1029,0,0,657,788,667,0,888,537,127
749,871,873,749,412,826,1072,858,943,1099,1029,0,0,657,788,667,0,888,537,127
749,871,873,749,746,826,1118,790,943,1109,1089,971,0,0,127,667,246,0,0,127
755,871,873,755,746,826,1118,790,943,1109,1089,971,0,0,127,667,246,0,0,127
755,871,873,755,851,826,0,938,943,1106,0,1063,0,944,127,667,0,0,306,127
755,871,873,755,851,826,0,938,943,1106,0,1063,0,944,127,667,0,0,306,127
757,871,873,757,1092,826,0,1021,1098,259,0,0,0,944,127,667,412,0,0,127
757,871,873,757,1092,826,0,1021,1098,259,0,0,0,944,127,667,412,0,0,127
757,871,873,757,1097,826,548,1101,1125,259,0,0,0,944,127,667,427,0,442,127
764,871,873,764,1097,826,548,1101,1125,259,0,0,0,944,127,667,427,0,442,127
764,874,873,764,427,826,548,65,671,259,0,0,0,944,127,667,442,667,560,127
764,874,873,764,427,826,548,65,671,259,0,0,0,944,127,667,442,667,560,127
771,874,873,771,431,826,548,953,1077,259,0,0,0,944,127,667,0,667,944,127
771,874,873,771,431,826,548,953,1077,259,0,0,0,944,127,667,0,667,944,127
771,874,909,771,447,826,548,958,876,259,944,127,665,944,127,667,580,667,944,481
774,874,909,774,447,826,548,958,876,259,944,127,665,944,127,667,580,667,944,481
774,874,909,774,999,441,548,1037,880,259,944,127,665,944,127,616,0,667,944,481
774,874,909,774,999,441,548,1037,880,259,944,127,665,944,127,616,0,667,944,481
780,874,909,780,442,949,548,65,880,259,944,127,665,944,567,0,127,667,944,481
780,874,909,780,442,949,548,65,880,259,944,127,665,944,567,0,127,667,944,481
780,874,909,780,507,978,548,922,880,259,944,127,665,1024,567,0,127,667,944,481
787,874,909,787,507,978,548,922,880,259,944,127,665,1024,567,0,127,667,944,481
787,874,909,787,684,666,548,1039,880,872,944,127,665,0,567,761,127,667,944,481
787,874,909,787,684,666,548,1039,880,872,944,127,665,0,567,761,127,667,944,481
800,901,909,800,516,752,628,65,880,1107,944,127,665,0,567,999,127,667,944,481
800,901,909,800,516,752,628,65,880,1107,944,127,665,0,567,999,127,667,944,481
800,901,909,800,1037,631,983,481,880,895,944,127,665,0,567,0,127,0,944,481
816,901,909,816,1037,631,983,481,880,895,944,127,665,0,567,0,127,0,944,481
816,901,909,816,820,985,1097,481,880,900,944,127,665,0,567,0,127,0,0,481
816,901,909,816,820,985,1097,481,880,900,944,127,665,0,567,0,127,0,0,481
817,901,920,817,782,1069,0,481,880,1110,508,1007,0,566,567,259,127,613,0,636
817,901,920,817,782,1069,0,481,880,1110,508,1007,0,566,567,259,127,613,0,636
817,901,920,817,1078,560,447,481,566,986,508,1007,0,0,567,259,127,614,971,815
832,901,920,832,1078,560,447,481,566,986,508,1007,0,0,567,259,127,614,971,815
832,901,920,832,1103,1083,457,481,1052,1113,508,1007,0,684,889,259,904,614,0,1036
832,901,920,832,1103,1083,457,481,1052,1113,508,1007,0,684,889,259,904,614,0,1036
836,901,920,836,926,1085,1113,481,574,1112,508,1007,0,1075,0,259,911,614,317,1049
836,901,920,836,926,1085,1113,481,574,1112,508,1007,0,1075,0,259,911,614,317,1049
836,902,920,836,1038,1108,0,481,1063,729,508,1007,0,0,1000,259,1037,614,0,0
838,902,920,838,1038,1108,0,481,1063,729,508,1007,0,0,1000,259,1037,614,0,0
838,902,920,838,632,1087,632,481,1064,1121,508,1007,0,0,0,259,0,614,823,616
838,902,920,838,632,1087,632,481,1064,1121,508,1007,0,0,0,259,0,614,823,616
842,902,920,842,761,762,986,468,264,735,508,1007,0,0,0,259,0,614,978,0
842,902,920,842,761,762,986,468,264,735,508,1007,0,0,0,259,0,614,978,0
842,902,920,842,1049,994,0,468,264,747,508,1007,0,0,0,259,746,614,0,890
844,902,920,844,1049,994,0,468,397,747,508,1007,0,0,0,259,746,614,0,890
844,902,1028,844,0,790,0,468,708,1085,487,890,481,486,0,508,819,614,468,895
844,902,1028,844,0,790,0,468,708,1085,487,890,481,486,0,508,819,614,468,895
858,902,1028,858,856,804,0,468,0,1095,487,954,481,486,0,508,0,0,468,896
858,902,1028,858,856,804,0,468,0,1095,487,954,481,486,0,508,0,0,468,896
858,902,1028,858,861,804,412,468,716,1119,487,986,481,486,883,508,516,0,468,897
863,902,1028,863,861,804,412,468,716,1119,487,986,481,486,883,508,516,0,468,897
863,937,1028,863,864,804,0,468,717,1123,487,1079,481,486,961,508,581,486,468,900
863,937,1028,863,864,804,0,468,717,1123,487,1079,481,486,961,508,581,486,468,900
869,937,1028,869,950,804,0,468,722,508,487,0,481,486,1041,508,1029,486,468,903
869,937,1028,869,950,804,0,468,722,508,487,0,481,486,1041,508,1029,486,468,903
869,937,1028,869,958,804,476,468,746,508,487,0,481,486,0,508,1029,486,468,905
882,937,1028,882,958,804,476,468,746,508,487,0,481,486,0,508,1029,486,468,905
882,937,1028,882,963,804,1007,614,760,508,487,0,481,486,0,508,1029,486,468,999
882,937,1028,882,963,804,1007,614,760,508,487,0,481,486,0,508,1029,486,468,999
898,937,1028,898,967,804,1007,614,341,508,487,0,481,486,0,508,1029,486,468,0
898,937,1028,898,967,804,1007,614,341,508,487,0,481,486,0,508,1029,486,468,0
898,937,1031,898,1021,804,1007,614,341,508,762,526,788,0,0,650,1029,486,895,339
907,937,1031,907,1021,804,1007,614,682,508,762,526,788,0,0,650,1029,486,895,339
907,937,1031,907,983,1095,1007,614,567,508,1086,526,788,587,0,0,1029,486,896,1098
907,937,1031,907,983,1095,1007,614,567,508,1086,526,788,587,0,0,1029,486,896,1098
910,1052,1031,910,988,1004,1007,614,567,508,1124,526,788,587,526,0,1029,486,897,0
910,1052,1031,910,988,1004,1007,614,567,508,1124,526,788,587,526,0,1029,486,897,0
910,1052,1031,910,1001,1024,1007,614,567,508,0,526,788,587,526,657,1029,508,900,820
912,1052,1031,912,1001,1024,1007,614,567,508,0,526,788,587,526,657,1029,508,900,820
912,1052,1031,912,1015,692,1007,614,567,387,0,526,788,587,526,703,0,508,903,0
912,1052,1031,912,1015,692,1007,614,567,387,0,526,788,587,526,703,0,508,903,0
916,1052,1031,916,1041,692,1007,614,567,387,0,526,788,587,526,769,823,508,950,369
916,1052,1031,916,1041,692,1007,614,567,409,0,526,788,587,526,769,823,508,950,369
916,1052,1031,916,1056,692,0,662,567,409,0,526,788,587,526,1001,968,508,1096,369
921,1052,1031,921,1056,692,0,662,567,409,0,526,788,587,526,1001,968,508,1096,369
921,1052,1031,921,1094,694,0,662,567,420,0,526,788,587,526,0,0,508,0,369
921,1052,1031,921,1094,694,0,662,567,420,0,526,788,587,526,0,0,508,0,369
931,1052,1035,931,690,694,487,662,567,420,228,0,0,587,526,0,820,508,210,369
931,1052,1035,931,690,694,487,662,567,430,228,0,0,587,526,0,820,508,210,369
931,1060,1035,931,690,694,487,662,788,430,228,0,667,666,526,587,0,508,819,369
932,1060,1035,932,690,694,487,662,788,430,228,0,667,666,526,587,0,508,819,369
932,1060,1035,932,690,696,487,662,788,544,228,0,667,760,228,587,369,508,830,369
932,1060,1035,932,690,696,487,662,788,544,228,0,667,760,228,587,369,508,830,369
935,1060,1035,935,697,696,487,662,788,544,228,369,667,1078,228,587,369,804,988,369
935,1060,1035,935,697,696,487,662,788,576,228,369,667,1078,228,587,369,804,988,369
935,1060,1035,935,697,696,487,662,788,576,228,369,667,0,228,587,369,804,0,369
939,1060,1035,939,697,696,487,662,788,576,228,369,667,0,228,587,369,804,0,369
939,1060,1035,939,697,718,487,662,788,618,228,369,667,0,228,587,369,804,325,537
939,1060,1035,939,697,718,487,662,788,618,228,369,667,0,228,587,369,804,325,537
940,1060,1035,940,699,718,487,65,788,618,228,369,667,0,228,587,369,804,325,0
940,1060,1035,940,699,718,487,65,788,623,228,369,667,0,228,587,369,804,325,0
940,1060,1035,940,699,718,487,65,788,623,228,369,667,0,228,587,369,804,325,0
942,1060,1035,942,699,718,487,65,788,623,228,369,667,0,228,587,369,804,325,0
942,1065,1047,942,699,720,872,221,788,625,876,369,667,325,228,587,369,804,325,1056
942,1065,1047,942,699,720,872,221,788,625,876,369,667,325,228,587,369,804,325,1056
956,1065,1047,956,711,720,0,221,381,625,1008,369,0,325,228,0,369,804,325,1119
956,1065,1047,956,711,720,0,221,381,633,1008,369,0,325,228,0,369,804,325,1119
956,1065,1047,956,711,720,876,222,381,633,0,369,804,325,0,632,228,804,325,0
957,1065,1047,957,711,720,876,222,397,633,0,369,804,325,0,632,228,804,325,0
957,1065,1047,957,711,794,883,222,397,635,0,548,804,325,0,721,228,1040,325,0
957,1065,1047,957,711,794,883,222,397,635,0,548,804,325,0,721,228,1040,325,0
962,1065,1047,962,714,794,0,291,433,635,0,548,804,325,0,851,228,1056,325,0
962,1065,1047,962,714,794,0,291,433,685,0,548,804,325,0,851,228,1056,325,0
965,1065,1047,965,714,794,999,291,433,685,0,548,804,325,614,1008,228,1098,0,0
965,1065,1047,965,714,794,999,291,434,685,0,548,804,325,614,1008,228,1098,0,0
966,1065,1047,966,714,809,1000,534,434,688,0,548,804,325,614,0,228,1111,0,810
966,1065,1047,966,714,809,1000,534,434,688,0,548,804,325,614,0,228,1111,0,810
970,1074,1047,970,742,809,0,534,496,688,0,548,804,325,614,0,228,0,557,812
970,1074,1047,970,742,809,0,534,496,692,0,548,804,325,614,0,228,0,557,812
973,1074,1051,973,742,809,0,562,496,692,325,548,804,651,614,228,228,0,636,813
973,1074,1051,973,742,809,0,562,501,692,325,548,804,651,614,228,228,0,636,813
974,1074,1051,974,742,811,667,562,501,694,325,548,804,1054,614,228,228,0,722,911
974,1074,1051,974,742,811,667,562,501,694,325,548,804,1054,614,228,228,0,722,911
975,1074,1051,975,827,811,667,563,518,694,325,548,662,1064,614,228,810,0,922,927
975,1074,1051,975,827,811,667,563,518,696,325,548,662,1064,614,228,810,0,922,927
979,1074,1051,979,827,811,667,563,518,696,325,481,662,0,614,228,812,0,1095,0
979,1074,1051,979,827,811,667,563,545,696,325,481,662,0,614,228,812,0,1095,0
984,1074,1051,984,827,828,667,598,545,718,325,481,662,0,614,228,813,659,0,596
984,1074,1051,984,827,828,667,598,545,718,325,481,662,0,614,228,813,659,0,596
987,1074,1051,987,837,828,667,598,549,718,325,481,662,0,944,228,0,662,667,0
987,1074,1051,987,837,828,667,598,549,720,325,481,662,0,944,228,0,662,667,0
989,1077,1051,989,837,828,667,608,549,720,325,481,662,0,944,228,815,662,667,604
989,1077,1051,989,837,846,667,608,573,720,325,481,662,0,944,228,815,662,667,604
990,1077,1051,990,837,846,667,608,573,724,325,481,662,0,944,228,0,662,667,0
990,1077,1051,990,837,846,667,608,573,724,325,481,662,0,944,228,0,662,667,0
993,1077,1057,993,868,846,667,612,585,724,665,481,662,259,944,880,834,662,667,615
993,1077,1057,993,868,846,667,612,585,732,665,481,662,259,944,880,834,662,667,615
995,1077,1057,995,868,852,785,612,585,732,665,481,662,259,944,880,0,662,667,735
995,1077,1057,995,868,852,785,646,619,732,665,481,662,259,944,880,0,662,667,735
996,1077,1057,996,868,852,785,646,619,742,665,481,0,259,944,880,447,662,667,1015
996,1077,1057,996,868,852,785,646,619,742,665,481,0,259,944,880,447,662,667,1015
997,1077,1057,997,871,852,785,647,638,742,665,943,0,259,944,880,0,662,667,0
997,1077,1057,997,871,857,785,647,638,749,665,943,0,259,944,880,0,662,667,0
998,1077,1057,998,871,857,785,647,638,749,665,943,0,259,944,880,457,662,667,548
998,1077,1057,998,871,857,785,649,663,749,665,943,0,259,944,880,457,662,667,548
1002,1084,1057,1002,871,857,785,649,663,794,665,943,0,259,1081,880,851,0,0,548
1002,1084,1057,1002,871,857,785,649,663,794,665,943,0,259,1081,880,851,0,0,548
1005,1084,1057,1005,874,873,785,658,677,794,665,943,0,259,0,880,0,259,564,548
1005,1084,1057,1005,874,873,785,658,677,809,665,943,0,259,0,880,0,259,564,548
1006,1084,1057,1006,874,873,785,658,677,809,665,943,0,259,0,880,574,259,769,548
1006,1084,1057,1006,874,873,785,705,682,809,665,943,0,259,0,880,574,259,769,548
1009,1084,1071,1009,874,873,785,705,682,811,567,943,508,567,0,1070,628,259,926,548
1009,1084,1071,1009,874,909,785,705,682,811,567,943,508,567,0,1070,628,259,926,548
1012,1084,1071,1012,901,909,0,744,690,811,567,943,508,567,0,0,1021,259,1081,548
1012,1084,1071,1012,901,909,0,744,690,817,567,943,508,567,0,0,1021,259,1081,548
1014,1084,1071,1014,901,909,0,744,690,817,567,943,508,567,0,0,0,259,0,548
1014,1084,1071,1014,901,909,0,755,697,817,567,943,508,567,0,0,0,259,0,548
1016,1084,1071,1016,901,920,0,755,697,828,567,826,508,567,968,722,0,259,373,548
1016,1084,1071,1016,901,920,0,755,697,828,567,826,508,567,968,722,0,259,373,548
1022,1115,1071,1022,902,920,0,771,699,828,567,826,508,567,1055,856,416,259,0,0
1022,1115,1071,1022,902,920,0,771,699,846,567,826,508,567,1055,856,416,259,0,0
1023,1115,1071,1023,902,920,0,771,699,846,567,826,508,567,0,933,938,259,548,516
1023,1115,1071,1023,902,1028,0,800,711,846,567,826,508,567,0,933,938,259,548,516
1025,1115,1071,1025,902,1028,0,800,711,852,567,826,508,567,0,946,0,0,548,0
1025,1115,1071,1025,902,1028,0,800,711,852,567,826,508,567,0,946,0,0,548,0
1027,1115,1071,1027,937,1028,0,816,714,852,567,826,508,567,0,1024,943,0,548,955
1027,1115,1071,1027,937,1028,0,816,714,857,567,826,508,567,0,1024,943,0,548,955
1030,1115,1080,1030,937,1031,0,816,714,857,259,826,614,864,0,0,943,0,548,1087
1030,1115,1080,1030,937,1031,0,836,719,857,259,826,614,864,0,0,943,0,548,1087
1033,1115,1080,1033,937,1031,0,836,719,868,259,826,614,967,0,0,943,0,548,0
1033,1115,1080,1033,937,1031,0,836,719,868,259,826,614,967,0,0,943,0,548,0
1044,1115,1080,1044,1052,1031,0,838,727,868,259,826,614,972,481,0,943,1001,548,0
1044,1115,1080,1044,1052,1035,0,838,727,869,259,826,614,972,481,0,943,1001,548,0
1045,1122,1080,1045,1052,1035,0,838,727,869,259,1092,614,985,481,0,943,1007,548,0
1045,1122,1080,1045,1052,1035,0,844,736,869,259,1092,614,985,481,0,943,1007,548,0
1046,1122,1080,1046,1052,1035,0,844,736,871,259,0,614,0,481,861,943,1007,548,0
1046,1122,1080,1046,1052,1035,0,844,736,871,259,0,614,0,481,861,943,1007,548,0
1050,1122,1080,1050,1060,1047,0,858,757,871,259,0,614,0,481,872,943,1007,0,0
1050,1122,1080,1050,1060,1047,0,858,757,873,259,0,614,0,481,872,943,1007,0,0
1053,1122,1080,1053,1060,1047,0,858,757,873,259,0,614,0,481,0,943,1007,580,412
1053,1122,1080,1053,1060,1047,0,898,764,873,259,0,614,0,481,0,943,1007,580,412
1059,1122,1080,1059,1060,1047,0,898,764,882,259,0,614,0,481,876,0,1007,834,1079
1059,1122,1080,1059,1060,1051,0,898,764,882,259,0,614,0,481,876,0,1007,834,1079
1062,1122,1082,1062,1065,1051,0,916,774,882,785,804,0,0,481,883,854,1007,0,1092
1062,1122,1082,1062,1065,1051,0,916,774,902,785,804,0,0,481,883,854,1007,0,1092
1067,1122,1082,1067,1065,1051,0,916,774,902,785,804,0,671,481,0,0,1007,856,0
1067,1122,1082,1067,1065,1051,0,931,780,902,785,804,0,671,481,0,0,1007,856,0
1068,1125,1082,1068,1065,1057,0,931,780,909,785,804,0,994,892,1041,526,1007,861,431
1068,1125,1082,1068,1065,1057,0,931,780,909,785,804,0,994,892,1041,526,1007,861,431
1073,1125,1082,1073,1074,1057,0,932,787,909,785,804,0,0,892,1054,526,0,1064,972
1073,1125,1082,1073,1074,1057,0,932,787,920,785,804,0,0,892,1054,526,0,1064,972
1076,1125,1082,1076,1074,1057,0,932,787,920,785,804,0,0,892,1061,526,0,0,0
1076,1125,1082,1076,1074,1071,0,940,827,920,785,804,0,0,892,1061,526,0,0,0
1090,1125,1082,1090,1074,1071,0,940,827,937,785,804,0,0,892,1075,526,0,497,0
1090,1125,1082,1090,1074,1071,0,940,827,937,785,804,0,0,892,1075,526,0,497,0
1093,1125,1082,1093,1077,1071,0,956,832,939,785,804,0,0,892,0,526,826,0,980
1093,1125,1082,1093,1077,1071,0,956,832,939,785,804,0,0,892,0,526,826,0,980
1100,1125,1082,1100,1077,1080,0,956,832,957,785,804,0,0,892,0,526,826,0,0
1100,1125,1082,1100,1077,1080,0,962,837,957,785,804,0,0,892,0,526,826,0,0
1104,1125,1123,1104,1077,1080,0,962,837,966,880,892,888,614,892,468,526,826,587,943
1104,1125,1123,1104,1077,1080,0,962,837,966,880,892,888,614,892,468,526,826,587,943
1106,1126,1123,1106,1115,1080,0,975,842,970,880,892,888,614,892,468,526,826,587,943
1106,1126,1123,1106,1115,1082,0,975,842,970,880,892,888,614,892,468,526,826,587,943
1107,1126,1123,1107,1115,1082,0,975,842,974,880,892,888,614,0,468,0,826,587,943
1107,1126,1123,1107,1115,1082,0,984,863,974,880,892,888,614,0,468,0,826,587,943
1110,1126,1123,1110,1115,1082,0,984,863,979,880,892,888,614,0,468,0,826,587,943
1110,1126,1123,1110,1115,1082,0,984,863,979,880,892,888,614,0,468,0,826,587,943
1112,1126,1123,1112,1122,1084,0,987,874,990,880,892,888,614,0,468,0,826,587,943
1112,1126,1123,1112,1122,1084,0,987,874,990,880,892,888,614,0,468,0,826,587,943
1114,1126,1123,1114,1122,1084,0,987,874,998,880,892,888,614,0,468,0,826,587,943
1114,1126,1123,1114,1122,1084,0,989,901,998,880,892,888,614,0,468,0,826,587,943
1116,1126,1123,1116,1122,1084,0,989,901,1014,880,892,888,614,0,468,0,0,587,943
1116,1126,1123,1116,1122,1123,0,989,901,1014,880,892,888,614,0,468,0,0,587,943
1121,1126,1123,1121,0,1123,0,0,0,1028,880,892,888,614,0,468,0,0,587,943
1121,1126,1123,1121,0,1123,0,0,0,1028,880,892,888,614,0,468,0,0,587,943