198,97,150,109,97,150,109,74,97,163,109,361,74,25,121,266,25,121,150,25
198,97,150,109,97,150,109,74,97,163,109,361,74,25,121,266,25,121,150,25
198,97,150,109,97,150,109,74,97,163,109,361,74,25,121,266,25,121,150,25
240,126,156,143,126,175,143,165,120,175,143,373,120,121,165,373,74,259,198,187
240,126,156,143,126,175,143,165,120,175,143,373,120,121,165,373,74,259,198,187
240,126,156,143,126,175,143,165,120,175,143,373,120,121,165,373,74,259,198,187
263,154,175,187,154,184,156,373,154,184,156,376,163,259,198,376,120,275,263,266
263,154,175,187,154,184,156,373,154,184,156,376,163,259,198,376,120,275,263,266
263,154,175,187,154,184,156,373,154,184,156,376,163,259,198,376,120,275,263,266
266,223,184,200,223,206,187,376,223,206,165,382,258,275,248,382,126,308,286,310
266,223,184,200,223,206,187,376,223,206,165,382,258,275,248,382,126,308,286,310
266,223,184,200,223,206,187,376,223,206,165,382,258,275,248,382,126,308,286,310
305,229,206,207,229,231,200,382,258,231,200,395,262,319,263,453,163,319,305,380
305,229,206,207,229,231,200,382,258,231,200,395,262,319,263,453,163,319,305,380
305,229,206,207,229,231,200,382,258,231,200,395,262,319,263,453,163,319,305,380
384,236,231,240,286,308,207,417,299,259,207,453,299,356,275,495,229,361,337,394
384,236,231,240,286,308,207,417,299,259,207,453,299,356,275,495,229,361,337,394
384,236,231,240,286,308,207,417,299,259,207,453,299,356,275,495,229,361,337,394
448,286,308,262,310,370,236,453,349,370,236,473,349,364,319,527,240,364,384,407
448,286,308,262,310,370,236,453,349,370,236,473,349,364,319,527,240,364,384,407
448,286,308,262,310,370,236,453,349,370,236,473,349,364,319,527,240,364,384,407
459,310,370,288,337,381,248,473,356,381,248,495,374,448,375,556,258,395,449,432
459,310,370,288,337,381,248,473,356,381,248,495,374,448,375,556,258,395,449,432
459,310,370,288,337,381,248,473,356,381,248,495,374,448,375,556,258,395,449,432
492,337,381,298,356,394,288,495,361,430,288,542,438,456,384,576,262,414,459,450
492,337,381,298,356,394,288,495,361,430,288,542,438,456,384,576,262,414,459,450
492,337,381,298,356,394,288,495,361,430,288,542,438,456,384,576,262,414,459,450
509,380,394,305,380,407,298,542,374,435,298,556,489,468,388,625,299,448,472,468
509,380,394,305,380,407,298,542,374,435,298,556,489,468,388,625,299,448,472,468
509,380,394,305,380,407,298,542,374,435,298,556,489,468,388,625,299,448,472,468
524,414,407,332,414,430,332,556,395,443,332,625,496,511,417,647,349,456,503,498
524,414,407,332,414,430,332,556,395,443,332,625,496,511,417,647,349,456,503,498
524,414,407,332,414,430,332,556,395,443,332,625,496,511,417,647,349,456,503,498
559,432,430,371,432,435,371,569,438,456,364,647,506,516,459,684,374,473,509,528
559,432,430,371,432,435,371,569,438,456,364,647,506,516,459,684,374,473,509,528
559,432,430,371,432,435,371,569,438,456,364,647,506,516,459,684,374,473,509,528
576,449,435,463,449,443,375,577,472,489,371,655,513,523,472,700,438,478,559,538
576,449,435,463,449,443,375,577,472,489,371,655,513,523,472,700,438,478,559,538
576,449,435,463,449,443,375,577,472,489,371,655,513,523,472,700,438,478,559,538
603,478,443,510,478,450,388,637,496,511,375,675,523,549,503,726,468,492,566,540
603,478,443,510,478,450,388,637,496,511,375,675,523,549,503,726,468,492,566,540
603,478,443,510,478,450,388,637,496,511,375,675,523,549,503,726,468,492,566,540
609,513,450,524,513,498,463,647,503,549,388,684,540,592,509,731,489,524,604,548
609,513,450,524,513,498,463,647,503,549,388,684,540,592,509,731,489,524,604,548
609,513,450,524,513,498,463,647,503,549,388,684,540,592,509,731,489,524,604,548
616,548,498,538,548,516,510,655,506,561,417,726,557,611,557,744,496,542,623,576
616,548,498,538,548,516,510,655,506,561,417,726,557,611,557,744,496,542,623,576
616,548,498,538,548,516,510,655,506,561,417,726,557,611,557,744,496,542,623,576
626,579,516,555,579,561,511,675,598,596,463,731,598,615,569,753,506,549,673,631
626,579,516,555,579,561,511,675,598,596,463,731,598,615,569,753,506,549,673,631
626,579,516,555,579,561,511,675,598,596,463,731,598,615,569,753,506,549,673,631
629,604,540,559,604,566,527,684,609,611,492,744,615,622,577,797,523,557,687,642
629,604,540,559,604,566,527,684,609,611,492,744,615,622,577,797,523,557,687,642
629,604,540,559,604,566,527,684,609,611,492,744,615,622,577,797,523,557,687,642
686,640,561,603,640,596,528,725,625,623,510,812,616,627,592,812,579,592,710,672
686,640,561,603,640,596,528,725,625,623,510,812,616,627,592,812,579,592,710,672
686,640,561,603,640,596,528,725,625,623,510,812,616,627,592,812,579,592,710,672
753,653,566,609,655,631,538,731,633,632,527,816,622,632,606,816,598,603,723,688
753,653,566,609,655,631,538,731,633,632,527,816,622,632,606,816,598,603,723,688
753,653,566,609,655,631,538,731,633,632,527,816,622,632,606,816,598,603,723,688
754,660,596,620,660,656,555,744,656,681,528,837,627,653,637,837,615,616,729,689
754,660,596,620,660,656,555,744,656,681,528,837,627,653,637,837,615,616,729,689
754,660,596,620,660,656,555,744,656,681,528,837,627,653,637,837,615,616,729,689
768,672,631,626,672,673,606,752,673,683,555,856,633,686,682,888,622,626,749,700
768,672,631,626,672,673,606,752,673,683,555,856,633,686,682,888,622,626,749,700
768,672,631,626,672,673,606,752,673,683,555,856,633,686,682,888,622,626,749,700
788,680,675,629,680,681,611,785,726,713,569,884,656,690,713,891,627,629,754,707
788,680,675,629,680,681,611,785,726,713,569,884,656,690,713,891,627,629,754,707
788,680,675,629,680,681,611,785,726,713,569,884,656,690,713,891,627,629,754,707
798,687,681,642,687,683,620,788,735,727,577,891,690,707,725,908,633,640,777,724
798,687,681,642,687,683,620,788,735,727,577,891,690,707,725,908,633,640,777,724
798,687,681,642,687,683,620,788,735,727,577,891,690,707,725,908,633,640,777,724
807,688,683,663,688,689,623,798,749,741,606,892,700,747,749,956,660,653,779,740
807,688,683,663,688,689,623,798,749,741,606,892,700,747,749,956,660,653,779,740
807,688,683,663,688,689,623,798,749,741,606,892,700,747,749,956,660,653,779,740
813,710,689,692,710,723,632,810,775,753,620,908,727,768,752,976,680,686,786,787
813,710,689,692,710,723,632,810,775,753,620,908,727,768,752,976,680,686,786,787
813,710,689,692,710,723,632,810,775,753,620,908,727,768,752,976,680,686,786,787
822,729,723,724,729,741,642,813,786,757,637,956,735,781,779,984,707,690,797,812
822,729,723,724,729,741,642,813,786,757,637,956,735,781,779,984,707,690,797,812
822,729,723,724,729,741,642,813,786,757,637,956,735,781,779,984,707,690,797,812
832,740,741,742,740,757,663,837,789,815,663,976,775,787,785,985,727,768,807,834
832,740,741,742,740,757,663,837,789,815,663,976,775,787,785,985,727,768,807,834
832,740,741,742,740,757,663,837,789,815,663,976,775,787,785,985,727,768,807,834
833,777,757,747,777,823,682,843,799,821,682,984,786,810,787,1022,735,781,815,852
833,777,757,747,777,823,682,843,799,821,682,984,786,810,787,1022,735,781,815,852
833,777,757,747,777,823,682,843,799,821,682,984,786,810,787,1022,735,781,815,852
849,779,823,754,789,848,692,853,814,823,692,985,797,815,791,1046,775,810,850,874
849,779,823,754,789,848,692,853,814,823,692,985,797,815,791,1046,775,810,850,874
849,779,823,754,789,848,692,853,814,823,692,985,797,815,791,1046,775,810,850,874
854,789,840,788,799,852,713,884,831,826,725,1022,816,822,801,1073,808,822,856,882
854,789,840,788,799,852,713,884,831,826,725,1022,816,822,801,1073,808,822,856,882
854,789,840,788,799,852,713,884,831,826,725,1022,816,822,801,1073,808,822,856,882
903,799,848,796,808,882,724,891,832,840,742,1034,821,824,807,1088,821,824,867,888
903,799,848,796,808,882,724,891,832,840,742,1034,821,824,807,1088,821,824,867,888
903,799,848,796,808,882,724,891,832,840,742,1034,821,824,807,1088,821,824,867,888
911,808,852,798,814,889,742,892,901,886,752,1042,831,825,825,1092,831,825,896,906
911,808,852,798,814,889,742,892,901,886,752,1042,831,825,825,1092,831,825,896,906
911,808,852,798,814,889,742,892,901,886,752,1042,831,825,825,1092,831,825,896,906
919,814,882,813,850,897,747,908,925,889,781,1046,832,833,826,1094,834,840,903,910
919,814,882,813,850,897,747,908,925,889,781,1046,832,833,826,1094,834,840,903,910
919,814,882,813,850,897,747,908,925,889,781,1046,832,833,826,1094,834,840,903,910
935,850,889,833,853,922,791,956,933,897,785,1055,874,834,843,1096,848,849,913,922
935,850,889,833,853,922,791,956,933,897,785,1055,874,834,843,1096,848,849,913,922
935,850,889,833,853,922,791,956,933,897,785,1055,874,834,843,1096,848,849,913,922
942,867,897,849,867,929,796,976,939,926,791,1059,901,864,853,1122,901,854,935,928
942,867,897,849,867,929,796,976,939,926,791,1059,901,864,853,1122,901,854,935,928
942,867,897,849,867,929,796,976,939,926,791,1059,901,864,853,1122,901,854,935,928
960,874,922,854,884,930,801,984,977,929,796,1073,925,886,856,1130,925,864,946,944
960,874,922,854,884,930,801,984,977,929,796,1073,925,886,856,1130,925,864,946,944
960,874,922,854,884,930,801,984,977,929,796,1073,925,886,856,1130,925,864,946,944
964,888,929,870,892,946,826,1014,980,930,801,1088,933,894,864,1138,933,886,957,993
964,888,929,870,892,946,826,1014,980,930,801,1088,933,894,864,1138,933,886,957,993
964,888,929,870,892,946,826,1014,980,930,801,1088,933,894,864,1138,933,886,957,993
970,896,930,903,896,972,870,1022,985,947,824,1115,939,902,894,1142,939,894,960,999
970,896,930,903,896,972,870,1022,985,947,824,1115,939,902,894,1142,939,894,960,999
970,896,930,903,896,972,870,1022,985,947,824,1115,939,902,894,1142,939,894,960,999
979,906,946,923,910,974,923,1034,996,958,843,1122,977,911,902,1160,977,902,979,1051
979,906,946,923,910,974,923,1034,996,958,843,1122,977,911,902,1160,977,902,979,1051
979,906,946,923,910,974,923,1034,996,958,843,1122,977,911,902,1160,977,902,979,1051
991,910,972,931,912,993,931,1050,1008,966,870,1137,980,919,957,1171,980,911,990,1069
991,910,972,931,912,993,931,1050,1008,966,870,1137,980,919,957,1171,980,911,990,1069
991,910,972,931,912,993,931,1050,1008,966,870,1137,980,919,957,1171,980,911,990,1069
998,912,974,935,913,1007,958,1055,1037,972,906,1142,991,926,960,1197,991,912,998,1082
998,912,974,935,913,1007,958,1055,1037,972,906,1142,991,926,960,1197,991,912,998,1082
998,912,974,935,913,1007,958,1055,1037,972,906,1142,991,926,960,1197,991,912,998,1082
1019,913,993,979,928,1009,964,1073,1046,988,923,1161,996,942,963,1201,996,919,1019,1089
1019,913,993,979,928,1009,964,1073,1046,988,923,1161,996,942,963,1201,996,919,1019,1089
1019,913,993,979,928,1009,964,1073,1046,988,923,1161,996,942,963,1201,996,919,1019,1089
1027,928,1007,994,952,1041,966,1077,1048,1009,931,1163,1007,944,978,1204,1008,926,1027,1092
1027,928,1007,994,952,1041,966,1077,1048,1009,931,1163,1007,944,978,1204,1008,926,1027,1092
1027,928,1007,994,952,1041,966,1077,1048,1009,931,1163,1007,944,978,1204,1008,926,1027,1092
1028,944,1009,1008,963,1069,988,1088,1066,1018,963,1171,1014,947,990,1207,1014,942,1028,1094
1028,944,1009,1008,963,1069,988,1088,1066,1018,963,1171,1014,947,990,1207,1014,942,1028,1094
1028,944,1009,1008,963,1069,988,1088,1066,1018,963,1171,1014,947,990,1207,1014,942,1028,1094
1043,952,1041,1010,992,1086,994,1093,1074,1026,990,1197,1037,958,998,1217,1037,947,1039,1096
1043,952,1041,1010,992,1086,994,1093,1074,1026,990,1197,1037,958,998,1217,1037,947,1039,1096
1043,952,1041,1010,992,1086,994,1093,1074,1026,990,1197,1037,958,998,1217,1037,947,1039,1096
1051,957,1058,1042,999,1089,1010,1112,1090,1041,994,1201,1066,966,1006,1221,1058,952,1043,1108
1051,957,1058,1042,999,1089,1010,1112,1090,1041,994,1201,1066,966,1006,1221,1058,952,1043,1108
1051,957,1058,1042,999,1089,1010,1112,1090,1041,994,1201,1066,966,1006,1221,1058,952,1043,1108
1081,992,1069,1043,1034,1110,1045,1115,1106,1058,1010,1207,1071,970,1019,1230,1066,964,1050,1110
1081,992,1069,1043,1034,1110,1045,1115,1106,1058,1010,1207,1071,970,1019,1230,1066,964,1050,1110
1081,992,1069,1043,1034,1110,1045,1115,1106,1058,1010,1207,1071,970,1019,1230,1066,964,1050,1110
1082,999,1086,1045,1039,1121,1054,1122,1125,1071,1045,1221,1074,974,1027,1234,1071,970,1059,1121
1082,999,1086,1045,1039,1121,1054,1122,1125,1071,1045,1221,1074,974,1027,1234,1071,970,1059,1121
1082,999,1086,1045,1039,1121,1054,1122,1125,1071,1045,1221,1074,974,1027,1234,1071,970,1059,1121
1094,1039,1089,1054,1048,1129,1064,1135,1129,1086,1054,1230,1090,978,1028,1235,1074,978,1068,1127
1094,1039,1089,1054,1048,1129,1064,1135,1129,1086,1054,1230,1090,978,1028,1235,1074,978,1068,1127
1094,1039,1089,1054,1048,1129,1064,1135,1129,1086,1054,1230,1090,978,1028,1235,1074,978,1068,1127
1097,1048,1110,1070,1055,1146,1070,1142,1146,1113,1064,1234,1096,988,1036,1236,1090,992,1077,1128
1097,1048,1110,1070,1055,1146,1070,1142,1146,1113,1064,1234,1096,988,1036,1236,1090,992,1077,1128
1097,1048,1110,1070,1055,1146,1070,1142,1146,1113,1064,1234,1096,988,1036,1236,1090,992,1077,1128
1102,1062,1149,1087,1062,1149,1087,1157,1172,1123,1070,1235,1106,1006,1050,1239,1102,1006,1081,1130
1102,1062,1149,1087,1062,1149,1087,1157,1172,1123,1070,1235,1106,1006,1050,1239,1102,1006,1081,1130
1102,1062,1149,1087,1062,1149,1087,1157,1172,1123,1070,1235,1106,1006,1050,1239,1102,1006,1081,1130
1107,1068,1156,1097,1068,1158,1100,1160,1173,1126,1087,1236,1125,1018,1051,1266,1106,1018,1093,1138
1107,1068,1156,1097,1068,1158,1100,1160,1173,1126,1087,1236,1125,1018,1051,1266,1106,1018,1093,1138
1107,1068,1156,1097,1068,1158,1100,1160,1173,1126,1087,1236,1125,1018,1051,1266,1106,1018,1093,1138
1113,1077,1157,1119,1082,1185,1119,1171,1195,1141,1095,1239,1129,1026,1059,1273,1125,1026,1114,1183
1113,1077,1157,1119,1082,1185,1119,1171,1195,1141,1095,1239,1129,1026,1059,1273,1125,1026,1114,1183
1113,1077,1157,1119,1082,1185,1119,1171,1195,1141,1095,1239,1129,1026,1059,1273,1125,1026,1114,1183
1130,1092,1199,1128,1093,1199,1128,1183,1197,1151,1100,1266,1135,1036,1064,1280,1140,1036,1131,1185
1130,1092,1199,1128,1093,1199,1128,1183,1197,1151,1100,1266,1135,1036,1064,1280,1140,1036,1131,1185
1130,1092,1199,1128,1093,1199,1128,1183,1197,1151,1100,1266,1135,1036,1064,1280,1140,1036,1131,1185
1140,1095,1204,1133,1095,1204,1133,1184,1207,1158,1112,1273,1146,1091,1081,1281,1149,1042,1137,1211
1140,1095,1204,1133,1095,1204,1133,1184,1207,1158,1112,1273,1146,1091,1081,1281,1149,1042,1137,1211
1140,1095,1204,1133,1095,1204,1133,1184,1207,1158,1112,1273,1146,1091,1081,1281,1149,1042,1137,1211
1164,1108,1209,1135,1102,1209,1145,1201,1222,1159,1119,1281,1163,1107,1091,1295,1157,1062,1151,1214
1164,1108,1209,1135,1102,1209,1145,1201,1222,1159,1119,1281,1163,1107,1091,1295,1157,1062,1151,1214
1164,1108,1209,1135,1102,1209,1145,1201,1222,1159,1119,1281,1163,1107,1091,1295,1157,1062,1151,1214
1177,1114,1210,1140,1108,1210,1156,1217,1231,1168,1133,1295,1172,1123,1100,1298,1163,1091,1165,1218
1177,1114,1210,1140,1108,1210,1156,1217,1231,1168,1133,1295,1172,1123,1100,1298,1163,1091,1165,1218
1177,1114,1210,1140,1108,1210,1156,1217,1231,1168,1133,1295,1172,1123,1100,1298,1163,1091,1165,1218
1189,1116,1211,1145,1114,1211,1159,1221,1245,1174,1139,1296,1173,1126,1112,1304,1172,1097,1174,1226
1189,1116,1211,1145,1114,1211,1159,1221,1245,1174,1139,1296,1173,1126,1112,1304,1172,1097,1174,1226
1189,1116,1211,1145,1114,1211,1159,1221,1245,1174,1139,1296,1173,1126,1112,1304,1172,1097,1174,1226
1203,1121,1215,1161,1115,1215,1161,1230,1253,1196,1145,1298,1195,1138,1116,1308,1173,1107,1190,1235
1203,1121,1215,1161,1115,1215,1161,1230,1253,1196,1145,1298,1195,1138,1116,1308,1173,1107,1190,1235
1203,1121,1215,1161,1115,1215,1161,1230,1253,1196,1145,1298,1195,1138,1116,1308,1173,1107,1190,1235
1225,1127,1219,1164,1116,1219,1168,1234,1266,1199,1160,1304,1222,1139,1127,1317,1184,1113,1196,1238
1225,1127,1219,1164,1116,1219,1168,1234,1266,1199,1160,1304,1222,1139,1127,1317,1184,1113,1196,1238
1225,1127,1219,1164,1116,1219,1168,1234,1266,1199,1160,1304,1222,1139,1127,1317,1184,1113,1196,1238
1228,1131,1227,1170,1131,1227,1170,1236,1274,1205,1170,1308,1231,1158,1137,1320,1195,1123,1209,1256
1228,1131,1227,1170,1131,1227,1170,1236,1274,1205,1170,1308,1231,1158,1137,1320,1195,1123,1209,1256
1228,1131,1227,1170,1131,1227,1170,1236,1274,1205,1170,1308,1231,1158,1137,1320,1195,1123,1209,1256
1237,1141,1238,1177,1141,1238,1182,1239,1278,1210,1182,1317,1245,1168,1151,1325,1222,1126,1213,1264
1237,1141,1238,1177,1141,1238,1182,1239,1278,1210,1182,1317,1245,1168,1151,1325,1222,1126,1213,1264
1237,1141,1238,1177,1141,1238,1182,1239,1278,1210,1182,1317,1245,1168,1151,1325,1222,1126,1213,1264
1243,1143,1250,1182,1143,1250,1203,1273,1283,1215,1184,1320,1249,1189,1156,1333,1231,1139,1225,1271
1243,1143,1250,1182,1143,1250,1203,1273,1283,1215,1184,1320,1249,1189,1156,1333,1231,1139,1225,1271
1243,1143,1250,1182,1143,1250,1203,1273,1283,1215,1184,1320,1249,1189,1156,1333,1231,1139,1225,1271
1249,1165,1257,1216,1165,1263,1205,1295,1301,1219,1213,1325,1253,1196,1159,1334,1245,1143,1228,1279
1249,1165,1257,1216,1165,1263,1205,1295,1301,1219,1213,1325,1253,1196,1159,1334,1245,1143,1228,1279
1249,1165,1257,1216,1165,1263,1205,1295,1301,1219,1213,1325,1253,1196,1159,1334,1245,1143,1228,1279
1276,1185,1263,1220,1190,1271,1213,1298,1304,1227,1216,1339,1261,1205,1174,1339,1249,1164,1233,1281
1276,1185,1263,1220,1190,1271,1213,1298,1304,1227,1216,1339,1261,1205,1174,1339,1249,1164,1233,1281
1276,1185,1263,1220,1190,1271,1213,1298,1304,1227,1216,1339,1261,1205,1174,1339,1249,1164,1233,1281
1288,1190,1271,1225,1214,1293,1216,1308,1321,1250,1217,1367,1267,1223,1183,1364,1253,1177,1241,1292
1288,1190,1271,1225,1214,1293,1216,1308,1321,1250,1217,1367,1267,1223,1183,1364,1253,1177,1241,1292
1288,1190,1271,1225,1214,1293,1216,1308,1321,1250,1217,1367,1267,1223,1183,1364,1253,1177,1241,1292
1302,1214,1285,1242,1218,1306,1220,1317,1332,1267,1220,1377,1274,1237,1203,1373,1261,1189,1243,1319
1302,1214,1285,1242,1218,1306,1220,1317,1332,1267,1220,1377,1274,1237,1203,1373,1261,1189,1243,1319
1302,1214,1285,1242,1218,1306,1220,1317,1332,1267,1220,1377,1274,1237,1203,1373,1261,1189,1243,1319
1311,1218,1293,1251,1226,1313,1242,1320,1340,1275,1241,1386,1278,1254,1223,1377,1267,1223,1263,1328
1311,1218,1293,1251,1226,1313,1242,1320,1340,1275,1241,1386,1278,1254,1223,1377,1267,1223,1263,1328
1311,1218,1293,1251,1226,1313,1242,1320,1340,1275,1241,1386,1278,1254,1223,1377,1267,1223,1263,1328
1318,1226,1306,1258,1233,1322,1251,1325,1354,1282,1242,1393,1287,1261,1228,1386,1274,1237,1269,1333
1318,1226,1306,1258,1233,1322,1251,1325,1354,1282,1242,1393,1287,1261,1228,1386,1274,1237,1269,1333
1318,1226,1306,1258,1233,1322,1251,1325,1354,1282,1242,1393,1287,1261,1228,1386,1274,1237,1269,1333
1327,1233,1313,1264,1256,1332,1257,1330,1355,1287,1251,1402,1301,1275,1241,1393,1278,1254,1276,1334
1327,1233,1313,1264,1256,1332,1257,1330,1355,1287,1251,1402,1301,1275,1241,1393,1278,1254,1276,1334
1327,1233,1313,1264,1256,1332,1257,1330,1355,1287,1251,1402,1301,1275,1241,1393,1278,1254,1276,1334
1343,1256,1322,1290,1269,1337,1259,1339,1360,1293,1257,1403,1314,1288,1243,1407,1282,1275,1291,1344
1343,1256,1322,1290,1269,1337,1259,1339,1360,1293,1257,1403,1314,1288,1243,1407,1282,1275,1291,1344
1343,1256,1322,1290,1269,1337,1259,1339,1360,1293,1257,1403,1314,1288,1243,1407,1282,1275,1291,1344
1362,1269,1333,1294,1279,1347,1264,1342,1371,1306,1258,1409,1321,1300,1254,1416,1287,1288,1296,1346
1362,1269,1333,1294,1279,1347,1264,1342,1371,1306,1258,1409,1321,1300,1254,1416,1287,1288,1296,1346
1362,1269,1333,1294,1279,1347,1264,1342,1371,1306,1258,1409,1321,1300,1254,1416,1287,1288,1296,1346
1368,1279,1337,1302,1280,1350,1282,1367,1379,1313,1259,1412,1332,1311,1258,1421,1301,1300,1302,1350
1368,1279,1337,1302,1280,1350,1282,1367,1379,1313,1259,1412,1332,1311,1258,1421,1301,1300,1302,1350
1368,1279,1337,1302,1280,1350,1282,1367,1379,1313,1259,1412,1332,1311,1258,1421,1301,1300,1302,1350
1373,1280,1347,1338,1283,1351,1285,1377,1387,1314,1285,1421,1340,1341,1259,1428,1321,1311,1312,1358
1373,1280,1347,1338,1283,1351,1285,1377,1387,1314,1285,1421,1340,1341,1259,1428,1321,1311,1312,1358
1373,1280,1347,1338,1283,1351,1285,1377,1387,1314,1285,1421,1340,1341,1259,1428,1321,1311,1312,1358
1381,1283,1350,1343,1292,1352,1290,1386,1394,1322,1290,1423,1345,1355,1276,1439,1340,1341,1314,1363
1381,1283,1350,1343,1292,1352,1290,1386,1394,1322,1290,1423,1345,1355,1276,1439,1340,1341,1314,1363
1381,1283,1350,1343,1292,1352,1290,1386,1394,1322,1290,1423,1345,1355,1276,1439,1340,1341,1314,1363
1389,1292,1351,1353,1312,1358,1291,1393,1401,1334,1291,1428,1348,1361,1296,1442,1345,1354,1318,1364
1389,1292,1351,1353,1312,1358,1291,1393,1401,1334,1291,1428,1348,1361,1296,1442,1345,1354,1318,1364
1389,1292,1351,1353,1312,1358,1291,1393,1401,1334,1291,1428,1348,1361,1296,1442,1345,1354,1318,1364
1396,1312,1352,1368,1319,1365,1294,1402,1404,1337,1294,1439,1354,1372,1300,1449,1348,1355,1323,1370
1396,1312,1352,1368,1319,1365,1294,1402,1404,1337,1294,1439,1354,1372,1300,1449,1348,1355,1323,1370
1396,1312,1352,1368,1319,1365,1294,1402,1404,1337,1294,1439,1354,1372,1300,1449,1348,1355,1323,1370
1410,1319,1358,1369,1323,1378,1303,1403,1407,1351,1303,1442,1360,1389,1303,1454,1360,1361,1327,1373
1410,1319,1358,1369,1323,1378,1303,1403,1407,1351,1303,1442,1360,1389,1303,1454,1360,1361,1327,1373
1410,1319,1358,1369,1323,1378,1303,1403,1407,1351,1303,1442,1360,1389,1303,1454,1360,1361,1327,1373
1416,1323,1365,1376,1328,1383,1338,1410,1413,1361,1330,1450,1371,1395,1318,1456,1371,1372,1343,1391
1416,1323,1365,1376,1328,1383,1338,1410,1413,1361,1330,1450,1371,1395,1318,1456,1371,1372,1343,1391
1416,1323,1365,1376,1328,1383,1338,1410,1413,1361,1330,1450,1371,1395,1318,1456,1371,1372,1343,1391
1417,1328,1378,1381,1344,1391,1348,1412,1420,1365,1338,1456,1379,1400,1327,1460,1379,1389,1352,1402
1417,1328,1378,1381,1344,1391,1348,1412,1420,1365,1338,1456,1379,1400,1327,1460,1379,1389,1352,1402
1417,1328,1378,1381,1344,1391,1348,1412,1420,1365,1338,1456,1379,1400,1327,1460,1379,1389,1352,1402
1424,1344,1383,1392,1346,1398,1353,1421,1428,1383,1342,1460,1387,1405,1330,1467,1387,1395,1362,1416
1424,1344,1383,1392,1346,1398,1353,1421,1428,1383,1342,1460,1387,1405,1330,1467,1387,1395,1362,1416
1424,1344,1383,1392,1346,1398,1353,1421,1428,1383,1342,1460,1387,1405,1330,1467,1387,1395,1362,1416
1435,1345,1391,1399,1363,1401,1369,1423,1434,1395,1347,1467,1394,1425,1341,1469,1394,1400,1368,1422
1435,1345,1391,1399,1363,1401,1369,1423,1434,1395,1347,1467,1394,1425,1341,1469,1394,1400,1368,1422
1435,1345,1391,1399,1363,1401,1369,1423,1434,1395,1347,1467,1394,1425,1341,1469,1394,1400,1368,1422
1443,1346,1398,1409,1367,1408,1376,1439,1440,1398,1353,1468,1401,1441,1342,1475,1404,1405,1374,1425
1443,1346,1398,1409,1367,1408,1376,1439,1440,1398,1353,1468,1401,1441,1342,1475,1404,1405,1374,1425
1443,1346,1398,1409,1367,1408,1376,1439,1440,1398,1353,1468,1401,1441,1342,1475,1404,1405,1374,1425
1445,1363,1400,1410,1370,1420,1384,1442,1451,1405,1369,1475,1404,1449,1362,1480,1412,1426,1378,1437
1445,1363,1400,1410,1370,1420,1384,1442,1451,1405,1369,1475,1404,1449,1362,1480,1412,1426,1378,1437
1445,1363,1400,1410,1370,1420,1384,1442,1451,1405,1369,1475,1404,1449,1362,1480,1412,1426,1378,1437
1457,1364,1408,1419,1374,1427,1392,1445,1455,1427,1376,1482,1418,1450,1372,1482,1418,1436,1381,1444
1457,1364,1408,1419,1374,1427,1392,1445,1455,1427,1376,1482,1418,1450,1372,1482,1418,1436,1381,1444
1457,1364,1408,1419,1374,1427,1392,1445,1455,1427,1376,1482,1418,1450,1372,1482,1418,1436,1381,1444
1461,1370,1427,1429,1390,1437,1399,1450,1470,1441,1384,1484,1420,1452,1384,1485,1425,1441,1390,1449
1461,1370,1427,1429,1390,1437,1399,1450,1470,1441,1384,1484,1420,1452,1384,1485,1425,1441,1390,1449
1469,1374,1427,1429,1403,1437,1399,1450,1470,1441,1384,1484,1420,1452,1384,1485,1425,1441,1390,1449
1469,1374,1437,1430,1403,1446,1409,1456,1486,1446,1392,1485,1434,1459,1396,1493,1434,1452,1396,1453
1472,1390,1437,1430,1422,1446,1409,1456,1486,1446,1392,1485,1434,1459,1396,1493,1434,1452,1396,1453
1472,1390,1437,1430,1422,1446,1409,1456,1486,1446,1392,1485,1434,1459,1396,1493,1434,1452,1396,1453
1476,1407,1446,1445,1423,1455,1419,1458,1494,1452,1399,1494,1440,1466,1406,1494,1440,1459,1406,1460
1476,1407,1446,1445,1423,1455,1419,1458,1494,1452,1399,1494,1440,1466,1406,1494,1440,1459,1406,1460
1487,1413,1453,1447,1426,1462,1429,1468,1494,1459,1406,1500,1440,1473,1417,1502,1440,1468,1413,1460
1487,1413,1453,1447,1426,1462,1429,1468,1501,1459,1406,1500,1451,1473,1417,1502,1451,1468,1413,1464
1489,1418,1462,1454,1436,1470,1430,1471,1501,1462,1408,1503,1451,1490,1424,1503,1451,1470,1417,1464
1489,1418,1462,1454,1436,1470,1430,1471,1501,1462,1408,1503,1451,1490,1424,1503,1451,1470,1417,1464
1491,1422,1467,1457,1444,1472,1431,1474,1503,1466,1419,1508,1455,1504,1431,1508,1461,1477,1424,1475
1491,1422,1467,1457,1444,1472,1431,1474,1503,1466,1419,1508,1455,1504,1431,1508,1461,1477,1424,1475
1495,1426,1478,1461,1464,1478,1447,1480,1507,1473,1429,1512,1476,1506,1435,1512,1476,1496,1435,1480
1495,1426,1478,1461,1464,1478,1447,1480,1507,1473,1429,1512,1476,1506,1435,1512,1476,1496,1435,1480
1502,1436,1490,1469,1477,1489,1454,1481,1515,1488,1430,1519,1486,1523,1443,1519,1486,1504,1443,1491
1502,1436,1490,1469,1477,1489,1454,1481,1515,1488,1430,1519,1486,1523,1443,1519,1486,1504,1443,1491
1508,1444,1497,1479,1484,1491,1466,1484,1519,1489,1431,1520,1493,1524,1453,1521,1495,1517,1457,1493
1508,1444,1497,1479,1484,1491,1466,1484,1519,1489,1431,1520,1493,1524,1453,1521,1495,1517,1457,1493
1513,1464,1499,1487,1496,1497,1473,1485,1520,1490,1447,1521,1505,1526,1458,1525,1506,1522,1472,1506
1513,1464,1499,1487,1496,1497,1473,1485,1520,1490,1447,1521,1505,1526,1458,1525,1506,1522,1472,1506
1516,1477,1518,1495,1500,1499,1479,1500,1522,1498,1458,1523,1515,1527,1471,1532,1509,1526,1478,1513
1516,1477,1518,1495,1500,1499,1479,1500,1522,1498,1458,1523,1515,1527,1471,1532,1509,1526,1478,1513
1529,1496,1533,1511,1507,1518,1502,1512,1525,1499,1471,1525,1522,1537,1474,1539,1515,1527,1487,1518
1529,1496,1533,1511,1507,1518,1502,1512,1525,1499,1471,1525,1522,1537,1474,1539,1515,1527,1487,1518
1539,1498,1538,1513,1509,1533,1511,1521,1528,1523,1474,1535,1528,1549,1481,1547,1520,1537,1488,1532
1539,1498,1538,1513,1509,1533,1511,1521,1528,1523,1474,1535,1528,1549,1481,1547,1520,1537,1488,1532
1554,1507,1541,1530,1517,1538,1524,1535,1536,1527,1479,1547,1531,1552,1488,1553,1528,1552,1497,1538
1554,1507,1541,1530,1517,1538,1524,1535,1536,1527,1479,1547,1531,1552,1488,1553,1528,1552,1497,1538
1559,1509,1543,1534,1535,1541,1530,1547,1546,1533,1481,1553,1536,1558,1501,1555,1531,1560,1498,1539
1559,1509,1543,1534,1535,1541,1530,1547,1546,1533,1481,1553,1536,1558,1501,1555,1531,1560,1498,1539
1568,1517,1557,1545,1540,1543,1531,1550,1565,1549,1482,1555,1543,1565,1505,1558,1536,1568,1501,1545
1568,1517,1557,1545,1540,1543,1531,1550,1565,1549,1482,1555,1543,1565,1505,1558,1536,1568,1501,1545
1573,1532,1561,1551,1542,1546,1534,1555,1575,1552,1504,1563,1546,1568,1516,1563,1554,1573,1505,1553
1573,1532,1561,1551,1542,1546,1534,1555,1575,1552,1504,1563,1546,1568,1516,1563,1554,1573,1505,1553
1577,1540,1570,1554,1556,1557,1545,1563,1582,1557,1511,1564,1558,1574,1524,1564,1559,1574,1516,1566
1577,1540,1570,1554,1556,1557,1545,1563,1582,1557,1511,1564,1558,1574,1524,1564,1559,1574,1516,1566
1578,1542,1587,1559,1560,1561,1549,1564,1589,1561,1530,1572,1566,1575,1526,1566,1569,1575,1529,1577
1578,1542,1587,1559,1560,1561,1549,1564,1589,1561,1530,1572,1566,1575,1526,1566,1569,1575,1529,1577
1585,1556,1591,1571,1569,1570,1551,1572,1592,1584,1534,1581,1582,1584,1529,1572,1582,1578,1540,1580
1585,1556,1591,1571,1569,1570,1551,1572,1592,1584,1534,1581,1582,1584,1529,1572,1582,1578,1540,1580
1594,1560,1596,1573,1574,1587,1562,1581,1605,1587,1541,1590,1592,1593,1537,1577,1592,1584,1542,1586
1594,1560,1596,1573,1574,1587,1562,1581,1605,1587,1541,1590,1592,1593,1537,1577,1592,1584,1542,1586
1601,1569,1611,1578,1580,1591,1571,1590,1606,1596,1550,1597,1600,1601,1550,1581,1600,1593,1556,1589
1601,1569,1611,1578,1580,1591,1571,1590,1606,1596,1550,1597,1600,1601,1550,1581,1600,1593,1556,1589
1602,1580,1614,1588,1586,1596,1588,1597,1628,1600,1551,1599,1605,1602,1562,1590,1605,1601,1565,1591
1602,1580,1614,1588,1586,1596,1588,1597,1628,1600,1551,1599,1605,1602,1562,1590,1605,1601,1565,1591
1608,1586,1617,1594,1595,1611,1598,1599,1635,1607,1562,1609,1607,1606,1585,1597,1607,1602,1570,1595
1608,1586,1617,1594,1595,1611,1598,1599,1635,1607,1562,1609,1607,1606,1585,1597,1607,1602,1570,1595
1622,1589,1624,1603,1610,1614,1603,1609,1639,1613,1571,1618,1613,1608,1593,1599,1613,1606,1585,1611
1622,1589,1624,1603,1610,1614,1603,1609,1639,1613,1571,1618,1613,1608,1593,1599,1613,1606,1585,1611
1627,1595,1640,1612,1621,1624,1612,1618,1652,1620,1588,1626,1617,1620,1598,1609,1617,1608,1594,1621
1627,1595,1640,1612,1621,1624,1612,1618,1652,1620,1588,1626,1617,1620,1598,1609,1617,1608,1594,1621
1630,1610,1643,1615,1623,1640,1615,1626,1654,1624,1598,1634,1628,1636,1622,1618,1628,1620,1603,1623
1630,1610,1643,1615,1623,1640,1615,1626,1654,1624,1598,1634,1628,1636,1622,1618,1628,1620,1603,1623
1636,1621,1648,1625,1631,1643,1625,1634,1657,1640,1612,1642,1635,1637,1627,1626,1635,1636,1610,1631
1636,1621,1648,1625,1631,1643,1625,1634,1657,1640,1612,1642,1635,1637,1627,1626,1635,1636,1610,1631
1638,1623,1656,1630,1639,1648,1633,1642,1665,1643,1615,1652,1654,1649,1633,1634,1654,1645,1614,1638
1638,1623,1656,1630,1639,1648,1633,1642,1665,1643,1615,1652,1654,1649,1633,1634,1654,1645,1614,1638
1645,1631,1662,1638,1647,1656,1641,1651,1669,1649,1625,1664,1655,1666,1637,1642,1655,1657,1622,1648
1645,1631,1662,1638,1647,1656,1641,1651,1669,1649,1625,1664,1655,1666,1637,1642,1655,1657,1622,1648
1655,1639,1680,1645,1650,1662,1649,1664,1671,1662,1633,1669,1665,1676,1641,1652,1665,1666,1627,1656
1655,1639,1680,1645,1650,1662,1649,1664,1671,1662,1633,1669,1665,1676,1641,1652,1665,1666,1627,1656
1660,1646,1688,1660,1657,1680,1658,1674,1675,1676,1641,1671,1670,1677,1646,1664,1669,1676,1630,1679
1660,1646,1688,1660,1657,1680,1658,1674,1675,1676,1641,1671,1670,1677,1646,1664,1669,1676,1630,1679
1666,1647,1690,1673,1667,1688,1659,1682,1683,1680,1651,1674,1672,1685,1651,1671,1670,1677,1637,1691
1666,1647,1690,1673,1667,1688,1659,1682,1683,1680,1651,1674,1672,1685,1651,1671,1670,1677,1637,1691
1670,1650,1691,1681,1679,1690,1663,1697,1684,1687,1658,1682,1675,1687,1658,1674,1672,1685,1646,1694
1670,1650,1691,1681,1679,1690,1663,1697,1684,1687,1658,1682,1675,1687,1658,1674,1672,1685,1646,1694
1672,1667,1692,1686,1683,1691,1673,1701,1689,1690,1659,1698,1684,1689,1659,1682,1675,1687,1647,1699
1672,1667,1692,1686,1683,1691,1673,1701,1689,1690,1659,1698,1684,1689,1659,1682,1675,1687,1647,1699
1677,1679,1695,1693,1694,1695,1681,1704,1698,1692,1663,1701,1702,1696,1663,1697,1684,1688,1650,1705
1677,1679,1695,1693,1694,1695,1681,1704,1698,1692,1663,1701,1702,1696,1663,1697,1684,1688,1650,1705
1678,1683,1699,1700,1701,1699,1696,1713,1702,1695,1673,1704,1705,1703,1678,1704,1692,1693,1660,1708
1678,1683,1699,1700,1701,1699,1696,1713,1702,1695,1673,1704,1705,1703,1678,1704,1692,1693,1660,1708
1686,1694,1706,1710,1709,1706,1700,1719,1709,1696,1681,1713,1714,1706,1685,1705,1702,1698,1667,1715
1686,1694,1706,1710,1709,1706,1700,1719,1709,1696,1681,1713,1714,1706,1685,1705,1702,1698,1667,1715
1689,1709,1711,1712,1716,1711,1710,1722,1718,1703,1697,1719,1724,1708,1707,1713,1708,1703,1678,1717
1689,1709,1711,1712,1716,1711,1710,1722,1718,1703,1697,1719,1724,1708,1707,1713,1708,1703,1678,1717
1693,1716,1721,1717,1718,1721,1712,1732,1725,1711,1700,1722,1731,1715,1714,1724,1715,1714,1686,1720
1693,1716,1721,1717,1718,1721,1712,1732,1725,1711,1700,1722,1731,1715,1714,1724,1715,1714,1686,1720
1707,1718,1726,1730,1719,1729,1723,1739,1731,1723,1710,1733,1734,1723,1720,1726,1727,1721,1707,1730
1707,1718,1726,1730,1719,1729,1723,1739,1731,1723,1710,1733,1734,1723,1720,1726,1727,1721,1707,1730
1717,1720,1729,1739,1722,1738,1730,1740,1733,1726,1712,1739,1735,1736,1725,1733,1731,1728,1716,1742
1717,1720,1729,1739,1722,1738,1730,1740,1733,1726,1712,1739,1735,1736,1725,1733,1731,1728,1716,1742
1725,1728,1738,1743,1728,1741,1745,1743,1734,1735,1727,1745,1740,1746,1732,1742,1734,1736,1724,1768
1725,1728,1738,1743,1728,1741,1745,1743,1734,1735,1727,1745,1740,1746,1732,1742,1734,1736,1724,1768
1727,1737,1741,1750,1737,1751,1746,1747,1742,1738,1732,1748,1741,1749,1747,1745,1735,1750,1729,1774
1727,1737,1741,1750,1737,1751,1746,1747,1742,1738,1732,1748,1741,1749,1747,1745,1735,1750,1729,1774
1736,1752,1751,1759,1752,1761,1754,1755,1748,1746,1747,1756,1749,1754,1755,1748,1740,1761,1737,1778
1736,1752,1751,1759,1752,1761,1754,1755,1748,1746,1747,1756,1749,1754,1755,1748,1740,1761,1737,1778
1743,1758,1767,1768,1758,1763,1759,1760,1756,1751,1755,1760,1757,1766,1769,1756,1749,1765,1752,1785
1743,1758,1767,1768,1758,1763,1759,1760,1756,1751,1755,1760,1757,1766,1769,1756,1749,1765,1752,1785
1750,1762,1774,1775,1760,1767,1768,1762,1763,1754,1759,1761,1763,1772,1776,1764,1757,1766,1758,1787
1750,1762,1774,1775,1760,1767,1768,1762,1763,1754,1759,1761,1763,1772,1776,1764,1757,1766,1758,1787
1757,1765,1779,1783,1765,1774,1775,1764,1770,1766,1769,1764,1771,1776,1781,1770,1771,1772,1762,1798
1757,1765,1779,1783,1765,1774,1775,1764,1770,1766,1769,1764,1771,1776,1781,1770,1771,1772,1762,1798
1772,1773,1790,1784,1773,1779,1782,1769,1780,1771,1775,1770,1780,1778,1782,1777,1780,1776,1767,1799
1772,1773,1790,1784,1773,1779,1782,1769,1780,1771,1775,1770,1780,1778,1782,1777,1780,1776,1767,1799
1784,1789,1792,1791,1789,1790,1783,1777,1785,1778,1782,1777,1785,1781,1786,1787,1784,1781,1773,1800
1784,1789,1792,1791,1789,1790,1783,1777,1785,1778,1782,1777,1785,1781,1786,1787,1784,1781,1773,1800
1787,1798,1803,1795,1798,1803,1791,1788,1792,1779,1786,1788,1792,1794,1794,1788,1789,1794,1783,1801
1787,1798,1803,1795,1798,1803,1791,1788,1792,1779,1786,1788,1792,1794,1794,1788,1789,1794,1783,1801
1800,1799,1809,1800,1799,1809,1795,1802,1793,1790,1791,1802,1793,1805,1805,1802,1793,1805,1786,1803
1800,1799,1809,1800,1799,1809,1795,1802,1793,1790,1791,1802,1793,1805,1805,1802,1793,1805,1786,1803
1807,1808,1815,1801,1808,1815,1801,1804,1797,1809,1795,1804,1797,1806,1806,1804,1797,1806,1807,1808
1807,1808,1815,1801,1808,1815,1801,1804,1797,1809,1795,1804,1797,1806,1806,1804,1797,1806,1807,1808
1813,1814,1816,1807,1814,1816,1810,1811,1812,1816,1810,1811,1812,1813,1810,1811,1812,1813,1814,1815
1813,1814,1816,1807,1814,1816,1810,1811,1812,1816,1810,1811,1812,1813,1810,1811,1812,1813,1814,1815