28,42,47,28,39,47,55,32,41,47,32,76,39,58,32,82,39,28,42,44
28,42,47,28,39,47,55,32,41,47,32,76,39,58,32,82,39,28,42,44
28,42,47,28,39,47,55,32,41,47,32,76,39,58,32,82,39,28,42,44
28,42,47,28,39,47,55,32,41,47,32,76,39,58,32,82,39,28,42,44
28,42,47,28,39,47,55,32,41,47,32,76,39,58,32,82,39,28,42,44
28,42,47,28,39,47,55,32,41,47,32,76,39,58,32,82,39,28,42,44
28,42,47,28,39,47,55,32,41,47,32,76,39,58,32,82,39,28,42,44
28,42,47,28,39,47,55,32,41,47,32,76,39,58,32,82,39,28,42,44
28,42,47,28,39,47,55,32,41,47,32,76,39,58,32,82,39,28,42,44
28,42,47,28,39,47,55,32,41,47,32,76,39,58,32,82,39,28,42,44
28,42,47,28,39,47,55,32,41,47,32,76,39,58,32,82,39,28,42,44
28,42,47,28,39,47,55,32,41,47,32,76,39,58,32,82,39,28,42,44
28,42,47,28,39,47,55,32,41,47,32,76,39,58,32,82,39,28,42,44
28,42,47,28,39,47,55,32,41,47,32,76,39,58,32,82,39,28,42,44
96,44,93,55,42,93,81,76,45,58,55,82,41,96,81,101,41,58,45,82
96,44,93,55,42,93,81,76,45,58,55,82,41,96,81,101,41,58,45,82
96,44,93,55,42,93,81,76,45,58,55,82,41,96,81,101,41,58,45,82
96,44,93,55,42,93,81,76,45,58,55,82,41,96,81,101,41,58,45,82
96,44,93,55,42,93,81,76,45,58,55,82,41,96,81,101,41,58,45,82
96,44,93,55,42,93,81,76,45,58,55,82,41,96,81,101,41,58,45,82
96,44,93,55,42,93,81,76,45,58,55,82,41,96,81,101,41,58,45,82
96,44,93,55,42,93,81,76,45,58,55,82,41,96,81,101,41,58,45,82
96,44,93,55,42,93,81,76,45,58,55,82,41,96,81,101,41,58,45,82
96,44,93,55,42,93,81,76,45,58,55,82,41,96,81,101,41,58,45,82
96,44,93,55,42,93,81,76,45,58,55,82,41,96,81,101,41,58,45,82
96,44,93,55,42,93,81,76,45,58,55,82,41,96,81,101,41,58,45,82
96,44,93,55,42,93,81,76,45,58,55,82,41,96,81,101,41,58,45,82
96,44,93,55,42,93,81,76,45,58,55,82,41,96,81,101,41,58,45,82
104,45,107,90,44,107,90,94,101,93,81,101,121,115,116,133,121,115,94,107
104,45,107,90,44,107,90,94,101,93,81,101,121,115,116,133,121,115,94,107
104,45,107,90,44,107,90,94,101,93,81,101,121,115,116,133,121,115,94,107
104,45,107,90,44,107,90,94,101,93,81,101,121,115,116,133,121,115,94,107
104,45,107,90,44,107,90,94,101,93,81,101,121,115,116,133,121,115,94,107
104,45,107,90,44,107,90,94,101,93,81,101,121,115,116,133,121,115,94,107
104,45,107,90,44,107,90,94,101,93,81,101,121,115,116,133,121,115,94,107
104,45,107,90,44,107,90,94,101,93,81,101,121,115,116,133,121,115,94,107
104,45,107,90,44,107,90,94,101,93,81,101,121,115,116,133,121,115,94,107
104,45,107,90,44,107,90,94,101,93,81,101,121,115,116,133,121,115,94,107
104,45,107,90,44,107,90,94,101,93,81,101,121,115,116,133,121,115,94,107
104,45,107,90,44,107,90,94,101,93,81,101,121,115,116,133,121,115,94,107
104,45,107,90,44,107,90,94,101,93,81,101,121,115,116,133,121,115,94,107
104,45,107,90,44,107,90,94,101,93,81,101,121,115,116,133,121,115,94,107
116,140,120,104,76,120,108,151,123,120,90,145,123,121,124,144,123,124,96,133
116,140,120,104,76,120,108,151,123,120,90,145,123,121,124,144,123,124,96,133
116,140,120,104,76,120,108,151,123,120,90,145,123,121,124,144,123,124,96,133
116,140,120,104,76,120,108,151,123,120,90,145,123,121,124,144,123,124,96,133
116,140,120,104,76,120,108,151,123,120,90,145,123,121,124,144,123,124,96,133
116,140,120,104,76,120,108,151,123,120,90,145,123,121,124,144,123,124,96,133
116,140,120,104,76,120,108,151,123,120,90,145,123,121,124,144,123,124,96,133
116,140,120,104,76,120,108,151,123,120,90,145,123,121,124,144,123,124,96,133
116,140,120,104,76,120,108,151,123,120,90,145,123,121,124,144,123,124,96,133
116,140,120,104,76,120,108,151,123,120,90,145,123,121,124,144,123,124,96,133
116,140,120,104,76,120,108,151,123,120,90,145,123,121,124,144,123,124,96,133
116,140,120,104,76,120,108,151,123,120,90,145,123,121,124,144,123,124,96,133
116,140,120,104,76,120,108,151,123,120,90,145,123,121,124,144,123,124,96,133
116,140,120,104,76,120,108,151,123,120,90,145,123,121,124,144,123,124,96,133
134,150,125,108,94,125,164,156,144,125,108,161,133,124,164,158,134,150,104,140
134,150,125,108,94,125,164,156,144,125,108,161,133,124,164,158,134,150,104,140
134,150,125,108,94,125,164,156,144,125,108,161,133,124,164,158,134,150,104,140
134,150,125,108,94,125,164,156,144,125,108,161,133,124,164,158,134,150,104,140
134,150,125,108,94,125,164,156,144,125,108,161,133,124,164,158,134,150,104,140
134,150,125,108,94,125,164,156,144,125,108,161,133,124,164,158,134,150,104,140
134,150,125,108,94,125,164,156,144,125,108,161,133,124,164,158,134,150,104,140
134,150,125,108,94,125,164,156,144,125,108,161,133,124,164,158,134,150,104,140
134,150,125,108,94,125,164,156,144,125,108,161,133,124,164,158,134,150,104,140
134,150,125,108,94,125,164,156,144,125,108,161,133,124,164,158,134,150,104,140
134,150,125,108,94,125,164,156,144,125,108,161,133,124,164,158,134,150,104,140
134,150,125,108,94,125,164,156,144,125,108,161,133,124,164,158,134,150,104,140
134,150,125,108,94,125,164,156,144,125,108,161,133,124,164,158,134,150,104,140
145,160,125,108,140,125,164,156,144,125,108,161,133,124,164,158,134,150,104,140
145,160,127,134,140,127,174,161,179,127,115,169,179,150,165,161,145,156,116,143
145,160,127,134,140,127,174,161,179,127,115,169,179,150,165,161,145,156,116,143
145,160,127,134,140,127,174,161,179,127,115,169,179,150,165,161,145,156,116,143
145,160,127,134,140,127,174,161,179,127,115,169,179,150,165,161,145,156,116,143
145,160,127,134,140,127,174,161,179,127,115,169,179,150,165,161,145,156,116,143
145,160,127,134,140,127,174,161,179,127,115,169,179,150,165,161,145,156,116,143
145,160,127,134,140,127,174,161,179,127,115,169,179,150,165,161,145,156,116,143
145,160,127,134,140,127,174,161,179,127,115,169,179,150,165,161,145,156,116,143
145,160,127,134,140,127,174,161,179,127,115,169,179,150,165,161,145,156,116,143
145,160,127,134,140,127,174,161,179,127,115,169,179,150,165,161,145,156,116,143
145,160,127,134,140,127,174,161,179,127,115,169,179,150,165,161,145,156,116,143
145,160,127,134,140,127,174,161,179,127,115,169,179,150,165,161,145,156,116,143
153,162,127,134,151,127,174,161,179,127,115,169,179,150,165,161,145,156,116,143
153,162,127,134,151,127,174,161,179,127,115,169,179,150,165,161,145,156,116,143
153,162,136,144,151,136,176,169,180,163,164,178,186,156,174,169,179,160,136,151
153,162,136,144,151,136,176,169,180,163,164,178,186,156,174,169,179,160,136,151
153,162,136,144,151,136,176,169,180,163,164,178,186,156,174,169,179,160,136,151
153,162,136,144,151,136,176,169,180,163,164,178,186,156,174,169,179,160,136,151
153,162,136,144,151,136,176,169,180,163,164,178,186,156,174,169,179,160,136,151
153,162,136,144,151,136,176,169,180,163,164,178,186,156,174,169,179,160,136,151
153,162,136,144,151,136,176,169,180,163,164,178,186,156,174,169,179,160,136,151
153,162,136,144,151,136,176,169,180,163,164,178,186,156,174,169,179,160,136,151
153,162,136,144,151,136,176,169,180,163,164,178,186,156,174,169,179,160,136,151
153,162,136,144,151,136,176,169,180,163,164,178,186,156,174,169,179,160,136,151
153,162,136,144,151,136,176,169,180,163,164,178,186,156,174,169,179,160,136,151
165,172,136,144,160,136,176,169,180,163,164,178,186,156,174,169,179,160,136,151
165,172,136,144,160,136,176,169,180,163,164,178,186,156,174,169,179,160,136,151
165,172,136,144,160,136,176,169,180,163,164,178,186,156,174,169,179,160,136,151
165,172,143,153,160,143,177,178,186,174,176,190,195,158,180,178,186,162,153,158
165,172,143,153,160,143,177,178,186,174,176,190,195,158,180,178,186,162,153,158
165,172,143,153,160,143,177,178,186,174,176,190,195,158,180,178,186,162,153,158
165,172,143,153,160,143,177,178,186,174,176,190,195,158,180,178,186,162,153,158
165,172,143,153,160,143,177,178,186,174,176,190,195,158,180,178,186,162,153,158
165,172,143,153,160,143,177,178,186,174,176,190,195,158,180,178,186,162,153,158
165,172,143,153,160,143,177,178,186,174,176,190,195,158,180,178,186,162,153,158
165,172,143,153,160,143,177,178,186,174,176,190,195,158,180,178,186,162,153,158
165,172,143,153,160,143,177,178,186,174,176,190,195,158,180,178,186,162,153,158
165,172,143,153,160,143,177,178,186,174,176,190,195,158,180,178,186,162,153,158
185,187,143,153,162,143,177,178,186,174,176,190,195,158,180,178,186,162,153,158
185,187,143,153,162,143,177,178,186,174,176,190,195,158,180,178,186,162,153,158
185,187,143,153,162,143,177,178,186,174,176,190,195,158,180,178,186,162,153,158
185,187,143,153,162,143,177,178,186,174,176,190,195,158,180,178,186,162,153,158
185,187,163,176,162,163,189,190,204,188,177,199,203,204,194,185,195,204,165,173
185,187,163,176,162,163,189,190,204,188,177,199,203,204,194,185,195,204,165,173
185,187,163,176,162,163,189,190,204,188,177,199,203,204,194,185,195,204,165,173
185,187,163,176,162,163,189,190,204,188,177,199,203,204,194,185,195,204,165,173
185,187,163,176,162,163,189,190,204,188,177,199,203,204,194,185,195,204,165,173
185,187,163,176,162,163,189,190,204,188,177,199,203,204,194,185,195,204,165,173
185,187,163,176,162,163,189,190,204,188,177,199,203,204,194,185,195,204,165,173
185,187,163,176,162,163,189,190,204,188,177,199,203,204,194,185,195,204,165,173
185,187,163,176,162,163,189,190,204,188,177,199,203,204,194,185,195,204,165,173
193,201,163,176,172,163,189,190,204,188,177,199,203,204,194,185,195,204,165,173
193,201,163,176,172,163,189,190,204,188,177,199,203,204,194,185,195,204,165,173
193,201,163,176,172,163,189,190,204,188,177,199,203,204,194,185,195,204,165,173
193,201,163,176,172,163,189,190,204,188,177,199,203,204,194,185,195,204,165,173
193,201,163,176,172,163,189,190,204,188,177,199,203,204,194,185,195,204,165,173
193,201,173,177,172,173,194,199,217,197,189,201,221,228,210,190,203,211,172,185
193,201,173,177,172,173,194,199,217,197,189,201,221,228,210,190,203,211,172,185
193,201,173,177,172,173,194,199,217,197,189,201,221,228,210,190,203,211,172,185
193,201,173,177,172,173,194,199,217,197,189,201,221,228,210,190,203,211,172,185
193,201,173,177,172,173,194,199,217,197,189,201,221,228,210,190,203,211,172,185
193,201,173,177,172,173,194,199,217,197,189,201,221,228,210,190,203,211,172,185
193,201,173,177,172,173,194,199,217,197,189,201,221,228,210,190,203,211,172,185
193,201,173,177,172,173,194,199,217,197,189,201,221,228,210,190,203,211,172,185
195,207,173,177,187,173,194,199,217,197,189,201,221,228,210,190,203,211,172,185
195,207,173,177,187,173,194,199,217,197,189,201,221,228,210,190,203,211,172,185
195,207,173,177,187,173,194,199,217,197,189,201,221,228,210,190,203,211,172,185
195,207,173,177,187,173,194,199,217,197,189,201,221,228,210,190,203,211,172,185
195,207,173,177,187,173,194,199,217,197,189,201,221,228,210,190,203,211,172,185
195,207,173,177,187,173,194,199,217,197,189,201,221,228,210,190,203,211,172,185
195,207,188,189,187,188,202,201,231,209,194,229,233,234,230,199,221,234,180,187
195,207,188,189,187,188,202,201,231,209,194,229,233,234,230,199,221,234,180,187
195,207,188,189,187,188,202,201,231,209,194,229,233,234,230,199,221,234,180,187
195,207,188,189,187,188,202,201,231,209,194,229,233,234,230,199,221,234,180,187
195,207,188,189,187,188,202,201,231,209,194,229,233,234,230,199,221,234,180,187
195,207,188,189,187,188,202,201,231,209,194,229,233,234,230,199,221,234,180,187
195,207,188,189,187,188,202,201,231,209,194,229,233,234,230,199,221,234,180,187
211,217,188,189,210,188,202,201,231,209,194,229,233,234,230,199,221,234,180,187
211,217,188,189,210,188,202,201,231,209,194,229,233,234,230,199,221,234,180,187
211,217,188,189,210,188,202,201,231,209,194,229,233,234,230,199,221,234,180,187
211,217,188,189,210,188,202,201,231,209,194,229,233,234,230,199,221,234,180,187
211,217,188,189,210,188,202,201,231,209,194,229,233,234,230,199,221,234,180,187
211,217,188,189,210,188,202,201,231,209,194,229,233,234,230,199,221,234,180,187
211,217,188,189,210,188,202,201,231,209,194,229,233,234,230,199,221,234,180,187
211,217,197,193,210,197,229,203,233,213,202,240,241,242,231,207,233,241,193,207
211,217,197,193,210,197,229,203,233,213,202,240,241,242,231,207,233,241,193,207
211,217,197,193,210,197,229,203,233,213,202,240,241,242,231,207,233,241,193,207
211,217,197,193,210,197,229,203,233,213,202,240,241,242,231,207,233,241,193,207
211,217,197,193,210,197,229,203,233,213,202,240,241,242,231,207,233,241,193,207
211,217,197,193,210,197,229,203,233,213,202,240,241,242,231,207,233,241,193,207
230,227,197,193,217,197,229,203,233,213,202,240,241,242,231,207,233,241,193,207
230,227,197,193,217,197,229,203,233,213,202,240,241,242,231,207,233,241,193,207
230,227,197,193,217,197,229,203,233,213,202,240,241,242,231,207,233,241,193,207
230,227,197,193,217,197,229,203,233,213,202,240,241,242,231,207,233,241,193,207
230,227,197,193,217,197,229,203,233,213,202,240,241,242,231,207,233,241,193,207
230,227,197,193,217,197,229,203,233,213,202,240,241,242,231,207,233,241,193,207
230,227,197,193,217,197,229,203,233,213,202,240,241,242,231,207,233,241,193,207
230,227,197,193,217,197,229,203,233,213,202,240,241,242,231,207,233,241,193,207
230,227,209,202,217,209,236,221,240,228,232,247,249,252,232,240,242,252,210,227
230,227,209,202,217,209,236,221,240,228,232,247,249,252,232,240,242,252,210,227
230,227,209,202,217,209,236,221,240,228,232,247,249,252,232,240,242,252,210,227
230,227,209,202,217,209,236,221,240,228,232,247,249,252,232,240,242,252,210,227
230,227,209,202,217,209,236,221,240,228,232,247,249,252,232,240,242,252,210,227
234,244,209,202,227,209,236,221,240,228,232,247,249,252,232,240,242,252,210,227
234,244,209,202,227,209,236,221,240,228,232,247,249,252,232,240,242,252,210,227
234,244,209,202,227,209,236,221,240,228,232,247,249,252,232,240,242,252,210,227
234,244,209,202,227,209,236,221,240,228,232,247,249,252,232,240,242,252,210,227
234,244,209,202,227,209,236,221,240,228,232,247,249,252,232,240,242,252,210,227
234,244,209,202,227,209,236,221,240,228,232,247,249,252,232,240,242,252,210,227
234,244,209,202,227,209,236,221,240,228,232,247,249,252,232,240,242,252,210,227
234,244,209,202,227,209,236,221,240,228,232,247,249,252,232,240,242,252,210,227
234,244,209,202,227,209,236,221,240,228,232,247,249,252,232,240,242,252,210,227
234,244,213,211,227,213,255,230,241,229,239,256,251,258,239,247,249,258,235,236
234,244,213,211,227,213,255,230,241,229,239,256,251,258,239,247,249,258,235,236
234,244,213,211,227,213,255,230,241,229,239,256,251,258,239,247,249,258,235,236
234,244,213,211,227,213,255,230,241,229,239,256,251,258,239,247,249,258,235,236
250,253,213,211,231,213,255,230,241,229,239,256,251,258,239,247,249,258,235,236
250,253,213,211,231,213,255,230,241,229,239,256,251,258,239,247,249,258,235,236
250,253,213,211,231,213,255,230,241,229,239,256,251,258,239,247,249,258,235,236
250,253,213,211,231,213,255,230,241,229,239,256,251,258,239,247,249,258,235,236
250,253,213,211,231,213,255,230,241,229,239,256,251,258,239,247,249,258,235,236
250,253,213,211,231,213,255,230,241,229,239,256,251,258,239,247,249,258,235,236
250,253,213,211,231,213,255,230,241,229,239,256,251,258,239,247,249,258,235,236
250,253,213,211,231,213,255,230,241,229,239,256,251,258,239,247,249,258,235,236
250,253,213,211,231,213,255,230,241,229,239,256,251,258,239,247,249,258,235,236
250,253,213,211,231,213,255,230,241,229,239,256,251,258,239,247,249,258,235,236
250,253,235,228,231,235,272,232,249,245,255,267,257,263,259,256,251,278,244,242
250,253,235,228,231,235,272,232,249,245,255,267,257,263,259,256,251,278,244,242
250,253,235,228,231,235,272,232,249,245,255,267,257,263,259,256,251,278,244,242
252,265,235,228,244,235,272,232,249,245,255,267,257,263,259,256,251,278,244,242
252,265,235,228,244,235,272,232,249,245,255,267,257,263,259,256,251,278,244,242
252,265,235,228,244,235,272,232,249,245,255,267,257,263,259,256,251,278,244,242
252,265,235,228,244,235,272,232,249,245,255,267,257,263,259,256,251,278,244,242
252,265,235,228,244,235,272,232,249,245,255,267,257,263,259,256,251,278,244,242
252,265,235,228,244,235,272,232,249,245,255,267,257,263,259,256,251,278,244,242
252,265,235,228,244,235,272,232,249,245,255,267,257,263,259,256,251,278,244,242
252,265,235,228,244,235,272,232,249,245,255,267,257,263,259,256,251,278,244,242
252,265,235,228,244,235,272,232,249,245,255,267,257,263,259,256,251,278,244,242
252,265,235,228,244,235,272,232,249,245,255,267,257,263,259,256,251,278,244,242
252,265,235,228,244,235,272,232,249,245,255,267,257,263,259,256,251,278,244,242
252,265,245,236,244,245,274,239,257,250,0,275,262,274,0,267,257,283,253,254
252,265,245,236,244,245,274,239,257,250,0,275,262,274,0,267,257,283,253,254
259,277,245,236,253,245,274,239,257,250,0,275,262,274,0,267,257,283,253,254
259,277,245,236,253,245,274,239,257,250,0,275,262,274,0,267,257,283,253,254
259,277,245,236,253,245,274,239,257,250,0,275,262,274,0,267,257,283,253,254
259,277,245,236,253,245,274,239,257,250,0,275,262,274,0,267,257,283,253,254
259,277,245,236,253,245,274,239,257,250,0,275,262,274,0,267,257,283,253,254
259,277,245,236,253,245,274,239,257,250,0,275,262,274,0,267,257,283,253,254
259,277,245,236,253,245,274,239,257,250,0,275,262,274,0,267,257,283,253,254
259,277,245,236,253,245,274,239,257,250,0,275,262,274,0,267,257,283,253,254
259,277,245,236,253,245,274,239,257,250,0,275,262,274,0,267,257,283,253,254
259,277,245,236,253,245,274,239,257,250,0,275,262,274,0,267,257,283,253,254
259,277,245,236,253,245,274,239,257,250,0,275,262,274,0,267,257,283,253,254
259,277,245,236,253,245,274,239,257,250,0,275,262,274,0,267,257,283,253,254
259,277,251,255,253,250,277,247,262,258,277,284,268,278,286,275,263,287,259,263
278,279,251,255,265,250,277,247,262,258,277,284,268,278,286,275,263,287,259,263
278,279,251,255,265,250,277,247,262,258,277,284,268,278,286,275,263,287,259,263
278,279,251,255,265,250,277,247,262,258,277,284,268,278,286,275,263,287,259,263
278,279,251,255,265,250,277,247,262,258,277,284,268,278,286,275,263,287,259,263
278,279,251,255,265,250,277,247,262,258,277,284,268,278,286,275,263,287,259,263
278,279,251,255,265,250,277,247,262,258,277,284,268,278,286,275,263,287,259,263
278,279,251,255,265,250,277,247,262,258,277,284,268,278,286,275,263,287,259,263
278,279,251,255,265,250,277,247,262,258,277,284,268,278,286,275,263,287,259,263
278,279,251,255,265,250,277,247,262,258,277,284,268,278,286,275,263,287,259,263
278,279,251,255,265,250,277,247,262,258,277,284,268,278,286,275,263,287,259,263
278,279,251,255,265,250,277,247,262,258,277,284,268,278,286,275,263,287,259,263
278,279,251,255,265,250,277,247,262,258,277,284,268,278,286,275,263,287,259,263
278,279,251,255,265,250,277,247,262,258,277,284,268,278,286,275,263,287,259,263
286,287,254,262,279,254,282,256,265,274,282,290,276,283,288,291,276,296,271,272
286,287,254,262,279,254,282,256,265,274,282,290,276,283,288,291,276,296,271,272
286,287,254,262,279,254,282,256,265,274,282,290,276,283,288,291,276,296,271,272
286,287,254,262,279,254,282,256,265,274,282,290,276,283,288,291,276,296,271,272
286,287,254,262,279,254,282,256,265,274,282,290,276,283,288,291,276,296,271,272
286,287,254,262,279,254,282,256,265,274,282,290,276,283,288,291,276,296,271,272
286,287,254,262,279,254,282,256,265,274,282,290,276,283,288,291,276,296,271,272
286,287,254,262,279,254,282,256,265,274,282,290,276,283,288,291,276,296,271,272
286,287,254,262,279,254,282,256,265,274,282,290,276,283,288,291,276,296,271,272
286,287,254,262,279,254,282,256,265,274,282,290,276,283,288,291,276,296,271,272
286,287,254,262,279,254,282,256,265,274,282,290,276,283,288,291,276,296,271,272
286,287,254,262,279,254,282,256,265,274,282,290,276,283,288,291,276,296,271,272
286,287,254,262,279,254,282,256,265,274,282,290,276,283,288,291,276,296,271,272
292,300,271,268,288,271,289,267,268,276,288,295,281,291,289,295,281,299,279,280
292,300,271,268,288,271,289,267,268,276,288,295,281,291,289,295,281,299,279,280
292,300,271,268,288,271,289,267,268,276,288,295,281,291,289,295,281,299,279,280
292,300,271,268,288,271,289,267,268,276,288,295,281,291,289,295,281,299,279,280
292,300,271,268,288,271,289,267,268,276,288,295,281,291,289,295,281,299,279,280
292,300,271,268,288,271,289,267,268,276,288,295,281,291,289,295,281,299,279,280
292,300,271,268,288,271,289,267,268,276,288,295,281,291,289,295,281,299,279,280
292,300,271,268,288,271,289,267,268,276,288,295,281,291,289,295,281,299,279,280
292,300,271,268,288,271,289,267,268,276,288,295,281,291,289,295,281,299,279,280
292,300,271,268,288,271,289,267,268,276,288,295,281,291,289,295,281,299,279,280
292,300,271,268,288,271,289,267,268,276,288,295,281,291,289,295,281,299,279,280
292,300,271,268,288,271,289,267,268,276,288,295,281,291,289,295,281,299,279,280
292,300,271,268,288,271,289,267,268,276,288,295,281,291,289,295,281,299,279,280
297,303,280,272,292,280,301,0,275,287,289,306,283,296,290,307,292,310,286,291
297,303,280,272,292,280,301,0,275,287,289,306,283,296,290,307,292,310,286,291
297,303,280,272,292,280,301,0,275,287,289,306,283,296,290,307,292,310,286,291
297,303,280,272,292,280,301,0,275,287,289,306,283,296,290,307,292,310,286,291
297,303,280,272,292,280,301,0,275,287,289,306,283,296,290,307,292,310,286,291
297,303,280,272,292,280,301,0,275,287,289,306,283,296,290,307,292,310,286,291
297,303,280,272,292,280,301,0,275,287,289,306,283,296,290,307,292,310,286,291
297,303,280,272,292,280,301,0,275,287,289,306,283,296,290,307,292,310,286,291
297,303,280,272,292,280,301,0,275,287,289,306,283,296,290,307,292,310,286,291
297,303,280,272,292,280,301,0,275,287,289,306,283,296,290,307,292,310,286,291
297,303,280,272,292,280,301,0,275,287,289,306,283,296,290,307,292,310,286,291
297,303,280,272,292,280,301,0,275,287,289,306,283,296,290,307,292,310,286,291
297,303,280,272,292,280,301,0,275,287,289,306,283,296,290,307,292,310,286,291
302,304,284,282,302,285,306,295,281,296,300,315,284,299,301,315,298,316,290,0
302,304,284,282,302,285,306,295,281,296,300,315,284,299,301,315,298,316,290,0
302,304,284,282,302,285,306,295,281,296,300,315,284,299,301,315,298,316,290,0
302,304,284,282,302,285,306,295,281,296,300,315,284,299,301,315,298,316,290,0
302,304,284,282,302,285,306,295,281,296,300,315,284,299,301,315,298,316,290,0
302,304,284,282,302,285,306,295,281,296,300,315,284,299,301,315,298,316,290,0
302,304,284,282,302,285,306,295,281,296,300,315,284,299,301,315,298,316,290,0
302,304,284,282,302,285,306,295,281,296,300,315,284,299,301,315,298,316,290,0
302,304,284,282,302,285,306,295,281,296,300,315,284,299,301,315,298,316,290,0
302,304,284,282,302,285,306,295,281,296,300,315,284,299,301,315,298,316,290,0
302,304,284,282,302,285,306,295,281,296,300,315,284,299,301,315,298,316,290,0
302,304,284,282,302,285,306,295,281,296,300,315,284,299,301,315,298,316,290,0
302,304,284,282,302,285,306,295,281,296,300,315,284,299,301,315,298,316,290,0
308,0,301,297,304,300,312,314,285,299,304,316,285,312,314,317,302,320,297,307
308,0,301,297,304,300,312,314,285,299,304,316,285,312,314,317,302,320,297,307
308,0,301,297,304,300,312,314,285,299,304,316,285,312,314,317,302,320,297,307
308,0,301,297,304,300,312,314,285,299,304,316,285,312,314,317,302,320,297,307
308,0,301,297,304,300,312,314,285,299,304,316,285,312,314,317,302,320,297,307
308,0,301,297,304,300,312,314,285,299,304,316,285,312,314,317,302,320,297,307
308,0,301,297,304,300,312,314,285,299,304,316,285,312,314,317,302,320,297,307
308,0,301,297,304,300,312,314,285,299,304,316,285,312,314,317,302,320,297,307
308,0,301,297,304,300,312,314,285,299,304,316,285,312,314,317,302,320,297,307
308,0,301,297,304,300,312,314,285,299,304,316,285,312,314,317,302,320,297,307
308,0,301,297,304,300,312,314,285,299,304,316,285,312,314,317,302,320,297,307
308,0,301,297,304,300,312,314,285,299,304,316,285,312,314,317,302,320,297,307
308,0,301,297,304,300,312,314,285,299,304,316,285,312,314,317,302,320,297,307
309,310,306,308,0,303,313,320,298,303,314,323,298,318,319,323,308,322,309,315
309,310,306,308,0,303,313,320,298,303,314,323,298,318,319,323,308,322,309,315
309,310,306,308,0,303,313,320,298,303,314,323,298,318,319,323,308,322,309,315
309,310,306,308,0,303,313,320,298,303,314,323,298,318,319,323,308,322,309,315
309,310,306,308,0,303,313,320,298,303,314,323,298,318,319,323,308,322,309,315
309,310,306,308,0,303,313,320,298,303,314,323,298,318,319,323,308,322,309,315
309,310,306,308,0,303,313,320,298,303,314,323,298,318,319,323,308,322,309,315
309,310,306,308,0,303,313,320,298,303,314,323,298,318,319,323,308,322,309,315
309,310,306,308,0,303,313,320,298,303,314,323,298,318,319,323,308,322,309,315
309,310,306,308,0,303,313,320,298,303,314,323,298,318,319,323,308,322,309,315
309,310,306,308,0,303,313,320,298,303,314,323,298,318,319,323,308,322,309,315
309,310,306,308,0,303,313,320,298,303,314,323,298,318,319,323,308,322,309,315
309,310,306,308,0,303,313,320,298,303,314,323,298,318,319,323,308,322,309,315
319,322,311,309,310,311,326,323,316,312,326,327,307,320,329,327,313,330,311,317
319,322,311,309,310,311,326,323,316,312,326,327,307,320,329,327,313,330,311,317
319,322,311,309,310,311,326,323,316,312,326,327,307,320,329,327,313,330,311,317
319,322,311,309,310,311,326,323,316,312,326,327,307,320,329,327,313,330,311,317
319,322,311,309,310,311,326,323,316,312,326,327,307,320,329,327,313,330,311,317
319,322,311,309,310,311,326,323,316,312,326,327,307,320,329,327,313,330,311,317
319,322,311,309,310,311,326,323,316,312,326,327,307,320,329,327,313,330,311,317
319,322,311,309,310,311,326,323,316,312,326,327,307,320,329,327,313,330,311,317
319,322,311,309,310,311,326,323,316,312,326,327,307,320,329,327,313,330,311,317
319,322,311,309,310,311,326,323,316,312,326,327,307,320,329,327,313,330,311,317
319,322,311,309,310,311,326,323,316,312,326,327,307,320,329,327,313,330,311,317
319,322,311,309,310,311,326,323,316,312,326,327,307,320,329,327,313,330,311,317
319,322,311,309,310,311,326,323,316,312,326,327,307,320,329,327,313,330,311,317
329,330,318,326,322,318,332,327,328,313,332,333,317,321,337,333,321,335,319,321
329,330,318,326,322,318,332,327,328,313,332,333,317,321,337,333,321,335,319,321
329,330,318,326,322,318,332,327,328,313,332,333,317,321,337,333,321,335,319,321
329,330,318,326,322,318,332,327,328,313,332,333,317,321,337,333,321,335,319,321
329,330,318,326,322,318,332,327,328,313,332,333,317,321,337,333,321,335,319,321
329,330,318,326,322,318,332,327,328,313,332,333,317,321,337,333,321,335,319,321
329,330,318,326,322,318,332,327,328,313,332,333,317,321,337,333,321,335,319,321
329,330,318,326,322,318,332,327,328,313,332,333,317,321,337,333,321,335,319,321
329,330,318,326,322,318,332,327,328,313,332,333,317,321,337,333,321,335,319,321
329,330,318,326,322,318,332,327,328,313,332,333,317,321,337,333,321,335,319,321
329,330,318,326,322,318,332,327,328,313,332,333,317,321,337,333,321,335,319,321
329,330,318,326,322,318,332,327,328,313,332,333,317,321,337,333,321,335,319,321
329,330,318,326,322,318,332,327,328,313,332,333,317,321,337,333,321,335,319,321
335,336,325,332,330,325,339,334,333,325,339,334,328,337,339,334,328,337,329,331
335,336,325,332,330,325,339,334,333,325,339,334,328,337,339,334,328,337,329,331
335,336,325,332,330,325,339,334,333,325,339,334,328,337,339,334,328,337,329,331
335,336,325,332,330,325,339,334,333,325,339,334,328,337,339,334,328,337,329,331
335,336,325,332,330,325,339,334,333,325,339,334,328,337,339,334,328,337,329,331
335,336,325,332,330,325,339,334,333,325,339,334,328,337,339,334,328,337,329,331
335,336,325,332,330,325,339,334,333,325,339,334,328,337,339,334,328,337,329,331
335,336,325,332,330,325,339,334,333,325,339,334,328,337,339,334,328,337,329,331
335,336,325,332,330,325,339,334,333,325,339,334,328,337,339,334,328,337,329,331
335,336,325,332,330,325,339,334,333,325,339,334,328,337,339,334,328,337,329,331
335,336,325,332,330,325,339,334,333,325,339,334,328,337,339,334,328,337,329,331
335,336,325,332,330,325,339,334,333,325,339,334,328,337,339,334,328,337,329,331
335,336,325,332,330,325,339,334,333,325,339,334,328,337,339,334,328,337,329,331
342,343,331,335,343,331,340,336,338,340,341,336,338,340,341,342,338,343,341,342
342,343,331,335,343,331,340,336,338,340,341,336,338,340,341,342,338,343,341,342
342,343,331,335,343,331,340,336,338,340,341,336,338,340,341,342,338,343,341,342
342,343,331,335,343,331,340,336,338,340,341,336,338,340,341,342,338,343,341,342
342,343,331,335,343,331,340,336,338,340,341,336,338,340,341,342,338,343,341,342
342,343,331,335,343,331,340,336,338,340,341,336,338,340,341,342,338,343,341,342
342,343,331,335,343,331,340,336,338,340,341,336,338,340,341,342,338,343,341,342
342,343,331,335,343,331,340,336,338,340,341,336,338,340,341,342,338,343,341,342
342,343,331,335,343,331,340,336,338,340,341,336,338,340,341,342,338,343,341,342
342,343,331,335,343,331,340,336,338,340,341,336,338,340,341,342,338,343,341,342
342,343,331,335,343,331,340,336,338,340,341,336,338,340,341,342,338,343,341,342
342,343,331,335,343,331,340,336,338,340,341,336,338,340,341,342,338,343,341,342
342,343,331,335,343,331,340,336,338,340,341,336,338,340,341,342,338,343,341,342