31,64,30,90,64,30,90,122,159,88,90,122,82,31,142,122,82,31,64,30
31,64,30,90,64,30,90,122,159,88,90,122,82,31,142,122,82,31,64,30
31,64,30,90,64,30,90,122,159,88,90,122,82,31,142,122,82,31,64,30
31,64,30,90,64,30,90,122,159,88,90,122,82,31,142,122,82,31,64,30
82,150,132,185,150,132,164,203,276,342,164,159,88,127,155,171,88,127,142,132
82,150,132,185,150,132,164,203,276,342,164,159,88,127,155,171,88,127,142,132
82,150,132,185,150,132,164,203,276,342,164,159,88,127,155,171,88,127,142,132
82,150,132,185,150,132,164,203,276,342,164,159,88,127,155,171,88,127,142,132
127,395,276,360,395,288,451,253,376,361,440,171,276,155,164,203,401,155,150,159
127,395,276,360,395,288,451,253,376,361,440,171,276,155,164,203,401,155,150,159
127,395,276,360,395,288,451,253,376,361,440,171,276,155,164,203,401,155,150,159
127,395,276,360,395,288,451,253,376,361,440,171,276,155,164,203,401,155,150,159
142,422,288,416,422,324,538,275,401,416,451,203,376,256,209,253,486,256,185,171
142,422,288,416,422,324,538,275,401,416,451,203,376,256,209,253,486,256,185,171
142,422,288,416,422,324,538,275,401,416,451,203,376,256,209,253,486,256,185,171
142,422,288,416,422,324,538,275,401,416,451,203,376,256,209,253,486,256,185,171
185,490,342,449,427,342,549,289,486,428,496,253,401,285,324,275,497,352,209,394
185,490,342,449,427,342,549,289,486,428,496,253,401,285,324,275,497,352,209,394
185,490,342,449,427,342,549,289,486,428,496,253,401,285,324,275,497,352,209,394
185,490,342,449,427,342,549,289,486,428,496,253,401,285,324,275,497,352,209,394
209,505,352,537,490,361,562,344,490,474,513,275,486,352,422,288,551,360,285,416
209,505,352,537,490,361,562,344,490,474,513,275,486,352,422,288,551,360,285,416
209,505,352,537,490,361,562,344,490,474,513,275,486,352,422,288,551,360,285,416
209,505,352,537,490,361,562,344,490,474,513,275,486,352,422,288,551,360,285,416
256,513,361,557,513,376,564,350,505,491,538,289,497,470,451,289,559,395,425,504
256,513,361,557,513,376,564,350,505,491,538,289,497,470,451,289,559,395,425,504
256,513,361,557,513,376,564,350,505,491,538,289,497,470,451,289,559,395,425,504
256,513,361,557,513,376,564,350,505,491,538,289,497,470,451,289,559,395,425,504
285,527,394,559,527,394,609,363,551,497,549,344,504,487,470,344,0,470,449,527
285,527,394,559,527,394,609,363,551,497,549,344,504,487,470,344,0,470,449,527
285,527,394,559,527,394,609,363,551,497,549,344,504,487,470,344,0,470,449,527
285,527,394,559,527,394,609,363,551,497,549,344,504,487,470,344,0,470,449,527
324,528,425,562,528,425,621,427,579,0,562,350,551,557,487,350,577,487,500,574
324,528,425,562,528,425,621,427,579,0,562,350,551,557,487,350,577,487,500,574
324,528,425,562,528,425,621,427,579,0,562,350,551,557,487,350,577,487,500,574
324,528,425,562,528,425,621,427,579,0,562,350,551,557,487,350,577,487,500,574
360,539,428,564,529,428,644,440,631,603,566,363,0,600,496,363,579,557,528,613
360,539,428,564,529,428,644,440,631,603,566,363,0,600,496,363,579,557,528,613
360,539,428,564,529,428,644,440,631,603,566,363,0,600,496,363,579,557,528,613
360,539,428,564,529,428,644,440,631,603,566,363,0,600,496,363,579,557,528,613
449,581,474,601,539,474,650,496,653,611,572,427,577,610,500,440,611,581,538,657
449,581,474,601,539,474,650,496,653,611,572,427,577,610,500,440,611,581,538,657
449,581,474,601,539,474,650,496,653,611,572,427,577,610,500,440,611,581,538,657
449,581,474,601,539,474,650,496,653,611,572,427,577,610,500,440,611,581,538,657
500,637,491,609,581,491,661,503,681,687,609,503,579,613,505,503,674,600,539,661
500,637,491,609,581,491,661,503,681,687,609,503,579,613,505,503,674,600,539,661
500,637,491,609,581,491,661,503,681,687,609,503,579,613,505,503,674,600,539,661
500,637,491,609,581,491,661,503,681,687,609,503,579,613,505,503,674,600,539,661
559,646,545,621,637,545,669,504,699,691,621,529,611,616,549,537,728,610,545,678
559,646,545,621,637,545,669,504,699,691,621,529,611,616,549,537,728,610,545,678
559,646,545,621,637,545,669,504,699,691,621,529,611,616,549,537,728,610,545,678
559,646,545,621,637,545,669,504,699,691,621,529,611,616,549,537,728,610,545,678
577,660,603,644,646,603,725,529,708,709,629,541,699,634,564,541,730,616,601,704
577,660,603,644,646,603,725,529,708,709,629,541,699,634,564,541,730,616,601,704
577,660,603,644,646,603,725,529,708,709,629,541,699,634,564,541,730,616,601,704
577,660,603,644,646,603,725,529,708,709,629,541,699,634,564,541,730,616,601,704
601,708,678,650,653,678,729,537,728,724,634,574,715,697,566,574,738,634,612,715
601,708,678,650,653,678,729,537,728,724,634,574,715,697,566,574,738,634,612,715
601,708,678,650,653,678,729,537,728,724,634,574,715,697,566,574,738,634,612,715
601,708,678,650,653,678,729,537,728,724,634,574,715,697,566,574,738,634,612,715
657,715,687,661,660,687,738,541,730,732,644,612,728,720,572,613,778,697,637,760
657,715,687,661,660,687,738,541,730,732,644,612,728,720,572,613,778,697,637,760
657,715,687,661,660,687,738,541,730,732,644,612,728,720,572,613,778,697,637,760
657,715,687,661,660,687,738,541,730,732,644,612,728,720,572,613,778,697,637,760
674,760,691,674,708,691,749,566,741,748,650,619,730,731,600,619,812,706,646,771
674,760,691,674,708,691,749,566,741,748,650,619,730,731,600,619,812,706,646,771
674,760,691,674,708,691,749,566,741,748,650,619,730,731,600,619,812,706,646,771
674,760,691,674,708,691,749,566,741,748,650,619,730,731,600,619,812,706,646,771
685,771,697,725,726,699,764,572,750,769,669,631,738,732,612,631,813,720,653,791
685,771,697,725,726,699,764,572,750,769,669,631,738,732,612,631,813,720,653,791
685,771,697,725,726,699,764,572,750,769,669,631,738,732,612,631,813,720,653,791
685,771,697,725,726,699,764,572,750,769,669,631,738,732,612,631,813,720,653,791
743,776,709,741,760,709,768,610,776,808,702,655,778,741,616,657,824,729,655,804
743,776,709,741,760,709,768,610,776,808,702,655,778,741,616,657,824,729,655,804
743,776,709,741,760,709,768,610,776,808,702,655,778,741,616,657,824,729,655,804
743,776,709,741,760,709,768,610,776,808,702,655,778,741,616,657,824,729,655,804
746,791,724,743,771,724,774,619,812,818,706,681,812,767,629,681,827,731,660,807
746,791,724,743,771,724,774,619,812,818,706,681,812,767,629,681,827,731,660,807
746,791,724,743,771,724,774,619,812,818,706,681,812,767,629,681,827,731,660,807
746,791,724,743,771,724,774,619,812,818,706,681,812,767,629,681,827,731,660,807
768,807,748,764,776,748,789,629,813,822,725,704,813,777,655,704,834,732,685,899
768,807,748,764,776,748,789,629,813,822,725,704,813,777,655,704,834,732,685,899
768,807,748,764,776,748,789,629,813,822,725,704,813,777,655,704,834,732,685,899
778,807,751,793,791,751,789,702,834,824,725,704,824,777,669,704,834,732,685,899
778,815,751,793,791,751,793,702,834,824,729,723,824,803,669,746,841,767,723,909
778,815,751,793,791,751,793,702,834,824,729,723,824,803,669,746,841,767,723,909
785,815,769,796,807,769,793,706,841,831,729,723,827,803,685,746,841,767,723,909
785,815,769,796,807,769,793,706,841,831,729,723,827,803,685,746,841,767,723,909
785,825,769,796,807,769,796,706,841,831,749,726,827,814,685,750,883,768,751,920
814,825,804,799,815,804,796,723,882,837,749,726,834,814,702,750,883,768,751,920
814,825,804,799,815,804,796,723,882,837,749,726,834,814,702,750,883,768,751,920
814,825,804,799,815,804,796,723,882,837,749,726,834,814,702,750,883,768,751,920
819,858,808,805,858,808,799,726,885,838,764,746,841,825,720,840,890,777,785,928
819,858,808,805,858,808,799,726,885,838,764,746,841,825,720,840,890,777,785,928
819,858,808,805,858,808,799,726,885,838,764,746,841,825,720,840,890,777,785,928
855,884,818,819,884,818,805,743,942,875,774,750,855,835,731,852,909,803,815,952
855,884,818,819,884,818,805,743,942,875,774,750,855,835,731,852,909,803,815,952
855,884,818,819,884,818,805,743,942,875,774,750,855,835,731,852,909,803,815,952
897,898,822,832,898,822,809,827,970,883,777,840,883,865,749,853,922,814,819,959
897,898,822,832,898,822,809,827,970,883,777,840,883,865,749,853,922,814,819,959
897,898,822,832,898,822,809,827,970,883,777,840,883,865,749,853,922,814,819,959
904,928,826,871,922,826,832,840,971,892,789,853,885,886,767,879,924,825,826,966
904,928,826,871,922,826,832,840,971,892,789,853,885,886,767,879,924,825,826,966
904,928,826,871,922,826,832,840,971,892,789,853,885,886,767,879,924,825,826,966
918,942,831,872,924,831,842,852,979,905,793,879,890,897,774,882,927,835,858,975
918,942,831,872,924,831,842,852,979,905,793,879,890,897,774,882,927,835,858,975
918,942,831,872,924,831,842,852,979,905,793,879,890,897,774,882,927,835,858,975
924,951,837,876,932,837,871,853,999,912,796,882,922,902,785,895,938,855,929,982
924,951,837,876,932,837,871,853,999,912,796,882,922,902,785,895,938,855,929,982
924,951,837,876,932,837,871,853,999,912,796,882,922,902,785,895,938,855,929,982
929,959,838,889,942,838,876,879,1016,917,799,895,927,905,789,937,946,865,965,1001
929,959,838,889,942,838,876,879,1016,917,799,895,927,905,789,937,946,865,965,1001
929,959,838,889,942,838,876,879,1016,917,799,895,927,905,789,937,946,865,965,1001
965,966,875,899,951,875,889,890,1021,921,805,932,938,909,803,953,970,871,974,1009
965,966,875,899,951,875,889,890,1021,921,805,932,938,909,803,953,970,871,974,1009
965,966,875,899,951,875,889,890,1021,921,805,932,938,909,803,953,970,871,974,1009
973,974,892,918,959,892,894,895,1031,927,809,937,970,921,809,955,971,884,1002,1012
973,974,892,918,959,892,894,895,1031,927,809,937,970,921,809,955,971,884,1002,1012
973,974,892,918,959,892,894,895,1031,927,809,937,970,921,809,955,971,884,1002,1012
1001,982,912,944,966,904,899,925,1033,931,832,953,971,928,835,962,979,885,1008,1015
1001,982,912,944,966,904,899,925,1033,931,832,953,971,928,835,962,979,885,1008,1015
1001,982,912,944,966,904,899,925,1033,931,832,953,971,928,835,962,979,885,1008,1015
1007,991,917,950,974,912,902,932,1047,943,842,955,979,973,842,969,991,886,1010,1024
1007,991,917,950,974,912,902,932,1047,943,842,955,979,973,842,969,991,886,1010,1024
1007,991,917,950,974,912,902,932,1047,943,842,955,979,973,842,969,991,886,1010,1024
1011,1002,920,954,982,917,905,937,1053,946,852,962,999,980,865,988,999,897,1023,1039
1011,1002,920,954,982,917,905,937,1053,946,852,962,999,980,865,988,999,897,1023,1039
1011,1002,920,954,982,917,905,937,1053,946,852,962,999,980,865,988,999,897,1023,1039
1023,1005,931,965,991,920,914,938,1058,967,872,969,1016,1006,872,996,1016,898,1035,1049
1023,1005,931,965,991,920,914,938,1058,967,872,969,1016,1006,872,996,1016,898,1035,1049
1023,1005,931,965,991,920,914,938,1058,967,872,969,1016,1006,872,996,1016,898,1035,1049
1029,1006,943,976,1002,931,921,953,1059,972,876,987,1021,1010,886,1001,1021,902,1038,1053
1029,1006,943,976,1002,931,921,953,1059,972,876,987,1021,1010,886,1001,1021,902,1038,1053
1029,1006,943,976,1002,931,921,953,1059,972,876,987,1021,1010,886,1001,1021,902,1038,1053
1035,1008,952,984,1005,943,944,955,1065,980,889,988,1033,1034,894,1010,1033,904,1044,1054
1035,1008,952,984,1005,943,944,955,1065,980,889,988,1033,1034,894,1010,1033,904,1044,1054
1035,1008,952,984,1005,943,944,955,1065,980,889,988,1033,1034,894,1010,1033,904,1044,1054
1038,1012,967,986,1008,952,946,962,1075,983,894,996,1047,1057,914,1015,1047,918,1045,1074
1038,1012,967,986,1008,952,946,962,1075,983,894,996,1047,1057,914,1015,1047,918,1045,1074
1038,1012,967,986,1008,952,946,962,1075,983,894,996,1047,1057,914,1015,1047,918,1045,1074
1045,1014,972,987,1012,967,950,969,1076,985,914,1014,1054,1060,929,1024,1058,925,1071,1083
1045,1014,972,987,1012,967,950,969,1076,985,914,1014,1054,1060,929,1024,1058,925,1071,1083
1045,1014,972,987,1012,967,950,969,1076,985,914,1014,1054,1060,929,1024,1058,925,1071,1083
1053,1015,975,1007,1014,972,954,987,1081,1005,925,1058,1060,1070,950,1054,1070,951,1078,1096
1053,1015,975,1007,1014,972,954,987,1081,1005,925,1058,1060,1070,950,1054,1070,951,1078,1096
1053,1015,975,1007,1014,972,954,987,1081,1005,925,1058,1060,1070,950,1054,1070,951,1078,1096
1057,1024,983,1011,1029,975,968,988,1090,1009,944,1063,1070,1075,968,1076,1081,973,1082,1106
1057,1024,983,1011,1029,975,968,988,1090,1009,944,1063,1070,1075,968,1076,1081,973,1082,1106
1057,1024,983,1011,1029,975,968,988,1090,1009,944,1063,1070,1075,968,1076,1081,973,1082,1106
1059,1039,985,1018,1039,983,976,996,1092,1013,954,1076,1074,1078,1023,1077,1090,980,1094,1107
1059,1039,985,1018,1039,983,976,996,1092,1013,954,1076,1074,1078,1023,1077,1090,980,1094,1107
1059,1039,985,1018,1039,983,976,996,1092,1013,954,1076,1074,1078,1023,1077,1090,980,1094,1107
1071,1049,1013,1025,1049,985,984,1063,1094,1026,968,1077,1081,1102,1029,1083,1097,1007,1115,1130
1071,1049,1013,1025,1049,985,984,1063,1094,1026,968,1077,1081,1102,1029,1083,1097,1007,1115,1130
1071,1049,1013,1025,1049,985,984,1063,1094,1026,968,1077,1081,1102,1029,1083,1097,1007,1115,1130
1078,1065,1026,1031,1063,1013,986,1074,1097,1027,976,1079,1090,1144,1031,1089,1117,1011,1120,1148
1078,1065,1026,1031,1063,1013,986,1074,1097,1027,976,1079,1090,1144,1031,1089,1117,1011,1120,1148
1078,1065,1026,1031,1063,1013,986,1074,1097,1027,976,1079,1090,1144,1031,1089,1117,1011,1120,1148
1083,1072,1027,1035,1065,1026,1006,1079,1124,1066,984,1089,1097,1146,1034,1107,1124,1034,1131,1173
1083,1072,1027,1035,1065,1026,1006,1079,1124,1066,984,1089,1097,1146,1034,1107,1124,1034,1131,1173
1083,1072,1027,1035,1065,1026,1006,1079,1124,1066,984,1089,1097,1146,1034,1107,1124,1034,1131,1173
1094,1084,1044,1038,1072,1027,1009,1089,1136,1087,986,1106,1098,1148,1071,1123,1136,1057,1147,1180
1094,1084,1044,1038,1072,1027,1009,1089,1136,1087,986,1106,1098,1148,1071,1123,1136,1057,1147,1180
1094,1084,1044,1038,1072,1027,1009,1089,1136,1087,986,1106,1098,1148,1071,1123,1136,1057,1147,1180
1110,1091,1066,1045,1079,1044,1018,1100,1139,1102,1018,1123,1124,1156,1082,1130,1139,1060,1166,1186
1110,1091,1066,1045,1079,1044,1018,1100,1139,1102,1018,1123,1124,1156,1082,1130,1139,1060,1166,1186
1110,1091,1066,1045,1079,1044,1018,1100,1139,1102,1018,1123,1124,1156,1082,1130,1139,1060,1166,1186
1149,1092,1067,1059,1084,1066,1025,1110,1154,1128,1025,1132,1136,1163,1100,1132,1144,1072,1167,1194
1149,1092,1067,1059,1084,1066,1025,1110,1154,1128,1025,1132,1136,1163,1100,1132,1144,1072,1167,1194
1149,1092,1067,1059,1084,1066,1025,1110,1154,1128,1025,1132,1136,1163,1100,1132,1144,1072,1167,1194
1167,1107,1087,1062,1091,1067,1062,1120,1162,1141,1062,1142,1139,1178,1106,1142,1148,1084,1171,1202
1167,1107,1087,1062,1091,1067,1062,1120,1162,1141,1062,1142,1139,1178,1106,1142,1148,1084,1171,1202
1167,1107,1087,1062,1091,1067,1062,1120,1162,1141,1062,1142,1139,1178,1106,1142,1148,1084,1171,1202
1171,1108,1096,1068,1092,1087,1068,1123,1172,1163,1067,1143,1142,1199,1111,1143,1158,1091,1179,1216
1171,1108,1096,1068,1092,1087,1068,1123,1172,1163,1067,1143,1142,1199,1111,1143,1158,1091,1179,1216
1171,1108,1096,1068,1092,1087,1068,1123,1172,1163,1067,1143,1142,1199,1111,1143,1158,1091,1179,1216
1179,1117,1111,1075,1117,1096,1077,1132,1177,1174,1068,1161,1147,1201,1115,1161,1162,1102,1195,1225
1179,1117,1111,1075,1117,1096,1077,1132,1177,1174,1068,1161,1147,1201,1115,1161,1162,1102,1195,1225
1179,1117,1111,1075,1117,1096,1077,1132,1177,1174,1068,1161,1147,1201,1115,1161,1162,1102,1195,1225
1195,1150,1128,1085,1158,1108,1085,1143,1191,1182,1082,1176,1154,1218,1141,1168,1172,1108,1201,1244
1195,1150,1128,1085,1158,1108,1085,1143,1191,1182,1082,1176,1154,1218,1141,1168,1172,1108,1201,1244
1195,1150,1128,1085,1158,1108,1085,1143,1191,1182,1082,1176,1154,1218,1141,1168,1172,1108,1201,1244
1207,1158,1137,1088,1168,1128,1088,1144,1212,1199,1085,1183,1162,1230,1147,1176,1177,1137,1207,1246
1207,1158,1137,1088,1168,1128,1088,1144,1212,1199,1085,1183,1162,1230,1147,1176,1177,1137,1207,1246
1207,1158,1137,1088,1168,1128,1088,1144,1212,1199,1085,1183,1162,1230,1147,1176,1177,1137,1207,1246
1221,1168,1174,1098,1173,1137,1098,1149,1220,1201,1088,1185,1172,1233,1150,1185,1191,1146,1226,1252
1221,1168,1174,1098,1173,1137,1098,1149,1220,1201,1088,1185,1172,1233,1150,1185,1191,1146,1226,1252
1221,1168,1174,1098,1173,1137,1098,1149,1220,1201,1088,1185,1172,1233,1150,1185,1191,1146,1226,1252
1233,1173,1182,1110,1180,1174,1122,1161,1229,1203,1100,1186,1177,1243,1153,1198,1205,1154,1245,1253
1233,1173,1182,1110,1180,1174,1122,1161,1229,1203,1100,1186,1177,1243,1153,1198,1205,1154,1245,1253
1233,1173,1182,1110,1180,1174,1122,1161,1229,1203,1100,1186,1177,1243,1153,1198,1205,1154,1245,1253
1245,1180,1194,1120,1202,1182,1131,1176,1242,1215,1111,1198,1191,1244,1156,1211,1221,1156,1249,1265
1245,1180,1194,1120,1202,1182,1131,1176,1242,1215,1111,1198,1191,1244,1156,1211,1221,1156,1249,1265
1245,1180,1194,1120,1202,1182,1131,1176,1242,1215,1111,1198,1191,1244,1156,1211,1221,1156,1249,1265
1274,1202,1203,1122,1214,1194,1141,1183,1264,1218,1115,1211,1205,1252,1166,1220,1244,1163,1288,1278
1274,1202,1203,1122,1214,1194,1141,1183,1264,1218,1115,1211,1205,1252,1166,1220,1244,1163,1288,1278
1274,1202,1203,1122,1214,1194,1141,1183,1264,1218,1115,1211,1205,1252,1166,1220,1244,1163,1288,1278
1280,1214,1215,1130,1222,1203,1153,1185,1270,1230,1122,1220,1212,1263,1167,1229,1252,1178,1297,1290
1280,1214,1215,1130,1222,1203,1153,1185,1270,1230,1122,1220,1212,1263,1167,1229,1252,1178,1297,1290
1280,1214,1215,1130,1222,1203,1153,1185,1270,1230,1122,1220,1212,1263,1167,1229,1252,1178,1297,1290
1288,1222,1225,1149,1242,1212,1160,1186,1273,1239,1131,1229,1216,1264,1171,1231,1274,1189,1310,1291
1288,1222,1225,1149,1242,1212,1160,1186,1273,1239,1131,1229,1216,1264,1171,1231,1274,1189,1310,1291
1288,1222,1225,1149,1242,1212,1160,1186,1273,1239,1131,1229,1216,1264,1171,1231,1274,1189,1310,1291
1297,1246,1226,1160,1245,1215,1175,1198,1285,1246,1146,1231,1221,1269,1178,1234,1280,1222,1322,1301
1297,1246,1226,1160,1245,1215,1175,1198,1285,1246,1146,1231,1221,1269,1178,1234,1280,1222,1322,1301
1297,1246,1226,1160,1245,1215,1175,1198,1285,1246,1146,1231,1221,1269,1178,1234,1280,1222,1322,1301
1302,1249,1239,1175,1249,1225,1184,1205,1306,1250,1150,1234,1242,1285,1184,1265,1282,1230,1334,1311
1302,1249,1239,1175,1249,1225,1184,1205,1306,1250,1150,1234,1242,1285,1184,1265,1282,1230,1334,1311
1302,1249,1239,1175,1249,1225,1184,1205,1306,1250,1150,1234,1242,1285,1184,1265,1282,1230,1334,1311
1310,1253,1250,1179,1253,1226,1189,1211,1317,1263,1153,1270,1256,1287,1195,1270,1287,1233,1347,1320
1310,1253,1250,1179,1253,1226,1189,1211,1317,1263,1153,1270,1256,1287,1195,1270,1287,1233,1347,1320
1310,1253,1250,1179,1253,1226,1189,1211,1317,1263,1153,1270,1256,1287,1195,1270,1287,1233,1347,1320
1322,1261,1256,1183,1264,1239,1197,1216,1329,1265,1160,1273,1274,1301,1207,1273,1307,1243,1350,1323
1322,1261,1256,1183,1264,1239,1197,1216,1329,1265,1160,1273,1274,1301,1207,1273,1307,1243,1350,1323
1322,1261,1256,1183,1264,1239,1197,1216,1329,1265,1160,1273,1274,1301,1207,1273,1307,1243,1350,1323
1332,1267,1257,1197,1267,1250,1199,1219,1339,1269,1166,1280,1282,1302,1219,1283,1317,1261,1357,1332
1332,1267,1257,1197,1267,1250,1199,1219,1339,1269,1166,1280,1282,1302,1219,1283,1317,1261,1357,1332
1332,1267,1257,1197,1267,1250,1199,1219,1339,1269,1166,1280,1282,1302,1219,1283,1317,1261,1357,1332
1343,1275,1290,1210,1275,1256,1210,1231,1340,1282,1175,1283,1287,1308,1243,1284,1333,1263,1358,1343
1343,1275,1290,1210,1275,1256,1210,1231,1340,1282,1175,1283,1287,1308,1243,1284,1333,1263,1358,1343
1343,1275,1290,1210,1275,1256,1210,1231,1340,1282,1175,1283,1287,1308,1243,1284,1333,1263,1358,1343
1347,1311,1291,1224,1311,1290,1218,1234,1341,1299,1184,1284,1307,1318,1257,1296,1337,1267,1363,1370
1347,1311,1291,1224,1311,1290,1218,1234,1341,1299,1184,1284,1307,1318,1257,1296,1337,1267,1363,1370
1347,1311,1291,1224,1311,1290,1218,1234,1341,1299,1184,1284,1307,1318,1257,1296,1337,1267,1363,1370
1348,1320,1299,1240,1320,1291,1224,1257,1348,1307,1189,1296,1317,1326,1260,1301,1339,1275,1373,1377
1348,1320,1299,1240,1320,1291,1224,1257,1348,1307,1189,1296,1317,1326,1260,1301,1339,1275,1373,1377
1348,1320,1299,1240,1320,1291,1224,1257,1348,1307,1189,1296,1317,1326,1260,1301,1339,1275,1373,1377
1357,1321,1312,1278,1321,1299,1240,1260,1349,1312,1197,1306,1337,1331,1271,1306,1340,1285,1374,1378
1357,1321,1312,1278,1321,1299,1240,1260,1349,1312,1197,1306,1337,1331,1271,1306,1340,1285,1374,1378
1357,1321,1312,1278,1321,1299,1240,1260,1349,1312,1197,1306,1337,1331,1271,1306,1340,1285,1374,1378
1358,1323,1316,1292,1325,1312,1269,1261,1355,1316,1210,1313,1339,1337,1288,1313,1348,1302,1375,1379
1358,1323,1316,1292,1325,1312,1269,1261,1355,1316,1210,1313,1339,1337,1288,1313,1348,1302,1375,1379
1358,1323,1316,1292,1325,1312,1269,1261,1355,1316,1210,1313,1339,1337,1288,1313,1348,1302,1375,1379
1369,1333,1334,1300,1329,1316,1278,1271,1363,1321,1214,1315,1340,1341,1297,1315,1349,1308,1394,1384
1369,1333,1334,1300,1329,1316,1278,1271,1363,1321,1214,1315,1340,1341,1297,1315,1349,1308,1394,1384
1369,1333,1334,1300,1329,1316,1278,1271,1363,1321,1214,1315,1340,1341,1297,1315,1349,1308,1394,1384
1375,1350,1346,1310,1333,1330,1292,1283,1368,1326,1219,1322,1346,1342,1308,1323,1355,1318,1396,1386
1375,1350,1346,1310,1333,1330,1292,1283,1368,1326,1219,1322,1346,1342,1308,1323,1355,1318,1396,1386
1375,1350,1346,1310,1333,1330,1292,1283,1368,1326,1219,1322,1346,1342,1308,1323,1355,1318,1396,1386
1383,1379,1351,1318,1350,1334,1300,1284,1370,1330,1224,1325,1349,1347,1314,1332,1362,1330,1403,1397
1383,1379,1351,1318,1350,1334,1300,1284,1370,1330,1224,1325,1349,1347,1314,1332,1362,1330,1403,1397
1383,1379,1351,1318,1350,1334,1300,1284,1370,1330,1224,1325,1349,1347,1314,1332,1362,1330,1403,1397
1386,1388,1365,1335,1379,1346,1313,1296,1382,1342,1240,1336,1355,1356,1329,1336,1368,1331,1407,1404
1386,1388,1365,1335,1379,1346,1313,1296,1382,1342,1240,1336,1355,1356,1329,1336,1368,1331,1407,1404
1386,1388,1365,1335,1379,1346,1313,1296,1382,1342,1240,1336,1355,1356,1329,1336,1368,1331,1407,1404
1393,1396,1373,1343,1384,1351,1314,1315,1387,1351,1260,1354,1368,1369,1331,1354,1387,1341,1417,1409
1393,1396,1373,1343,1384,1351,1314,1315,1387,1351,1260,1354,1368,1369,1331,1354,1387,1341,1417,1409
1393,1396,1373,1343,1384,1351,1314,1315,1387,1351,1260,1354,1368,1369,1331,1354,1387,1341,1417,1409
1401,1402,1377,1353,1388,1365,1326,1325,1388,1365,1271,1359,1387,1370,1356,1359,1392,1342,1425,1418
1401,1402,1377,1353,1388,1365,1326,1325,1388,1365,1271,1359,1387,1370,1356,1359,1392,1342,1425,1418
1401,1402,1377,1353,1388,1365,1326,1325,1388,1365,1271,1359,1387,1370,1356,1359,1392,1342,1425,1418
1413,1420,1378,1358,1396,1373,1335,1336,1400,1371,1292,1363,1392,1374,1357,1367,1401,1356,1431,1420
1413,1420,1378,1358,1396,1373,1335,1336,1400,1371,1292,1363,1392,1374,1357,1367,1401,1356,1431,1420
1413,1420,1378,1358,1396,1373,1335,1336,1400,1371,1292,1363,1392,1374,1357,1367,1401,1356,1431,1420
1419,1421,1380,1386,1402,1375,1353,1354,1407,1378,1300,1367,1401,1383,1366,1371,1410,1369,1438,1428
1419,1421,1380,1386,1402,1375,1353,1354,1407,1378,1300,1367,1401,1383,1366,1371,1410,1369,1438,1428
1419,1421,1380,1386,1402,1375,1353,1354,1407,1378,1300,1367,1401,1383,1366,1371,1410,1369,1438,1428
1431,1425,1389,1393,1421,1377,1359,1367,1414,1380,1314,1376,1410,1392,1390,1374,1414,1383,1448,1430
1431,1425,1389,1393,1421,1377,1359,1367,1414,1380,1314,1376,1410,1392,1390,1374,1414,1383,1448,1430
1431,1425,1389,1393,1421,1377,1359,1367,1414,1380,1314,1376,1410,1392,1390,1374,1414,1383,1448,1430
1438,1426,1394,1404,1426,1380,1362,1376,1421,1389,1335,1382,1418,1408,1399,1376,1419,1393,1452,1439
1438,1426,1394,1404,1426,1380,1362,1376,1421,1389,1335,1382,1418,1408,1399,1376,1419,1393,1452,1439
1438,1426,1394,1404,1426,1380,1362,1376,1421,1389,1335,1382,1418,1408,1399,1376,1419,1393,1452,1439
1448,1433,1397,1409,1436,1389,1366,1384,1426,1410,1353,1391,1427,1412,1405,1382,1430,1402,1457,1441
1448,1433,1397,1409,1436,1389,1366,1384,1426,1410,1353,1391,1427,1412,1405,1382,1430,1402,1457,1441
1448,1433,1397,1409,1436,1389,1366,1384,1426,1410,1353,1391,1427,1412,1405,1382,1430,1402,1457,1441
1450,1439,1403,1419,1444,1397,1371,1391,1437,1412,1362,1395,1437,1415,1411,1391,1437,1408,1461,1450
1450,1439,1403,1419,1444,1397,1371,1391,1437,1412,1362,1395,1437,1415,1411,1391,1437,1408,1461,1450
1450,1439,1403,1419,1444,1397,1371,1391,1437,1412,1362,1395,1437,1415,1411,1391,1437,1408,1461,1450
1457,1449,1411,1431,1448,1403,1390,1395,1440,1422,1366,1400,1440,1429,1417,1395,1440,1413,1462,1472
1457,1449,1411,1431,1448,1403,1390,1395,1440,1422,1366,1400,1440,1429,1417,1395,1440,1413,1462,1472
1457,1449,1411,1431,1448,1403,1390,1395,1440,1422,1366,1400,1440,1429,1417,1395,1440,1413,1462,1472
1462,1451,1422,1435,1451,1412,1394,1399,1446,1428,1390,1406,1446,1430,1423,1400,1446,1415,1469,1474
1462,1451,1422,1435,1451,1412,1394,1399,1446,1428,1390,1406,1446,1430,1423,1400,1446,1415,1469,1474
1462,1451,1422,1435,1451,1412,1394,1399,1446,1428,1390,1406,1446,1430,1423,1400,1446,1415,1469,1474
1481,1461,1427,1443,1461,1422,1404,1405,1455,1432,1399,1407,1455,1447,1429,1406,1455,1429,1471,1484
1481,1461,1427,1443,1461,1422,1404,1405,1455,1432,1399,1407,1455,1447,1429,1406,1455,1429,1471,1484
1481,1461,1427,1443,1461,1422,1404,1405,1455,1432,1399,1407,1455,1447,1429,1406,1455,1429,1471,1484
1483,1463,1428,1453,1463,1425,1409,1406,1466,1434,1405,1417,1458,1456,1438,1418,1463,1442,1476,1492
1483,1463,1428,1453,1463,1425,1409,1406,1466,1434,1405,1417,1458,1456,1438,1418,1463,1442,1476,1492
1483,1463,1428,1453,1463,1425,1409,1406,1466,1434,1405,1417,1458,1456,1438,1418,1463,1442,1476,1492
1491,1464,1432,1457,1472,1432,1413,1424,1467,1441,1408,1424,1467,1459,1441,1420,1466,1447,1482,1498
1491,1464,1432,1457,1472,1432,1413,1424,1467,1441,1408,1424,1467,1459,1441,1420,1466,1447,1482,1498
1491,1464,1432,1457,1472,1432,1413,1424,1467,1441,1408,1424,1467,1459,1441,1420,1466,1447,1482,1498
1496,1472,1434,1458,1477,1434,1423,1427,1469,1447,1411,1436,1469,1468,1449,1424,1470,1451,1491,1499
1496,1472,1434,1458,1477,1434,1423,1427,1469,1447,1411,1436,1469,1468,1449,1424,1470,1451,1491,1499
1496,1472,1434,1458,1477,1434,1423,1427,1469,1447,1411,1436,1469,1468,1449,1424,1470,1451,1491,1499
1498,1474,1442,1462,1484,1442,1433,1436,1470,1456,1414,1444,1470,1473,1459,1439,1475,1456,1494,1500
1498,1474,1442,1462,1484,1442,1433,1436,1470,1456,1414,1444,1470,1473,1459,1439,1475,1456,1494,1500
1498,1474,1442,1462,1484,1442,1433,1436,1470,1456,1414,1444,1470,1473,1459,1439,1475,1456,1494,1500
1500,1484,1452,1467,1489,1449,1435,1444,1473,1480,1415,1454,1471,1480,1481,1450,1497,1459,1496,1508
1500,1484,1452,1467,1489,1449,1435,1444,1473,1480,1415,1454,1471,1480,1481,1450,1497,1459,1496,1508
1500,1484,1452,1467,1489,1449,1435,1444,1473,1480,1415,1454,1471,1480,1481,1450,1497,1459,1496,1508
1512,1492,1475,1468,1492,1452,1443,1454,1497,1485,1423,1466,1497,1482,1490,1454,1506,1464,1502,1509
1512,1492,1475,1468,1492,1452,1443,1454,1497,1485,1423,1466,1497,1482,1490,1454,1506,1464,1502,1509
1512,1492,1475,1468,1492,1452,1443,1454,1497,1485,1423,1466,1497,1482,1490,1454,1506,1464,1502,1509
1518,1494,1487,1476,1494,1475,1453,1477,1498,1487,1433,1477,1506,1485,1493,1474,1527,1468,1515,1512
1518,1494,1487,1476,1494,1475,1453,1477,1498,1487,1433,1477,1506,1485,1493,1474,1527,1468,1515,1512
1518,1494,1487,1476,1494,1475,1453,1477,1498,1487,1433,1477,1506,1485,1493,1474,1527,1468,1515,1512
1534,1499,1502,1483,1505,1487,1458,1489,1508,1505,1435,1489,1522,1490,1503,1482,1529,1473,1536,1534
1534,1499,1502,1483,1505,1487,1458,1489,1508,1505,1435,1489,1522,1490,1503,1482,1529,1473,1536,1534
1534,1499,1502,1483,1505,1487,1458,1489,1508,1505,1435,1489,1522,1490,1503,1482,1529,1473,1536,1534
1544,1505,1516,1488,1507,1502,1464,1495,1522,1516,1443,1495,1525,1499,1511,1495,1533,1480,1546,1537
1544,1505,1516,1488,1507,1502,1464,1495,1522,1516,1443,1495,1525,1499,1511,1495,1533,1480,1546,1537
1544,1505,1516,1488,1507,1502,1464,1495,1522,1516,1443,1495,1525,1499,1511,1495,1533,1480,1546,1537
1555,1506,1519,1491,1515,1516,1471,1507,1525,1518,1453,1508,1530,1503,1517,1500,1537,1483,1557,1543
1555,1506,1519,1491,1515,1516,1471,1507,1525,1518,1453,1508,1530,1503,1517,1500,1537,1483,1557,1543
1555,1506,1519,1491,1515,1516,1471,1507,1525,1518,1453,1508,1530,1503,1517,1500,1537,1483,1557,1543
1563,1509,1523,1496,1525,1519,1476,1513,1530,1519,1481,1513,1533,1511,1520,1509,1544,1485,1561,1555
1563,1509,1523,1496,1525,1519,1476,1513,1530,1519,1481,1513,1533,1511,1520,1509,1544,1485,1561,1555
1563,1509,1523,1496,1525,1519,1476,1513,1530,1519,1481,1513,1533,1511,1520,1509,1544,1485,1561,1555
1565,1515,1529,1504,1527,1529,1488,1520,1540,1521,1488,1524,1544,1521,1531,1512,1550,1490,1565,1563
1565,1515,1529,1504,1527,1529,1488,1520,1540,1521,1488,1524,1544,1521,1531,1512,1550,1490,1565,1563
1565,1515,1529,1504,1527,1529,1488,1520,1540,1521,1488,1524,1544,1521,1531,1512,1550,1490,1565,1563
1567,1527,1541,1517,1540,1530,1493,1524,1550,1526,1493,1535,1550,1522,1536,1513,1551,1503,1567,1564
1567,1527,1541,1517,1540,1530,1493,1524,1550,1526,1493,1535,1550,1522,1536,1513,1551,1503,1567,1564
1567,1527,1541,1517,1540,1530,1493,1524,1550,1526,1493,1535,1550,1522,1536,1513,1551,1503,1567,1564
1570,1540,1546,1524,1545,1541,1504,1531,1551,1533,1504,1543,1551,1526,1542,1534,1556,1507,1568,1570
1570,1540,1546,1524,1545,1541,1504,1531,1551,1533,1504,1543,1551,1526,1542,1534,1556,1507,1568,1570
1570,1540,1546,1524,1545,1541,1504,1531,1551,1533,1504,1543,1551,1526,1542,1534,1556,1507,1568,1570
1578,1545,1558,1535,1555,1546,1517,1549,1560,1541,1520,1549,1564,1536,1565,1535,1560,1511,1569,1581
1578,1545,1558,1535,1555,1546,1517,1549,1560,1541,1520,1549,1564,1536,1565,1535,1560,1511,1569,1581
1578,1545,1558,1535,1555,1546,1517,1549,1560,1541,1520,1549,1564,1536,1565,1535,1560,1511,1569,1581
1579,1557,1560,1547,1568,1557,1521,1556,1561,1552,1523,1556,1566,1537,1567,1543,1566,1518,1580,1586
1579,1557,1560,1547,1568,1557,1521,1556,1561,1552,1523,1556,1566,1537,1567,1543,1566,1518,1580,1586
1579,1557,1560,1547,1568,1557,1521,1556,1561,1552,1523,1556,1566,1537,1567,1543,1566,1518,1580,1586
1587,1559,1572,1548,1573,1561,1523,1559,1566,1563,1531,1558,1571,1547,1569,1549,1571,1526,1585,1589
1587,1559,1572,1548,1573,1561,1523,1559,1566,1563,1531,1558,1571,1547,1569,1549,1571,1526,1585,1589
1587,1559,1572,1548,1573,1561,1523,1559,1566,1563,1531,1558,1571,1547,1569,1549,1571,1526,1585,1589
1589,1568,1575,1574,1582,1572,1542,1562,1577,1571,1542,1562,1577,1552,1585,1559,1573,1545,1587,1590
1589,1568,1575,1574,1582,1572,1542,1562,1577,1571,1542,1562,1577,1552,1585,1559,1573,1545,1587,1590
1589,1568,1575,1574,1582,1572,1542,1562,1577,1571,1542,1562,1577,1552,1585,1559,1573,1545,1587,1590
1591,1573,1576,1581,1587,1575,1547,1574,1583,1572,1548,1574,1583,1578,1589,1562,1576,1552,1588,1592
1591,1573,1576,1581,1587,1575,1547,1574,1583,1572,1548,1574,1583,1578,1589,1562,1576,1552,1588,1592
1591,1573,1576,1581,1587,1575,1547,1574,1583,1572,1548,1574,1583,1578,1589,1562,1576,1552,1588,1592
1596,1588,1580,1601,1591,1576,1548,1582,1590,1575,1569,1582,1594,1584,1595,1564,1577,1579,1591,1596
1596,1588,1580,1601,1591,1576,1548,1582,1590,1575,1569,1582,1594,1584,1595,1564,1577,1579,1591,1596
1596,1588,1580,1601,1591,1576,1548,1582,1590,1575,1569,1582,1594,1584,1595,1564,1577,1579,1591,1596
1604,1593,1585,1610,1597,1580,1558,1593,1594,1578,1586,1588,1599,1598,1599,1570,1583,1584,1595,1614
1604,1593,1585,1610,1597,1580,1558,1593,1594,1578,1586,1588,1599,1598,1599,1570,1583,1584,1595,1614
1604,1593,1585,1610,1597,1580,1558,1593,1594,1578,1586,1588,1599,1598,1599,1570,1583,1584,1595,1614
1608,1597,1598,1611,1612,1586,1581,1605,1597,1579,1601,1592,1603,1603,1604,1590,1594,1599,1604,1620
1608,1597,1598,1611,1612,1586,1581,1605,1597,1579,1601,1592,1603,1603,1604,1590,1594,1599,1604,1620
1608,1597,1598,1611,1612,1586,1581,1605,1597,1579,1601,1592,1603,1603,1604,1590,1594,1599,1604,1620
1610,1625,1600,1615,1626,1600,1601,1606,1607,1584,1606,1593,1607,1617,1606,1592,1603,1605,1608,1622
1610,1625,1600,1615,1626,1600,1601,1606,1607,1584,1606,1593,1607,1617,1606,1592,1603,1605,1608,1622
1610,1625,1600,1615,1626,1600,1601,1606,1607,1584,1606,1593,1607,1617,1606,1592,1603,1605,1608,1622
1612,1630,1609,1620,1627,1609,1615,1611,1618,1595,1615,1605,1617,1619,1608,1596,1607,1612,1609,1627
1612,1630,1609,1620,1627,1609,1615,1611,1618,1595,1615,1605,1617,1619,1608,1596,1607,1612,1609,1627
1612,1630,1609,1620,1627,1609,1615,1611,1618,1595,1615,1605,1617,1619,1608,1596,1607,1612,1609,1627
1622,1637,1614,1633,1630,1614,1620,1616,1627,1598,1621,1616,1618,1621,1611,1616,1617,1619,1610,1629
1622,1637,1614,1633,1630,1614,1620,1616,1627,1598,1621,1616,1618,1621,1611,1616,1617,1619,1610,1629
1622,1637,1614,1633,1630,1614,1620,1616,1627,1598,1621,1616,1618,1621,1611,1616,1617,1619,1610,1629
1629,1641,1632,1638,1637,1632,1623,1624,1631,1600,1623,1624,1631,1625,1622,1623,1618,1625,1621,1642
1629,1641,1632,1638,1637,1632,1623,1624,1631,1600,1623,1624,1631,1625,1622,1623,1618,1625,1621,1642
1629,1641,1632,1638,1637,1632,1623,1624,1631,1600,1623,1624,1631,1625,1622,1623,1618,1625,1621,1642
1643,1642,1634,1643,1641,1636,1633,1626,1634,1619,1633,1626,1634,1628,1636,1624,1630,1628,1641,1647
1643,1642,1634,1643,1641,1636,1633,1626,1634,1619,1633,1626,1634,1628,1636,1624,1630,1628,1641,1647
1643,1642,1634,1643,1641,1636,1633,1626,1634,1619,1633,1626,1634,1628,1636,1624,1630,1628,1641,1647
1646,1648,1647,1646,1642,1647,1638,1635,1636,1628,1638,1635,1639,1640,1640,1629,1631,1637,1643,1648
1646,1648,1647,1646,1642,1647,1638,1635,1636,1628,1638,1635,1639,1640,1640,1629,1631,1637,1643,1648
1646,1648,1647,1646,1642,1647,1638,1635,1636,1628,1638,1635,1639,1640,1640,1629,1631,1637,1643,1648
1651,1652,1649,1655,1644,1649,1645,1644,1639,1632,1645,1644,1652,1650,1645,1635,1639,1640,1646,1650
1651,1652,1649,1655,1644,1649,1645,1644,1639,1632,1645,1644,1652,1650,1645,1635,1639,1640,1646,1650
1651,1652,1649,1655,1644,1649,1645,1644,1639,1632,1645,1644,1652,1650,1645,1635,1639,1640,1646,1650
1657,1653,1654,1657,1648,1652,1653,1654,1655,1649,1653,1654,1655,1656,1656,1651,1650,1656,1657,1651
1657,1653,1654,1657,1648,1652,1653,1654,1655,1649,1653,1654,1655,1656,1656,1651,1650,1656,1657,1651
1657,1653,1654,1657,1648,1652,1653,1654,1655,1649,1653,1654,1655,1656,1656,1651,1650,1656,1657,1651