274,1