56,126,137,35,126,137,35,114,153,137,56,114,153,35,0,0,0,0,0,0
56,126,137,35,126,137,35,114,153,137,56,114,153,35,0,0,0,0,0,0
56,126,137,35,126,137,35,114,153,137,56,114,153,35,0,0,0,0,0,0
56,126,137,35,126,137,35,114,153,137,56,114,153,35,0,0,0,0,0,0
114,160,138,56,160,138,87,145,174,138,125,126,160,87,0,0,0,0,0,0
114,160,138,56,160,138,87,145,174,138,125,126,160,87,0,0,0,0,0,0
114,160,138,56,160,138,87,145,174,138,125,126,160,87,0,0,0,0,0,0
114,160,138,56,160,138,87,145,174,138,125,126,160,87,0,0,0,0,0,0
125,174,201,87,195,153,133,149,177,197,219,133,174,149,0,0,0,0,0,0
125,174,201,87,195,153,133,149,177,197,219,133,174,149,0,0,0,0,0,0
125,174,201,87,195,153,133,149,177,197,219,133,174,149,0,0,0,0,0,0
125,174,201,87,195,153,133,149,177,197,219,133,174,149,0,0,0,0,0,0
145,177,203,125,210,201,219,204,195,201,238,145,195,177,0,0,0,0,0,0
145,177,203,125,210,201,219,204,195,201,238,145,195,177,0,0,0,0,0,0
145,177,203,125,210,201,219,204,195,201,238,145,195,177,0,0,0,0,0,0
145,177,203,125,210,201,219,204,195,201,238,145,195,177,0,0,0,0,0,0
149,220,222,133,220,203,238,210,220,227,244,204,203,197,0,0,0,0,0,0
149,220,222,133,220,203,238,210,220,227,244,204,203,197,0,0,0,0,0,0
149,220,222,133,220,203,238,210,220,227,244,204,203,197,0,0,0,0,0,0
149,220,222,133,220,203,238,210,220,227,244,204,203,197,0,0,0,0,0,0
197,238,252,227,262,252,255,213,260,255,252,210,280,227,0,0,0,0,0,0
197,238,252,227,262,252,255,213,260,255,252,210,280,227,0,0,0,0,0,0
197,238,252,227,262,252,255,213,260,255,252,210,280,227,0,0,0,0,0,0
197,238,252,227,262,252,255,213,260,255,252,210,280,227,0,0,0,0,0,0
204,262,263,244,276,260,275,222,286,261,262,213,286,255,0,0,0,0,0,0
204,262,263,244,276,260,275,222,286,261,262,213,286,255,0,0,0,0,0,0
204,262,263,244,276,260,275,222,286,261,262,213,286,255,0,0,0,0,0,0
204,262,263,244,276,260,275,222,286,261,262,213,286,255,0,0,0,0,0,0
213,273,343,261,306,263,329,249,307,345,329,222,307,260,0,0,0,0,0,0
213,273,343,261,306,263,329,249,307,345,329,222,307,260,0,0,0,0,0,0
213,273,343,261,306,263,329,249,307,345,329,222,307,260,0,0,0,0,0,0
213,273,343,261,306,263,329,249,307,345,329,222,307,260,0,0,0,0,0,0
219,315,351,275,315,309,340,273,309,355,340,249,309,263,0,0,0,0,0,0
219,315,351,275,315,309,340,273,309,355,340,249,309,263,0,0,0,0,0,0
219,315,351,275,315,309,340,273,309,355,340,249,309,263,0,0,0,0,0,0
219,315,351,275,315,309,340,273,309,355,340,249,309,263,0,0,0,0,0,0
244,330,359,280,345,343,344,276,325,360,351,273,325,275,0,0,0,0,0,0
244,330,359,280,345,343,344,276,325,360,351,273,325,275,0,0,0,0,0,0
244,330,359,280,345,343,344,276,325,360,351,273,325,275,0,0,0,0,0,0
244,330,359,280,345,343,344,276,325,360,351,273,325,275,0,0,0,0,0,0
249,355,360,293,353,351,371,280,330,378,359,276,330,315,0,0,0,0,0,0
249,355,360,293,353,351,371,280,330,378,359,276,330,315,0,0,0,0,0,0
249,355,360,293,353,351,371,280,330,378,359,276,330,315,0,0,0,0,0,0
249,355,360,293,353,351,371,280,330,378,359,276,330,315,0,0,0,0,0,0
261,364,401,329,362,359,375,287,363,401,371,287,344,345,0,0,0,0,0,0
261,364,401,329,362,359,375,287,363,401,371,287,344,345,0,0,0,0,0,0
261,364,401,329,362,359,375,287,363,401,371,287,344,345,0,0,0,0,0,0
286,368,402,337,364,360,408,306,363,401,391,293,344,345,0,0,0,0,0,0
286,368,402,337,364,360,408,306,368,407,391,293,363,355,0,0,0,0,0,0
286,368,402,337,364,360,408,306,368,407,391,293,363,355,0,0,0,0,0,0
287,377,407,344,372,378,417,327,368,407,402,306,363,355,0,0,0,0,0,0
287,377,407,344,372,378,417,327,368,407,402,306,363,355,0,0,0,0,0,0
287,377,407,344,372,378,417,327,377,416,402,306,368,364,0,0,0,0,0,0
293,387,421,371,387,401,422,337,377,416,408,327,368,364,0,0,0,0,0,0
293,387,421,371,387,401,422,337,377,416,408,327,368,364,0,0,0,0,0,0
293,387,421,371,387,401,422,337,377,416,408,327,368,364,0,0,0,0,0,0
307,391,422,375,391,402,436,347,386,423,417,343,377,375,0,0,0,0,0,0
307,391,422,375,391,402,436,347,386,423,417,343,377,375,0,0,0,0,0,0
307,391,422,375,391,402,436,347,386,423,417,343,377,375,0,0,0,0,0,0
325,395,423,408,399,407,464,353,387,428,422,347,386,421,0,0,0,0,0,0
325,395,423,408,399,407,464,353,387,428,422,347,386,421,0,0,0,0,0,0
325,395,423,408,399,407,464,353,387,428,422,347,386,421,0,0,0,0,0,0
327,411,430,417,411,421,465,362,390,430,436,353,389,423,0,0,0,0,0,0
327,411,430,417,411,421,465,362,390,430,436,353,389,423,0,0,0,0,0,0
327,411,430,417,411,421,465,362,390,430,436,353,389,423,0,0,0,0,0,0
337,416,435,436,416,430,467,372,395,447,461,362,390,428,0,0,0,0,0,0
337,416,435,436,416,430,467,372,395,447,461,362,390,428,0,0,0,0,0,0
337,416,435,436,416,430,467,372,395,447,461,362,390,428,0,0,0,0,0,0
340,419,447,464,425,435,477,389,410,455,464,372,395,435,0,0,0,0,0,0
340,419,447,464,425,435,477,389,410,455,464,372,395,435,0,0,0,0,0,0
340,419,447,464,425,435,477,389,410,455,464,372,395,435,0,0,0,0,0,0
347,429,456,467,429,447,483,399,419,456,465,399,410,455,0,0,0,0,0,0
347,429,456,467,429,447,483,399,419,456,465,399,410,455,0,0,0,0,0,0
347,429,456,467,429,447,483,399,419,456,465,399,410,455,0,0,0,0,0,0
363,442,459,477,444,456,490,414,429,459,467,411,419,471,0,0,0,0,0,0
363,442,459,477,444,456,490,414,429,459,467,411,419,471,0,0,0,0,0,0
363,442,459,477,444,456,490,414,429,459,467,411,419,471,0,0,0,0,0,0
378,450,460,483,473,459,508,425,442,460,477,414,442,481,0,0,0,0,0,0
378,450,460,483,473,459,508,425,442,460,477,414,442,481,0,0,0,0,0,0
378,450,460,483,473,459,508,425,442,460,477,414,442,481,0,0,0,0,0,0
386,455,461,490,479,460,517,441,450,466,483,425,450,485,0,0,0,0,0,0
386,455,461,490,479,460,517,441,450,466,483,425,450,485,0,0,0,0,0,0
386,455,461,490,479,460,517,441,450,466,483,425,450,485,0,0,0,0,0,0
389,469,466,517,481,461,522,444,469,471,490,441,469,498,0,0,0,0,0,0
389,469,466,517,481,461,522,444,469,471,490,441,469,498,0,0,0,0,0,0
389,469,466,517,481,461,522,444,469,471,490,441,469,498,0,0,0,0,0,0
390,481,471,522,491,466,523,449,474,476,517,444,474,502,0,0,0,0,0,0
390,481,471,522,491,466,523,449,474,476,517,444,474,502,0,0,0,0,0,0
390,481,471,522,491,466,523,449,474,476,517,444,474,502,0,0,0,0,0,0
410,488,476,523,500,476,526,468,480,478,522,449,480,505,0,0,0,0,0,0
410,488,476,523,500,476,526,468,480,478,522,449,480,505,0,0,0,0,0,0
410,488,476,523,500,476,526,468,480,478,522,449,480,505,0,0,0,0,0,0
414,507,478,526,503,478,534,473,488,502,526,468,488,506,0,0,0,0,0,0
414,507,478,526,503,478,534,473,488,502,526,468,488,506,0,0,0,0,0,0
414,507,478,526,503,478,534,473,488,502,526,468,488,506,0,0,0,0,0,0
428,512,485,531,507,485,544,479,505,506,534,473,500,508,0,0,0,0,0,0
428,512,485,531,507,485,544,479,505,506,534,473,500,508,0,0,0,0,0,0
428,512,485,531,507,485,544,479,505,506,534,473,500,508,0,0,0,0,0,0
441,525,498,544,513,498,549,487,519,508,542,479,503,527,0,0,0,0,0,0
441,525,498,544,513,498,549,487,519,508,542,479,503,527,0,0,0,0,0,0
441,525,498,544,513,498,549,487,519,508,542,479,503,527,0,0,0,0,0,0
449,527,502,549,520,509,555,491,532,509,544,487,507,563,0,0,0,0,0,0
449,527,502,549,520,509,555,491,532,509,544,487,507,563,0,0,0,0,0,0
449,527,502,549,520,509,555,491,532,509,544,487,507,563,0,0,0,0,0,0
465,532,505,555,529,533,560,512,540,533,549,491,512,573,0,0,0,0,0,0
465,532,505,555,529,533,560,512,540,533,549,491,512,573,0,0,0,0,0,0
465,532,505,555,529,533,560,512,540,533,549,491,512,573,0,0,0,0,0,0
468,568,509,560,532,536,564,513,546,536,555,513,519,581,0,0,0,0,0,0
468,568,509,560,532,536,564,513,546,536,555,513,519,581,0,0,0,0,0,0
468,568,509,560,532,536,564,513,546,536,555,513,519,581,0,0,0,0,0,0
474,571,533,564,539,537,578,520,550,548,560,520,531,583,0,0,0,0,0,0
474,571,533,564,539,537,578,520,550,548,560,520,531,583,0,0,0,0,0,0
474,571,533,564,539,537,578,520,550,548,560,520,531,583,0,0,0,0,0,0
480,576,536,567,556,542,584,525,557,554,564,523,537,589,0,0,0,0,0,0
480,576,536,567,556,542,584,525,557,554,564,523,537,589,0,0,0,0,0,0
480,576,536,567,556,542,584,525,557,554,564,523,537,589,0,0,0,0,0,0
487,580,537,578,571,548,588,527,565,573,576,525,540,591,0,0,0,0,0,0
487,580,537,578,571,548,588,527,565,573,576,525,540,591,0,0,0,0,0,0
487,580,537,578,571,548,588,527,565,573,576,525,540,591,0,0,0,0,0,0
500,583,542,584,575,550,591,529,568,581,578,529,546,592,0,0,0,0,0,0
500,583,542,584,575,550,591,529,568,581,578,529,546,592,0,0,0,0,0,0
500,583,542,584,575,550,591,529,568,581,578,529,546,592,0,0,0,0,0,0
503,593,548,588,576,554,592,539,571,583,584,539,550,600,0,0,0,0,0,0
503,593,548,588,576,554,592,539,571,583,584,539,550,600,0,0,0,0,0,0
503,593,548,588,576,554,592,539,571,583,584,539,550,600,0,0,0,0,0,0
506,599,554,591,593,563,595,556,580,589,588,556,557,607,0,0,0,0,0,0
506,599,554,591,593,563,595,556,580,589,588,556,557,607,0,0,0,0,0,0
506,599,554,591,593,563,595,556,580,589,588,556,557,607,0,0,0,0,0,0
519,606,563,595,599,587,601,567,587,592,590,567,565,609,0,0,0,0,0,0
519,606,563,595,599,587,601,567,587,592,590,567,565,609,0,0,0,0,0,0
519,606,563,595,599,587,601,567,587,592,590,567,565,609,0,0,0,0,0,0
531,610,581,601,609,590,604,574,593,594,595,574,568,610,0,0,0,0,0,0
531,610,581,601,609,590,604,574,593,594,595,574,568,610,0,0,0,0,0,0
531,610,581,601,609,590,604,574,593,594,595,574,568,610,0,0,0,0,0,0
534,627,590,604,610,594,617,575,597,607,601,575,580,619,0,0,0,0,0,0
534,627,590,604,610,594,617,575,597,607,601,575,580,619,0,0,0,0,0,0
534,627,590,604,610,594,617,575,597,607,601,575,580,619,0,0,0,0,0,0
540,633,594,612,615,600,619,579,606,609,604,579,587,633,0,0,0,0,0,0
540,633,594,612,615,600,619,579,606,609,604,579,587,633,0,0,0,0,0,0
540,633,594,612,615,600,619,579,606,609,604,579,587,633,0,0,0,0,0,0
546,637,600,613,623,611,622,602,612,611,614,599,597,642,0,0,0,0,0,0
546,637,600,613,623,611,622,602,612,611,614,599,597,642,0,0,0,0,0,0
546,637,600,613,623,611,622,602,612,611,614,599,597,642,0,0,0,0,0,0
557,642,607,614,631,625,626,608,613,625,617,602,606,645,0,0,0,0,0,0
557,642,607,614,631,625,626,608,613,625,617,602,606,645,0,0,0,0,0,0
557,642,607,614,631,625,626,608,613,625,617,602,606,645,0,0,0,0,0,0
565,648,611,617,640,634,629,615,624,633,622,608,612,649,0,0,0,0,0,0
565,648,611,617,640,634,629,615,624,633,622,608,612,649,0,0,0,0,0,0
565,648,611,617,640,634,629,615,624,633,622,608,612,649,0,0,0,0,0,0
573,660,618,619,642,635,636,618,627,634,626,615,613,661,0,0,0,0,0,0
573,660,618,619,642,635,636,618,627,634,626,615,613,661,0,0,0,0,0,0
573,660,618,619,642,635,636,618,627,634,626,615,613,661,0,0,0,0,0,0
574,665,634,622,651,637,650,623,632,635,629,623,618,669,0,0,0,0,0,0
574,665,634,622,651,637,650,623,632,635,629,623,618,669,0,0,0,0,0,0
574,665,634,622,651,637,650,623,632,635,629,623,618,669,0,0,0,0,0,0
579,677,635,629,656,638,664,631,641,638,636,631,624,674,0,0,0,0,0,0
579,677,635,629,656,638,664,631,641,638,636,631,624,674,0,0,0,0,0,0
579,677,635,629,656,638,664,631,641,638,636,631,624,674,0,0,0,0,0,0
589,681,638,636,658,643,669,640,645,643,650,637,627,676,0,0,0,0,0,0
589,681,638,636,658,643,669,640,645,643,650,637,627,676,0,0,0,0,0,0
589,681,638,636,658,643,669,640,645,643,650,637,627,676,0,0,0,0,0,0
597,684,643,650,662,645,673,651,648,667,664,640,632,687,0,0,0,0,0,0
597,684,643,650,662,645,673,651,648,667,664,640,632,687,0,0,0,0,0,0
597,684,643,650,662,645,673,651,648,667,664,640,632,687,0,0,0,0,0,0
602,688,649,664,665,649,683,656,652,682,665,651,641,697,0,0,0,0,0,0
602,688,649,664,665,649,683,656,652,682,665,651,641,697,0,0,0,0,0,0
602,688,649,664,665,649,683,656,652,682,665,651,641,697,0,0,0,0,0,0
608,692,661,669,670,661,690,658,657,687,672,656,648,699,0,0,0,0,0,0
608,692,661,669,670,661,690,658,657,687,672,656,648,699,0,0,0,0,0,0
608,692,661,669,670,661,690,658,657,687,672,656,648,699,0,0,0,0,0,0
614,694,667,672,678,667,692,660,659,697,673,658,652,703,0,0,0,0,0,0
614,694,667,672,678,667,692,660,659,697,673,658,652,703,0,0,0,0,0,0
614,694,667,672,678,667,692,660,659,697,673,658,652,703,0,0,0,0,0,0
624,699,668,683,681,671,693,662,671,699,683,660,657,710,0,0,0,0,0,0
624,699,668,683,681,671,693,662,671,699,683,660,657,710,0,0,0,0,0,0
624,699,668,683,681,671,693,662,671,699,683,660,657,710,0,0,0,0,0,0
625,704,674,687,688,674,694,668,676,703,690,662,659,718,0,0,0,0,0,0
625,704,674,687,688,674,694,668,676,703,690,662,659,718,0,0,0,0,0,0
625,704,674,687,688,674,694,668,676,703,690,662,659,718,0,0,0,0,0,0
626,709,676,690,704,679,698,670,677,705,692,668,671,727,0,0,0,0,0,0
626,709,676,690,704,679,698,670,677,705,692,668,671,727,0,0,0,0,0,0
626,709,676,690,704,679,698,670,677,705,692,668,671,727,0,0,0,0,0,0
632,713,682,693,709,682,700,675,678,718,693,670,677,729,0,0,0,0,0,0
632,713,682,693,709,682,700,675,678,718,693,670,677,729,0,0,0,0,0,0
632,713,682,693,709,682,700,675,678,718,693,670,677,729,0,0,0,0,0,0
641,719,689,695,716,689,706,684,679,720,694,675,678,730,0,0,0,0,0,0
641,719,689,695,716,689,706,684,679,720,694,675,678,730,0,0,0,0,0,0
641,719,689,695,716,689,706,684,679,720,694,675,678,730,0,0,0,0,0,0
652,722,697,698,719,705,711,691,681,722,698,688,679,733,0,0,0,0,0,0
652,722,697,698,719,705,711,691,681,722,698,688,679,733,0,0,0,0,0,0
652,722,697,698,719,705,711,691,681,722,698,688,679,733,0,0,0,0,0,0
657,724,705,700,724,710,715,695,685,727,700,691,684,739,0,0,0,0,0,0
657,724,705,700,724,710,715,695,685,727,700,691,684,739,0,0,0,0,0,0
657,724,705,700,724,710,715,695,685,727,700,691,684,739,0,0,0,0,0,0
659,728,710,706,726,720,725,712,704,729,706,695,685,745,0,0,0,0,0,0
659,728,710,706,726,720,725,712,704,729,706,695,685,745,0,0,0,0,0,0
659,728,710,706,726,720,725,712,704,729,706,695,685,745,0,0,0,0,0,0
672,729,720,711,731,722,733,716,713,730,711,712,689,747,0,0,0,0,0,0
672,729,720,711,731,722,733,716,713,730,711,712,689,747,0,0,0,0,0,0
672,729,720,711,731,722,733,716,713,730,711,712,689,747,0,0,0,0,0,0
673,736,723,715,736,723,738,726,719,733,715,716,709,754,0,0,0,0,0,0
673,736,723,715,736,723,738,726,719,733,715,716,709,754,0,0,0,0,0,0
673,736,723,715,736,723,738,726,719,733,715,716,709,754,0,0,0,0,0,0
675,742,737,725,746,732,739,731,728,737,724,731,713,762,0,0,0,0,0,0
675,742,737,725,746,732,739,731,728,737,724,731,713,762,0,0,0,0,0,0
675,742,737,725,746,732,739,731,728,737,724,731,713,762,0,0,0,0,0,0
685,751,743,730,748,737,740,742,732,747,725,742,723,764,0,0,0,0,0,0
685,751,743,730,748,737,740,742,732,747,725,742,723,764,0,0,0,0,0,0
685,751,743,730,748,737,740,742,732,747,725,742,723,764,0,0,0,0,0,0
691,754,755,735,760,741,745,746,736,754,735,746,726,775,0,0,0,0,0,0
691,754,755,735,760,741,745,746,736,754,735,746,726,775,0,0,0,0,0,0
691,754,755,735,760,741,745,746,736,754,735,746,726,775,0,0,0,0,0,0
703,762,756,738,773,743,759,748,741,755,738,748,728,776,0,0,0,0,0,0
703,762,756,738,773,743,759,748,741,755,738,748,728,776,0,0,0,0,0,0
703,762,756,738,773,743,759,748,741,755,738,748,728,776,0,0,0,0,0,0
712,764,757,739,778,755,763,751,752,757,740,751,732,777,0,0,0,0,0,0
712,764,757,739,778,755,763,751,752,757,740,751,732,777,0,0,0,0,0,0
712,764,757,739,778,755,763,751,752,757,740,751,732,777,0,0,0,0,0,0
718,769,758,745,784,756,766,753,769,762,756,753,741,781,0,0,0,0,0,0
718,769,758,745,784,756,766,753,769,762,756,753,741,781,0,0,0,0,0,0
718,769,758,745,784,756,766,753,769,762,756,753,741,781,0,0,0,0,0,0
727,771,765,759,790,757,770,760,771,764,758,760,743,782,0,0,0,0,0,0
727,771,765,759,790,757,770,760,771,764,758,760,743,782,0,0,0,0,0,0
727,771,765,759,790,757,770,760,771,764,758,760,743,782,0,0,0,0,0,0
735,775,766,763,801,758,772,768,774,765,759,766,752,786,0,0,0,0,0,0
735,775,766,763,801,758,772,768,774,765,759,766,752,786,0,0,0,0,0,0
735,775,766,763,801,758,772,768,774,765,759,766,752,786,0,0,0,0,0,0
740,778,767,770,806,765,780,773,785,767,763,768,769,790,0,0,0,0,0,0
740,778,767,770,806,765,780,773,785,767,763,768,769,790,0,0,0,0,0,0
740,778,767,770,806,765,780,773,785,767,763,768,769,790,0,0,0,0,0,0
747,782,776,772,808,767,788,782,791,775,770,773,771,792,0,0,0,0,0,0
747,782,776,772,808,767,788,782,791,775,770,773,771,792,0,0,0,0,0,0
747,782,776,772,808,767,788,782,791,775,770,773,771,792,0,0,0,0,0,0
752,786,779,777,814,776,794,784,796,777,772,784,774,797,0,0,0,0,0,0
752,786,779,777,814,776,794,784,796,777,772,784,774,797,0,0,0,0,0,0
752,786,779,777,814,776,794,784,796,777,772,784,774,797,0,0,0,0,0,0
753,792,781,780,816,779,800,790,801,779,780,787,778,805,0,0,0,0,0,0
753,792,781,780,816,779,800,790,801,779,780,787,778,805,0,0,0,0,0,0
753,792,781,780,816,779,800,790,801,779,780,787,778,805,0,0,0,0,0,0
768,801,787,788,823,781,807,802,803,786,788,802,785,810,0,0,0,0,0,0
768,801,787,788,823,781,807,802,803,786,788,802,785,810,0,0,0,0,0,0
768,801,787,788,823,781,807,802,803,786,788,802,785,810,0,0,0,0,0,0
774,803,793,794,824,787,812,806,809,792,794,806,791,816,0,0,0,0,0,0
774,803,793,794,824,787,812,806,809,792,794,806,791,816,0,0,0,0,0,0
774,803,793,794,824,787,812,806,809,792,794,806,791,816,0,0,0,0,0,0
785,810,797,800,829,793,818,808,815,793,800,808,796,820,0,0,0,0,0,0
785,810,797,800,829,793,818,808,815,793,800,808,796,820,0,0,0,0,0,0
785,810,797,800,829,793,818,808,815,793,800,808,796,820,0,0,0,0,0,0
791,816,799,807,837,799,821,814,820,797,807,814,803,823,0,0,0,0,0,0
791,816,799,807,837,799,821,814,820,797,807,814,803,823,0,0,0,0,0,0
791,816,799,807,837,799,821,814,820,797,807,814,803,823,0,0,0,0,0,0
796,820,805,812,841,805,826,819,822,799,812,819,809,830,0,0,0,0,0,0
796,820,805,812,841,805,826,819,822,799,812,819,809,830,0,0,0,0,0,0
796,820,805,812,841,805,826,819,822,799,812,819,809,830,0,0,0,0,0,0
802,824,811,818,849,811,831,827,824,810,818,827,815,835,0,0,0,0,0,0
802,824,811,818,849,811,831,827,824,810,818,827,815,835,0,0,0,0,0,0
802,824,811,818,849,811,831,827,824,810,818,827,815,835,0,0,0,0,0,0
809,826,817,822,859,817,843,832,828,811,821,832,822,843,0,0,0,0,0,0
809,826,817,822,859,817,843,832,828,811,821,832,822,843,0,0,0,0,0,0
809,826,817,822,859,817,843,832,828,811,821,832,822,843,0,0,0,0,0,0
815,829,821,827,862,825,847,833,834,817,829,833,826,850,0,0,0,0,0,0
815,829,821,827,862,825,847,833,834,817,829,833,826,850,0,0,0,0,0,0
815,829,821,827,862,825,847,833,834,817,829,833,826,850,0,0,0,0,0,0
819,834,825,831,867,830,851,837,838,823,831,837,828,861,0,0,0,0,0,0
819,834,825,831,867,830,851,837,838,823,831,837,828,861,0,0,0,0,0,0
819,834,825,831,867,830,851,837,838,823,831,837,828,861,0,0,0,0,0,0
828,838,830,847,873,839,852,841,840,825,847,841,834,864,0,0,0,0,0,0
828,838,830,847,873,839,852,841,840,825,847,841,834,864,0,0,0,0,0,0
828,838,830,847,873,839,852,841,840,825,847,841,834,864,0,0,0,0,0,0
832,849,835,851,876,850,853,848,856,835,851,848,838,868,0,0,0,0,0,0
832,849,835,851,876,850,853,848,856,835,851,848,838,868,0,0,0,0,0,0
832,849,835,851,876,850,853,848,856,835,851,848,838,868,0,0,0,0,0,0
833,856,839,852,882,855,858,859,860,843,852,859,839,870,0,0,0,0,0,0
833,856,839,852,882,855,858,859,860,843,852,859,839,870,0,0,0,0,0,0
833,856,839,852,882,855,858,859,860,843,852,859,839,870,0,0,0,0,0,0
840,862,850,853,886,860,865,863,862,855,853,863,840,874,0,0,0,0,0,0
840,862,850,853,886,860,865,863,862,855,853,863,840,874,0,0,0,0,0,0
840,862,850,853,886,860,865,863,862,855,853,863,840,874,0,0,0,0,0,0
848,863,855,858,889,864,872,867,874,861,858,867,849,875,0,0,0,0,0,0
848,863,855,858,889,864,872,867,874,861,858,867,849,875,0,0,0,0,0,0
848,863,855,858,889,864,872,867,874,861,858,867,849,875,0,0,0,0,0,0
861,870,864,865,890,871,879,873,877,868,865,873,856,877,0,0,0,0,0,0
861,870,864,865,890,871,879,873,877,868,865,873,856,877,0,0,0,0,0,0
861,870,864,865,890,871,879,873,877,868,865,873,856,877,0,0,0,0,0,0
868,876,871,872,897,878,883,882,892,870,872,882,860,880,0,0,0,0,0,0
868,876,871,872,897,878,883,882,892,870,872,882,860,880,0,0,0,0,0,0
868,876,871,872,897,878,883,882,892,870,872,882,860,880,0,0,0,0,0,0
875,877,874,879,898,880,885,886,897,871,879,886,876,887,0,0,0,0,0,0
875,877,874,879,898,880,885,886,897,871,879,886,876,887,0,0,0,0,0,0
875,877,874,879,898,880,885,886,897,871,879,886,876,887,0,0,0,0,0,0
881,892,878,881,904,887,888,889,898,875,883,889,881,890,0,0,0,0,0,0
881,892,878,881,904,887,888,889,898,875,883,889,881,890,0,0,0,0,0,0
881,892,878,881,904,887,888,889,898,875,883,889,881,890,0,0,0,0,0,0
883,898,880,885,906,893,891,900,899,878,885,900,892,891,0,0,0,0,0,0
883,898,880,885,906,893,891,900,899,878,885,900,892,891,0,0,0,0,0,0
883,898,880,885,906,893,891,900,899,878,885,900,892,891,0,0,0,0,0,0
900,901,887,888,913,899,896,904,905,890,888,904,897,893,0,0,0,0,0,0
900,901,887,888,913,899,896,904,905,890,888,904,897,893,0,0,0,0,0,0
900,901,887,888,913,899,896,904,905,890,888,904,897,893,0,0,0,0,0,0
905,906,893,896,918,902,903,909,910,891,896,909,899,901,0,0,0,0,0,0
905,906,893,896,918,902,903,909,910,891,896,909,899,901,0,0,0,0,0,0
905,906,893,896,918,902,903,909,910,891,896,909,899,901,0,0,0,0,0,0
909,910,902,903,924,907,908,913,914,901,903,913,905,906,0,0,0,0,0,0
909,910,902,903,924,907,908,913,914,901,903,913,905,906,0,0,0,0,0,0
909,910,902,903,924,907,908,913,914,901,903,913,905,906,0,0,0,0,0,0
914,925,907,908,925,911,915,918,920,902,908,918,910,916,0,0,0,0,0,0
914,925,907,908,925,911,915,918,920,902,908,918,910,916,0,0,0,0,0,0
914,925,907,908,925,911,915,918,920,902,908,918,910,916,0,0,0,0,0,0
920,927,911,915,927,912,917,924,927,907,915,924,914,925,0,0,0,0,0,0
920,927,911,915,927,912,917,924,927,907,915,924,914,925,0,0,0,0,0,0
920,927,911,915,927,912,917,924,927,907,915,924,914,925,0,0,0,0,0,0
928,929,912,917,929,916,919,931,928,911,917,931,920,929,0,0,0,0,0,0
928,929,912,917,929,916,919,931,928,911,917,931,920,929,0,0,0,0,0,0
928,929,912,917,929,916,919,931,928,911,917,931,920,929,0,0,0,0,0,0
933,941,916,919,932,922,923,932,940,912,919,932,928,941,0,0,0,0,0,0
933,941,916,919,932,922,923,932,940,912,919,932,928,941,0,0,0,0,0,0
933,941,916,919,932,922,923,932,940,912,919,932,928,941,0,0,0,0,0,0
938,947,922,923,937,930,926,937,946,922,923,937,940,944,0,0,0,0,0,0
938,947,922,923,937,930,926,937,946,922,923,937,940,944,0,0,0,0,0,0
938,947,922,923,937,930,926,937,946,922,923,937,940,944,0,0,0,0,0,0
939,952,930,926,945,942,933,938,952,930,926,938,946,947,0,0,0,0,0,0
939,952,930,926,945,942,933,938,952,930,926,938,946,947,0,0,0,0,0,0
939,952,930,926,945,942,933,938,952,930,926,938,946,947,0,0,0,0,0,0
940,955,942,931,947,944,936,939,957,941,933,939,952,953,0,0,0,0,0,0
940,955,942,931,947,944,936,939,957,941,933,939,952,953,0,0,0,0,0,0
940,955,942,931,947,944,936,939,957,941,933,939,952,953,0,0,0,0,0,0
946,959,944,936,951,948,943,945,959,942,936,945,957,955,0,0,0,0,0,0
946,959,944,936,951,948,943,945,959,942,936,945,957,955,0,0,0,0,0,0
946,959,944,936,951,948,943,945,959,942,936,945,957,955,0,0,0,0,0,0
950,962,948,943,956,953,949,950,962,948,943,950,959,960,0,0,0,0,0,0
950,962,948,943,956,953,949,950,962,948,943,950,959,960,0,0,0,0,0,0
950,962,948,943,956,953,949,950,962,948,943,950,959,960,0,0,0,0,0,0
957,965,953,949,962,963,954,951,968,955,949,951,966,967,0,0,0,0,0,0
957,965,953,949,962,963,954,951,968,955,949,951,966,967,0,0,0,0,0,0
957,965,953,949,962,963,954,951,968,955,949,951,966,967,0,0,0,0,0,0
961,971,963,954,969,966,964,956,970,960,954,956,968,971,0,0,0,0,0,0
961,971,963,954,969,966,964,956,970,960,954,956,968,971,0,0,0,0,0,0
961,971,963,954,969,966,964,956,970,960,954,956,968,971,0,0,0,0,0,0
964,976,966,960,974,972,967,965,975,963,961,965,970,976,0,0,0,0,0,0
964,976,966,960,974,972,967,965,975,963,961,965,970,976,0,0,0,0,0,0
964,976,966,960,974,972,967,965,975,963,961,965,970,976,0,0,0,0,0,0
968,981,972,961,979,977,973,969,980,971,964,969,975,981,0,0,0,0,0,0
968,981,972,961,979,977,973,969,980,971,964,969,975,981,0,0,0,0,0,0
968,981,972,961,979,977,973,969,980,971,964,969,975,981,0,0,0,0,0,0
970,982,977,967,984,983,978,974,984,976,972,974,980,982,0,0,0,0,0,0
970,982,977,967,984,983,978,974,984,976,972,974,980,982,0,0,0,0,0,0
970,982,977,967,984,983,978,974,984,976,972,974,980,982,0,0,0,0,0,0
975,984,983,973,986,987,981,979,990,977,973,979,986,983,0,0,0,0,0,0
975,984,983,973,986,987,981,979,990,977,973,979,986,983,0,0,0,0,0,0
975,984,983,973,986,987,981,979,990,977,973,979,986,983,0,0,0,0,0,0
980,986,987,978,991,993,985,989,991,982,978,989,990,985,0,0,0,0,0,0
980,986,987,978,991,993,985,989,991,982,978,989,990,985,0,0,0,0,0,0
980,986,987,978,991,993,985,989,991,982,978,989,990,985,0,0,0,0,0,0
989,990,993,988,992,1000,988,995,992,985,988,995,996,991,0,0,0,0,0,0
989,990,993,988,992,1000,988,995,992,985,988,995,996,991,0,0,0,0,0,0
989,990,993,988,992,1000,988,995,992,985,988,995,996,991,0,0,0,0,0,0
995,992,997,994,996,1003,994,997,1000,987,994,997,1000,998,0,0,0,0,0,0
995,992,997,994,996,1003,994,997,1000,987,994,997,1000,998,0,0,0,0,0,0
995,992,997,994,996,1003,994,997,1000,987,994,997,1000,998,0,0,0,0,0,0
1001,996,1003,998,999,1007,998,999,1006,993,1002,999,1006,1001,0,0,0,0,0,0
1001,996,1003,998,999,1007,998,999,1006,993,1002,999,1006,1001,0,0,0,0,0,0
1001,996,1003,998,999,1007,998,999,1006,993,1002,999,1006,1001,0,0,0,0,0,0
1005,1002,1007,1004,1002,1010,1004,1005,1009,1001,1004,1005,1009,1007,0,0,0,0,0,0
1005,1002,1007,1004,1002,1010,1004,1005,1009,1001,1004,1005,1009,1007,0,0,0,0,0,0
1005,1002,1007,1004,1002,1010,1004,1005,1009,1001,1004,1005,1009,1007,0,0,0,0,0,0
1009,1006,1011,1008,1012,1011,1008,1012,1010,1003,1008,1012,1010,1011,0,0,0,0,0,0
1009,1006,1011,1008,1012,1011,1008,1012,1010,1003,1008,1012,1010,1011,0,0,0,0,0,0
1009,1006,1011,1008,1012,1011,1008,1012,1010,1003,1008,1012,1010,1011,0,0,0,0,0,0