10,11,12,10,11,1,6,2,2,2,1,2,27,1,2,1,6,0,1,6
10,11,12,10,11,1,6,2,2,2,1,2,27,1,2,1,6,0,1,6
10,11,12,10,11,1,6,3,3,3,1,3,27,1,3,1,6,0,1,6
10,11,12,10,11,1,6,3,3,3,1,3,27,1,3,1,6,0,1,6
10,11,12,10,11,1,6,4,4,4,1,4,27,1,4,1,6,0,1,6
10,11,12,10,11,1,6,4,4,4,1,4,27,1,4,1,6,0,1,6
10,11,12,10,11,1,6,5,5,5,1,5,27,1,5,1,6,0,1,6
17,20,12,30,20,1,6,5,5,5,1,5,27,1,5,1,6,0,1,6
17,20,12,30,20,1,6,8,8,8,1,6,27,1,6,1,6,0,1,6
17,20,12,30,20,1,6,8,8,8,1,6,27,1,6,1,6,0,1,6
17,20,12,30,20,1,6,16,16,16,1,6,27,1,6,1,6,0,1,6
17,20,12,30,20,1,6,16,16,16,1,6,27,1,6,1,6,0,1,6
17,20,12,30,20,1,6,19,19,19,1,6,35,1,6,1,6,0,1,6
17,20,12,30,20,1,6,19,19,19,1,6,35,1,6,1,6,0,1,6
30,35,12,39,40,1,6,23,23,23,1,6,35,1,6,1,6,0,1,6
30,35,12,39,40,1,6,23,23,23,1,6,35,1,6,1,6,0,1,6
30,35,12,39,40,2,9,24,24,24,2,6,35,7,6,7,9,0,7,9
30,35,12,39,40,2,9,24,24,24,2,6,35,7,6,7,9,0,7,9
30,35,12,39,40,3,9,25,25,25,3,6,35,7,6,7,9,0,7,9
30,35,12,39,40,3,9,25,25,25,3,6,35,7,6,7,9,0,7,9
30,35,12,39,40,4,9,29,29,29,4,6,35,7,6,7,9,0,7,9
39,40,12,55,60,4,9,29,29,29,4,6,35,7,6,7,9,0,7,9
39,40,27,55,60,5,9,31,31,31,5,6,35,7,6,7,9,0,7,9
39,40,27,55,60,5,9,31,31,31,5,6,35,7,6,7,9,0,7,9
39,40,27,55,60,7,9,32,32,32,7,8,55,7,8,7,9,0,7,9
39,40,27,55,60,7,9,32,32,32,7,8,55,7,8,7,9,0,7,9
39,40,27,55,60,7,9,36,36,36,7,9,55,7,9,7,9,0,7,9
39,40,27,55,60,7,9,36,36,36,7,9,55,7,9,7,9,0,7,9
55,60,27,66,69,7,9,37,37,37,7,9,55,7,9,7,9,0,7,9
55,60,27,66,69,7,9,37,37,37,7,9,55,7,9,7,9,0,7,9
55,60,27,66,69,7,9,38,38,38,7,9,55,7,9,7,9,0,7,9
55,60,27,66,69,7,9,38,38,38,7,9,55,7,9,7,9,0,7,9
55,60,27,66,69,7,13,41,41,41,7,9,55,14,9,14,13,0,14,13
55,60,27,66,69,7,13,41,41,41,7,9,55,14,9,14,13,0,14,13
55,60,27,66,69,7,13,43,43,43,7,9,55,14,9,14,13,0,14,13
66,69,27,71,72,7,13,43,43,43,7,9,55,14,9,14,13,0,14,13
66,69,27,71,72,7,13,45,45,45,7,9,70,14,9,14,13,0,14,13
66,69,27,71,72,7,13,45,45,45,7,9,70,14,9,14,13,0,14,13
66,69,27,71,72,7,13,50,50,50,7,9,70,14,9,14,13,0,14,13
66,69,27,71,72,7,13,50,50,50,7,9,70,14,9,14,13,0,14,13
66,69,27,71,72,8,13,51,51,51,8,9,70,14,9,14,13,0,14,13
66,69,27,71,72,8,13,51,51,51,8,9,70,14,9,14,13,0,14,13
71,72,27,74,75,14,13,58,58,58,14,13,70,14,13,14,13,0,14,13
71,72,27,74,75,14,13,58,58,58,14,13,70,14,13,14,13,0,14,13
71,72,47,74,75,14,13,59,59,59,14,13,70,14,13,14,13,0,14,13
71,72,47,74,75,14,13,59,59,59,14,13,70,14,13,14,13,0,14,13
71,72,47,74,75,14,13,61,61,61,14,13,70,14,13,14,13,0,14,13
71,72,47,74,75,14,13,61,61,61,14,13,70,14,13,14,13,0,14,13
71,72,47,74,75,14,15,63,63,63,14,13,85,18,13,18,15,0,18,15
74,75,47,81,85,14,15,63,63,63,14,13,85,18,13,18,15,0,18,15
74,75,47,81,85,14,15,64,64,64,14,13,85,18,13,18,15,0,18,15
74,75,47,81,85,14,15,64,64,64,14,13,85,18,13,18,15,0,18,15
74,75,47,81,85,14,15,68,68,68,14,13,85,18,13,18,15,0,18,15
74,75,47,81,85,14,15,68,68,68,14,13,85,18,13,18,15,0,18,15
74,75,47,81,85,14,15,73,73,73,14,13,85,18,13,18,15,0,18,15
74,75,47,81,85,14,15,73,73,73,14,13,85,18,13,18,15,0,18,15
81,85,47,86,92,14,15,79,79,79,14,13,85,18,13,18,15,0,18,15
81,85,47,86,92,14,15,79,79,79,14,13,85,18,13,18,15,0,18,15
81,85,47,86,92,16,15,90,90,90,16,15,85,18,15,18,15,0,18,15
81,85,47,86,92,16,15,90,90,90,16,15,85,18,15,18,15,0,18,15
81,85,47,86,92,18,15,10,11,12,18,15,96,18,15,18,15,0,18,15
81,85,47,86,92,18,15,10,11,12,18,15,96,18,15,18,15,0,18,15
81,85,47,86,92,18,15,10,11,12,18,15,96,18,15,18,15,0,18,15
86,92,47,95,96,18,15,10,11,12,18,15,96,18,15,18,15,0,18,15
86,92,47,95,96,18,22,10,11,12,18,15,96,21,15,21,22,0,21,22
86,92,47,95,96,18,22,10,11,12,18,15,96,21,15,21,22,0,21,22
86,92,52,95,96,18,22,10,11,12,18,15,96,21,15,21,22,0,21,22
86,92,52,95,96,18,22,10,11,12,18,15,96,21,15,21,22,0,21,22
86,92,52,95,96,18,22,10,11,12,18,15,96,21,15,21,22,0,21,22
86,92,52,95,96,18,22,10,11,12,18,15,96,21,15,21,22,0,21,22
95,96,52,98,100,18,22,10,11,12,18,15,96,21,15,21,22,0,21,22
95,96,52,98,100,18,22,39,40,12,18,15,105,21,15,21,22,0,21,22
95,96,52,98,100,18,22,39,40,47,18,15,105,21,15,21,22,0,21,22
95,96,52,98,100,18,22,39,40,47,18,15,105,21,15,21,22,0,21,22
95,96,52,98,100,18,22,39,40,47,18,16,105,21,16,21,22,0,21,22
95,96,52,98,100,18,22,39,40,47,18,16,105,21,16,21,22,0,21,22
95,96,52,98,100,19,22,39,40,47,19,19,105,21,19,21,22,0,21,22
98,100,52,102,105,19,22,39,40,47,19,19,105,21,19,21,22,0,21,22
98,100,52,102,105,21,22,39,40,47,21,22,105,21,22,21,22,0,21,22
98,100,52,102,105,21,22,39,40,47,21,22,105,21,22,21,22,0,21,22
98,100,52,102,105,21,28,39,40,47,21,22,105,26,22,26,28,0,26,28
98,100,52,102,105,21,28,39,40,47,21,22,105,26,22,26,28,0,26,28
98,100,52,102,105,21,28,66,60,47,21,22,106,26,22,26,28,0,26,28
98,100,52,102,105,21,28,66,60,47,21,22,106,26,22,26,28,0,26,28
102,105,52,106,110,21,28,66,60,69,21,22,106,26,22,26,28,0,26,28
102,105,52,106,110,21,28,66,60,69,21,22,106,26,22,26,28,0,26,28
102,105,52,106,110,21,28,66,60,69,21,22,106,26,22,26,28,0,26,28
102,105,52,106,110,21,28,66,60,69,21,22,106,26,22,26,28,0,26,28
102,105,70,106,110,21,28,66,60,69,21,22,106,26,22,26,28,0,26,28
102,105,70,106,110,21,28,66,60,69,21,22,106,26,22,26,28,0,26,28
102,105,70,106,110,21,28,66,60,69,21,22,106,26,22,26,28,0,26,28
106,110,70,111,114,21,28,66,60,69,21,22,106,26,22,26,28,0,26,28
106,110,70,111,114,21,28,66,60,69,21,22,106,26,22,26,28,0,26,28
106,110,70,111,114,21,28,74,75,69,21,22,118,26,22,26,28,0,26,28
106,110,70,111,114,23,28,74,75,69,23,23,118,26,23,26,28,0,26,28
106,110,70,111,114,23,28,74,75,69,23,23,118,26,23,26,28,0,26,28
106,110,70,111,114,24,34,74,75,81,24,24,118,33,24,33,34,0,33,34
106,110,70,111,114,24,34,74,75,81,24,24,118,33,24,33,34,0,33,34
111,114,70,121,124,25,34,74,75,81,25,25,118,33,25,33,34,0,33,34
111,114,70,121,124,25,34,74,75,81,25,25,118,33,25,33,34,0,33,34
111,114,70,121,124,26,34,74,75,81,26,28,118,33,28,33,34,0,33,34
111,114,70,121,124,26,34,74,75,81,26,28,118,33,28,33,34,0,33,34
111,114,70,121,124,26,34,74,75,81,26,28,118,33,28,33,34,0,33,34
111,114,70,121,124,26,34,74,75,81,26,28,118,33,28,33,34,0,33,34
111,114,70,121,124,26,34,86,92,81,26,28,130,33,28,33,34,0,33,34
121,124,70,125,130,26,34,86,92,81,26,28,130,33,28,33,34,0,33,34
121,124,70,125,130,26,34,86,92,81,26,28,130,33,28,33,34,0,33,34
121,124,70,125,130,26,34,86,92,81,26,28,130,33,28,33,34,0,33,34
121,124,70,125,130,26,34,86,92,95,26,28,130,33,28,33,34,0,33,34
121,124,70,125,130,26,34,86,92,95,26,28,130,33,28,33,34,0,33,34
121,124,118,125,130,26,34,86,92,95,26,28,130,33,28,33,34,0,33,34
121,124,118,125,130,26,34,86,92,95,26,28,130,33,28,33,34,0,33,34
125,130,118,131,132,26,42,86,92,95,26,28,130,44,28,44,42,0,44,42
125,130,118,131,132,26,42,86,92,95,26,28,130,44,28,44,42,0,44,42
125,130,118,131,132,26,42,86,92,95,26,28,130,44,28,44,42,0,44,42
125,130,118,131,132,26,42,98,100,95,26,28,138,44,28,44,42,0,44,42
125,130,118,131,132,29,42,98,100,95,29,29,138,44,29,44,42,0,44,42
125,130,118,131,132,29,42,98,100,95,29,29,138,44,29,44,42,0,44,42
125,130,118,131,132,31,42,98,100,95,31,31,138,44,31,44,42,0,44,42
131,132,118,134,145,31,42,98,100,95,31,31,138,44,31,44,42,0,44,42
131,132,118,134,145,32,42,98,100,102,32,32,138,44,32,44,42,0,44,42
131,132,118,134,145,32,42,98,100,102,32,32,138,44,32,44,42,0,44,42
131,132,118,134,145,33,42,98,100,102,33,34,138,44,34,44,42,0,44,42
131,132,118,134,145,33,42,98,100,102,33,34,138,44,34,44,42,0,44,42
131,132,118,134,145,33,42,98,100,102,33,34,138,44,34,44,42,0,44,42
131,132,118,134,145,33,42,98,100,102,33,34,138,44,34,44,42,0,44,42
134,145,118,147,148,33,42,111,110,102,33,34,152,44,34,44,42,0,44,42
134,145,118,147,148,33,42,111,110,102,33,34,152,44,34,44,42,0,44,42
134,145,118,147,148,33,46,111,110,102,33,34,152,48,34,48,46,0,48,46
134,145,118,147,148,33,46,111,110,102,33,34,152,48,34,48,46,0,48,46
134,145,118,147,148,33,46,111,110,102,33,34,152,48,34,48,46,0,48,46
134,145,118,147,148,33,46,111,110,102,33,34,152,48,34,48,46,0,48,46
134,145,138,147,148,33,46,111,110,114,33,34,152,48,34,48,46,0,48,46
147,148,138,152,154,33,46,111,110,114,33,34,152,48,34,48,46,0,48,46
147,148,138,152,154,33,46,111,110,114,33,34,152,48,34,48,46,0,48,46
147,148,138,152,154,33,46,111,110,114,33,34,152,48,34,48,46,0,48,46
147,148,138,152,154,33,46,111,110,114,33,34,152,48,34,48,46,0,48,46
147,148,138,152,154,33,46,121,124,114,33,34,166,48,34,48,46,0,48,46
147,148,138,152,154,36,46,121,124,114,36,36,166,48,36,48,46,0,48,46
147,148,138,152,154,36,46,121,124,114,36,36,166,48,36,48,46,0,48,46
152,154,138,160,164,37,46,121,124,114,37,37,166,48,37,48,46,0,48,46
152,154,138,160,164,37,46,121,124,114,37,37,166,48,37,48,46,0,48,46
152,154,138,160,164,38,46,121,124,114,38,38,166,48,38,48,46,0,48,46
152,154,138,160,164,38,46,121,124,114,38,38,166,48,38,48,46,0,48,46
152,154,138,160,164,41,49,121,124,125,41,41,166,53,41,53,49,0,53,49
152,154,138,160,164,41,49,121,124,125,41,41,166,53,41,53,49,0,53,49
152,154,138,160,164,43,49,121,124,125,43,42,166,53,42,53,49,0,53,49
160,164,138,167,171,43,49,121,124,125,43,42,166,53,42,53,49,0,53,49
160,164,138,167,171,44,49,131,132,125,44,42,171,53,42,53,49,0,53,49
160,164,138,167,171,44,49,131,132,125,44,42,171,53,42,53,49,0,53,49
160,164,138,167,171,44,49,131,132,125,44,42,171,53,42,53,49,0,53,49
160,164,138,167,171,44,49,131,132,125,44,42,171,53,42,53,49,0,53,49
160,164,138,167,171,44,49,131,132,125,44,42,171,53,42,53,49,0,53,49
160,164,138,167,171,44,49,131,132,125,44,42,171,53,42,53,49,0,53,49
167,171,166,173,175,44,49,131,132,125,44,42,171,53,42,53,49,0,53,49
167,171,166,173,175,44,49,131,132,125,44,42,171,53,42,53,49,0,53,49
167,171,166,173,175,44,49,131,132,134,44,42,171,53,42,53,49,0,53,49
167,171,166,173,175,44,49,131,132,134,44,42,171,53,42,53,49,0,53,49
167,171,166,173,175,44,49,131,132,134,44,42,171,53,42,53,49,0,53,49
167,171,166,173,175,44,49,147,145,134,44,42,178,53,42,53,49,0,53,49
167,171,166,173,175,44,54,147,145,134,44,42,178,56,42,56,54,0,56,54
173,175,166,176,178,44,54,147,145,134,44,42,178,56,42,56,54,0,56,54
173,175,166,176,178,44,54,147,145,134,44,43,178,56,43,56,54,0,56,54
173,175,166,176,178,44,54,147,145,134,44,43,178,56,43,56,54,0,56,54
173,175,166,176,178,45,54,147,145,134,45,45,178,56,45,56,54,0,56,54
173,175,166,176,178,45,54,147,145,134,45,45,178,56,45,56,54,0,56,54
173,175,166,176,178,48,54,147,145,134,48,46,178,56,46,56,54,0,56,54
173,175,166,176,178,48,54,147,145,134,48,46,178,56,46,56,54,0,56,54
176,178,166,190,191,48,54,147,145,148,48,46,178,56,46,56,54,0,56,54
176,178,166,190,191,48,54,147,145,148,48,46,178,56,46,56,54,0,56,54
176,178,166,190,191,48,54,160,164,148,48,46,183,56,46,56,54,0,56,54
176,178,166,190,191,48,54,160,164,148,48,46,183,56,46,56,54,0,56,54
176,178,166,190,191,48,54,160,164,148,48,46,183,56,46,56,54,0,56,54
176,178,166,190,191,48,54,160,164,148,48,46,183,56,46,56,54,0,56,54
176,178,166,190,191,48,54,160,164,148,48,46,183,56,46,56,54,0,56,54
190,191,166,196,200,48,54,160,164,148,48,46,183,56,46,56,54,0,56,54
190,191,183,196,200,48,57,160,164,148,48,46,183,62,46,62,57,0,62,57
190,191,183,196,200,48,57,160,164,148,48,46,183,62,46,62,57,0,62,57
190,191,183,196,200,48,57,160,164,148,48,46,183,62,46,62,57,0,62,57
190,191,183,196,200,48,57,160,164,148,48,46,183,62,46,62,57,0,62,57
190,191,183,196,200,48,57,160,164,167,48,46,183,62,46,62,57,0,62,57
190,191,183,196,200,48,57,173,175,167,48,46,218,62,46,62,57,0,62,57
196,200,183,201,202,50,57,173,175,167,50,49,218,62,49,62,57,0,62,57
196,200,183,201,202,50,57,173,175,167,50,49,218,62,49,62,57,0,62,57
196,200,183,201,202,51,57,173,175,167,51,49,218,62,49,62,57,0,62,57
196,200,183,201,202,51,57,173,175,167,51,49,218,62,49,62,57,0,62,57
196,200,183,201,202,53,57,173,175,167,53,49,218,62,49,62,57,0,62,57
196,200,183,201,202,53,57,173,175,167,53,49,218,62,49,62,57,0,62,57
196,200,183,201,202,53,57,173,175,167,53,49,218,62,49,62,57,0,62,57
201,202,183,218,224,53,57,173,175,167,53,49,218,62,49,62,57,0,62,57
201,202,183,218,224,53,57,173,175,167,53,49,218,62,49,62,57,0,62,57
201,202,183,218,224,53,57,173,175,167,53,49,218,62,49,62,57,0,62,57
201,202,183,218,224,53,65,190,191,176,53,49,225,67,49,67,65,0,67,65
201,202,183,218,224,53,65,190,191,176,53,49,225,67,49,67,65,0,67,65
201,202,183,218,224,53,65,190,191,176,53,49,225,67,49,67,65,0,67,65
201,202,183,218,224,53,65,190,191,176,53,49,225,67,49,67,65,0,67,65
218,224,183,232,234,53,65,190,191,176,53,49,225,67,49,67,65,0,67,65
218,224,183,232,234,53,65,190,191,176,53,49,225,67,49,67,65,0,67,65
218,224,225,232,234,53,65,190,191,176,53,50,225,67,50,67,65,0,67,65
218,224,225,232,234,53,65,190,191,176,53,50,225,67,50,67,65,0,67,65
218,224,225,232,234,53,65,190,191,176,53,51,225,67,51,67,65,0,67,65
218,224,225,232,234,53,65,190,191,176,53,51,225,67,51,67,65,0,67,65
218,224,225,232,234,56,65,190,191,176,56,54,225,67,54,67,65,0,67,65
232,234,225,235,243,56,65,201,200,196,56,54,256,67,54,67,65,0,67,65
232,234,225,235,243,56,65,201,200,196,56,54,256,67,54,67,65,0,67,65
232,234,225,235,243,56,65,201,200,196,56,54,256,67,54,67,65,0,67,65
232,234,225,235,243,56,65,201,200,196,56,54,256,67,54,67,65,0,67,65
232,234,225,235,243,56,65,201,200,196,56,54,256,67,54,67,65,0,67,65
232,234,225,235,243,56,76,201,200,196,56,54,256,77,54,77,76,0,77,76
232,234,225,235,243,56,76,201,200,196,56,54,256,77,54,77,76,0,77,76
235,243,225,246,247,56,76,201,200,196,56,54,256,77,54,77,76,0,77,76
235,243,225,246,247,56,76,201,200,196,56,54,256,77,54,77,76,0,77,76
235,243,225,246,247,56,76,201,200,196,56,54,256,77,54,77,76,0,77,76
235,243,225,246,247,56,76,201,200,196,56,54,256,77,54,77,76,0,77,76
235,243,225,246,247,56,76,232,224,202,56,54,261,77,54,77,76,0,77,76
235,243,225,246,247,56,76,232,224,202,56,54,261,77,54,77,76,0,77,76
235,243,225,246,247,56,76,232,224,202,56,54,261,77,54,77,76,0,77,76
246,247,225,261,263,56,76,232,224,202,56,54,261,77,54,77,76,0,77,76
246,247,225,261,263,58,76,232,224,202,58,57,261,77,57,77,76,0,77,76
246,247,225,261,263,58,76,232,224,202,58,57,261,77,57,77,76,0,77,76
246,247,256,261,263,59,76,232,224,202,59,57,261,77,57,77,76,0,77,76
246,247,256,261,263,59,76,232,224,202,59,57,261,77,57,77,76,0,77,76
246,247,256,261,263,61,76,232,224,202,61,57,261,77,57,77,76,0,77,76
246,247,256,261,263,61,76,232,224,202,61,57,261,77,57,77,76,0,77,76
261,263,256,265,266,62,78,232,224,202,62,57,261,80,57,80,78,0,80,78
261,263,256,265,266,62,78,246,243,234,62,57,274,80,57,80,78,0,80,78
261,263,256,265,266,62,78,246,243,234,62,57,274,80,57,80,78,0,80,78
261,263,256,265,266,62,78,246,243,234,62,57,274,80,57,80,78,0,80,78
261,263,256,265,266,62,78,246,243,234,62,57,274,80,57,80,78,0,80,78
261,263,256,265,266,62,78,246,243,234,62,57,274,80,57,80,78,0,80,78
261,263,256,265,266,62,78,246,243,234,62,57,274,80,57,80,78,0,80,78
265,266,256,274,281,62,78,246,243,234,62,57,274,80,57,80,78,0,80,78
265,266,256,274,281,62,78,246,243,234,62,57,274,80,57,80,78,0,80,78
265,266,256,274,281,62,78,246,243,234,62,57,274,80,57,80,78,0,80,78
265,266,256,274,281,62,78,246,243,234,62,58,274,80,58,80,78,0,80,78
265,266,256,274,281,62,78,246,243,234,62,58,274,80,58,80,78,0,80,78
265,266,256,274,281,62,78,265,263,247,62,59,286,80,59,80,78,0,80,78
265,266,256,274,281,62,78,265,263,247,62,59,286,80,59,80,78,0,80,78
274,281,256,282,284,62,78,265,263,247,62,61,286,80,61,80,78,0,80,78
274,281,256,282,284,62,78,265,263,247,62,61,286,80,61,80,78,0,80,78
274,281,256,282,284,63,82,265,263,247,63,63,286,83,63,83,82,0,83,82
274,281,256,282,284,63,82,265,263,247,63,63,286,83,63,83,82,0,83,82
274,281,286,282,284,64,82,265,263,247,64,64,286,83,64,83,82,0,83,82
274,281,286,282,284,64,82,265,263,247,64,64,286,83,64,83,82,0,83,82
274,281,286,282,284,67,82,265,263,247,67,65,286,83,65,83,82,0,83,82
282,284,286,289,292,67,82,265,263,247,67,65,286,83,65,83,82,0,83,82
282,284,286,289,292,67,82,265,263,247,67,65,286,83,65,83,82,0,83,82
282,284,286,289,292,67,82,282,281,266,67,65,297,83,65,83,82,0,83,82
282,284,286,289,292,67,82,282,281,266,67,65,297,83,65,83,82,0,83,82
282,284,286,289,292,67,82,282,281,266,67,65,297,83,65,83,82,0,83,82
282,284,286,289,292,67,82,282,281,266,67,65,297,83,65,83,82,0,83,82
282,284,286,289,292,67,82,282,281,266,67,65,297,83,65,83,82,0,83,82
289,292,286,293,297,67,82,282,281,266,67,65,297,83,65,83,82,0,83,82
289,292,286,293,297,67,82,282,281,266,67,65,297,83,65,83,82,0,83,82
289,292,286,293,297,67,82,282,281,266,67,65,297,83,65,83,82,0,83,82
289,292,286,293,297,67,82,282,281,266,67,65,297,83,65,83,82,0,83,82
289,292,286,293,297,67,84,282,281,266,67,65,297,87,65,87,84,0,87,84
289,292,286,293,297,67,84,282,281,266,67,65,297,87,65,87,84,0,87,84
289,292,286,293,297,67,84,289,292,284,67,65,303,87,65,87,84,0,87,84
293,297,286,300,302,67,84,289,292,284,67,65,303,87,65,87,84,0,87,84
293,297,286,300,302,68,84,289,292,284,68,68,303,87,68,87,84,0,87,84
293,297,286,300,302,68,84,289,292,284,68,68,303,87,68,87,84,0,87,84
293,297,286,300,302,73,84,289,292,284,73,73,303,87,73,87,84,0,87,84
293,297,303,300,302,73,84,289,292,284,73,73,303,87,73,87,84,0,87,84
293,297,303,300,302,77,84,289,292,284,77,76,303,87,76,87,84,0,87,84
293,297,303,300,302,77,84,289,292,284,77,76,303,87,76,87,84,0,87,84
300,302,303,304,307,77,84,289,292,284,77,76,303,87,76,87,84,0,87,84
300,302,303,304,307,77,84,289,292,284,77,76,303,87,76,87,84,0,87,84
300,302,303,304,307,77,84,289,292,284,77,76,303,87,76,87,84,0,87,84
300,302,303,304,307,77,84,300,302,293,77,76,319,87,76,87,84,0,87,84
300,302,303,304,307,77,84,300,302,293,77,76,319,87,76,87,84,0,87,84
300,302,303,304,307,77,84,300,302,293,77,76,319,87,76,87,84,0,87,84
304,302,303,304,307,77,88,300,302,293,77,76,319,89,76,89,88,0,89,88
304,307,303,309,315,77,88,300,302,293,77,76,319,89,76,89,88,0,89,88
304,307,303,309,315,77,88,300,302,293,77,76,319,89,76,89,88,0,89,88
304,307,303,309,315,77,88,300,302,293,77,76,319,89,76,89,88,0,89,88
304,307,303,309,315,77,88,300,302,293,77,76,319,89,76,89,88,0,89,88
304,307,303,309,315,77,88,300,302,293,77,76,319,89,76,89,88,0,89,88
309,307,303,309,315,77,88,300,302,293,77,76,319,89,76,89,88,0,89,88
309,307,303,309,315,77,88,300,302,293,77,76,319,89,76,89,88,0,89,88
309,315,303,318,319,79,88,309,315,304,79,78,320,89,78,89,88,0,89,88
309,315,303,318,319,79,88,309,315,304,79,78,320,89,78,89,88,0,89,88
309,315,303,318,319,80,88,309,315,304,80,78,320,89,78,89,88,0,89,88
309,315,303,318,319,80,88,309,315,304,80,78,320,89,78,89,88,0,89,88
318,315,320,318,319,80,88,309,315,304,80,78,320,89,78,89,88,0,89,88
318,315,320,318,319,80,88,309,315,304,80,78,320,89,78,89,88,0,89,88
318,315,320,318,319,80,88,309,315,304,80,78,320,89,78,89,88,0,89,88
318,319,320,323,329,80,88,309,315,304,80,78,320,89,78,89,88,0,89,88
318,319,320,323,329,80,91,309,315,304,80,78,320,93,78,93,91,0,93,91
318,319,320,323,329,80,91,309,315,304,80,78,320,93,78,93,91,0,93,91
323,319,320,323,329,80,91,309,315,304,80,78,320,93,78,93,91,0,93,91
323,319,320,323,329,80,91,323,329,318,80,78,332,93,78,93,91,0,93,91
323,319,320,323,329,80,91,323,329,318,80,78,332,93,78,93,91,0,93,91
323,319,320,323,329,80,91,323,329,318,80,78,332,93,78,93,91,0,93,91
323,329,320,331,332,80,91,323,329,318,80,78,332,93,78,93,91,0,93,91
323,329,320,331,332,80,91,323,329,318,80,78,332,93,78,93,91,0,93,91
331,329,320,331,332,80,91,323,329,318,80,79,332,93,79,93,91,0,93,91
331,329,320,331,332,80,91,323,329,318,80,79,332,93,79,93,91,0,93,91
331,329,320,331,332,83,91,323,329,318,83,82,332,93,82,93,91,0,93,91
331,329,320,331,332,83,91,323,329,318,83,82,332,93,82,93,91,0,93,91
331,329,320,331,332,83,91,323,329,318,83,82,332,93,82,93,91,0,93,91
331,332,320,333,335,83,91,323,329,318,83,82,332,93,82,93,91,0,93,91
333,332,320,333,335,83,91,333,335,331,83,82,338,93,82,93,91,0,93,91
333,332,320,333,335,83,91,333,335,331,83,82,338,93,82,93,91,0,93,91
333,332,320,333,335,83,17,333,335,331,83,82,338,30,82,0,0,0,0,0
333,332,338,333,335,83,17,333,335,331,83,82,338,30,82,0,0,0,0,0
333,332,338,333,335,83,17,333,335,331,83,82,338,30,82,0,0,0,0,0
333,332,338,333,335,83,17,333,335,331,83,82,338,30,82,0,0,0,0,0
336,335,338,336,339,83,27,333,335,331,83,82,338,30,82,0,0,0,0,0
336,335,338,336,339,83,27,333,335,331,83,82,338,30,82,0,0,0,0,0
336,335,338,336,339,83,27,333,335,331,83,82,338,30,82,0,0,0,0,0
336,335,338,336,339,83,27,333,335,331,83,82,338,30,82,0,0,0,0,0
336,335,338,336,339,83,52,333,335,331,83,82,338,30,82,0,0,0,0,0
336,335,338,336,339,83,52,342,339,336,83,82,347,30,82,0,0,0,0,0
342,339,338,342,339,87,52,342,339,336,87,84,347,30,84,0,0,0,0,0
342,339,338,342,346,87,52,342,339,336,87,84,347,52,84,0,0,0,0,0
342,339,338,342,346,87,70,342,339,336,87,84,347,52,84,0,0,0,0,0
342,339,338,342,346,87,70,342,339,336,87,84,347,52,84,0,0,0,0,0
342,339,338,342,346,87,70,342,339,336,87,84,347,52,84,0,0,0,0,0
342,339,338,342,346,87,70,342,339,336,87,84,347,52,84,0,0,0,0,0
347,346,338,347,346,87,118,342,339,336,87,84,347,52,84,0,0,0,0,0
347,346,338,347,346,87,118,342,339,336,87,84,347,52,84,0,0,0,0,0
347,346,338,347,348,87,118,342,339,336,87,84,347,52,84,0,0,0,0,0
347,346,338,347,348,87,118,342,339,336,87,84,347,52,84,0,0,0,0,0
347,346,338,347,348,87,138,350,348,346,87,84,358,52,84,0,0,0,0,0
347,346,338,347,348,87,138,350,348,346,87,84,358,52,84,0,0,0,0,0
350,348,357,350,348,87,138,350,348,346,87,84,358,154,84,0,0,0,0,0
350,348,357,350,348,87,138,350,348,346,87,84,358,154,84,0,0,0,0,0
350,348,357,350,348,87,166,350,348,346,87,84,358,154,84,0,0,0,0,0
350,348,357,350,356,87,166,350,348,346,87,84,358,154,84,0,0,0,0,0
350,348,357,350,356,89,166,350,348,346,89,88,358,154,88,0,0,0,0,0
350,348,357,350,356,89,166,350,348,346,89,88,358,154,88,0,0,0,0,0
358,356,357,358,356,89,183,350,348,346,89,88,358,154,88,0,0,0,0,0
358,356,357,358,356,89,183,350,348,346,89,88,358,154,88,0,0,0,0,0
358,356,357,358,356,89,183,350,348,346,89,88,358,154,88,0,0,0,0,0
358,356,357,358,356,89,183,361,360,356,89,88,364,154,88,0,0,0,0,0
358,356,357,358,360,89,225,361,360,356,89,88,364,154,88,0,0,0,0,0
358,356,357,358,360,89,225,361,360,356,89,88,364,235,88,0,0,0,0,0
361,360,357,361,360,89,225,361,360,356,89,88,364,235,88,0,0,0,0,0
361,360,357,361,360,89,225,361,360,356,89,88,364,235,88,0,0,0,0,0
361,360,357,361,360,89,256,361,360,356,89,88,364,235,88,0,0,0,0,0
361,360,357,361,360,89,256,361,360,356,89,88,364,235,88,0,0,0,0,0
361,360,357,361,360,89,256,361,360,356,89,88,364,235,88,0,0,0,0,0
361,360,357,361,363,89,256,361,360,356,89,88,364,235,88,0,0,0,0,0
364,363,357,364,363,89,286,361,360,356,89,88,364,235,88,0,0,0,0,0
364,363,357,364,363,89,286,361,360,356,89,88,364,235,88,0,0,0,0,0
364,363,357,364,363,90,286,369,376,363,90,90,367,235,90,0,0,0,0,0
364,363,382,364,363,90,286,369,376,363,90,90,367,235,90,0,0,0,0,0
364,363,382,364,363,93,303,369,376,363,93,91,367,307,91,0,0,0,0,0
364,363,382,364,363,93,303,369,376,363,93,91,367,307,91,0,0,0,0,0
369,367,382,369,367,93,303,369,376,363,93,91,367,307,91,0,0,0,0,0
369,367,382,369,367,93,303,369,376,363,93,91,367,307,91,0,0,0,0,0
369,367,382,369,367,93,320,369,376,363,93,91,367,307,91,0,0,0,0,0
369,367,382,369,367,93,320,369,376,363,93,91,367,307,91,0,0,0,0,0
369,367,382,369,367,93,320,369,376,363,93,91,367,307,91,0,0,0,0,0
369,367,382,369,367,93,320,369,376,363,93,91,367,307,91,0,0,0,0,0
385,376,382,385,376,93,338,369,376,363,93,91,367,307,91,0,0,0,0,0
385,376,382,385,376,93,338,392,391,385,93,91,382,307,91,0,0,0,0,0
385,376,382,385,376,93,338,392,391,385,93,91,382,357,91,0,0,0,0,0
385,376,382,385,376,93,338,392,391,385,93,91,382,357,91,0,0,0,0,0
385,376,382,385,376,93,357,392,391,385,93,91,382,357,91,0,0,0,0,0
385,376,382,385,376,93,357,392,391,385,93,91,382,357,91,0,0,0,0,0
392,391,382,392,391,93,357,392,391,385,93,91,382,357,91,0,0,0,0,0
392,391,382,392,391,93,357,392,391,385,93,91,382,357,91,0,0,0,0,0
392,391,382,392,391,12,382,392,391,385,17,20,382,357,0,0,0,0,0,0
392,391,382,392,391,12,382,392,391,385,17,20,382,357,0,0,0,0,0,0
392,391,382,392,391,35,382,392,391,385,71,72,382,357,0,0,0,0,0,0
392,391,382,392,391,47,382,392,391,385,71,72,382,357,0,0,0,0,0,0