57,282,577,57,227,636,0,722,271,202,773,0,636,620,0,0,442,315,722,0
57,282,577,57,227,636,0,722,271,202,773,0,636,620,0,0,442,315,722,0
57,282,577,57,471,636,692,723,414,781,773,0,636,681,202,0,615,315,723,209
57,282,577,57,471,636,692,723,414,781,773,0,636,681,202,0,615,315,723,209
148,282,577,148,378,636,733,724,125,754,773,0,636,722,315,209,660,315,725,0
148,282,577,148,378,636,733,724,125,754,773,0,636,722,315,209,660,315,725,0
148,282,577,148,722,636,745,725,716,565,773,0,636,724,315,0,527,315,730,245
148,282,577,148,722,636,745,725,716,565,773,0,636,724,315,0,527,315,730,245
154,282,577,154,697,636,0,754,423,569,773,0,636,725,315,0,588,315,731,245
154,282,577,154,697,636,0,754,423,569,773,0,636,725,315,0,588,315,731,245
154,282,577,154,363,636,390,764,615,788,773,315,636,726,315,520,616,315,733,245
154,282,577,154,363,636,390,764,615,788,773,315,636,726,315,520,616,315,733,245
167,282,577,167,532,636,391,781,720,582,773,315,636,726,315,723,780,315,743,245
167,282,577,167,532,636,391,781,720,582,773,315,636,726,315,723,780,315,743,245
167,282,577,167,720,636,747,769,753,619,773,315,636,726,315,724,363,315,0,245
167,282,577,167,720,636,747,769,753,619,773,315,636,726,315,724,363,315,0,245
171,282,577,171,646,137,0,624,598,629,726,315,0,726,315,726,664,202,659,245
171,282,577,171,646,137,0,624,598,629,726,315,0,726,315,726,664,202,659,245
171,282,577,171,776,137,448,664,554,643,726,315,0,726,315,726,703,525,0,245
171,282,577,171,776,137,448,664,554,643,726,315,0,726,315,726,703,525,0,245
198,282,577,198,74,137,471,673,385,687,726,315,253,726,731,726,0,525,342,245
198,282,577,198,74,137,471,673,385,687,726,315,253,726,731,726,0,525,342,245
198,282,577,198,459,137,683,698,608,709,726,315,0,726,781,726,617,525,530,0
198,282,577,198,459,137,683,698,608,709,726,315,0,726,781,726,617,525,530,0
241,282,577,241,698,137,697,378,651,759,726,315,742,726,0,726,0,525,747,739
241,282,577,241,698,137,697,378,651,759,726,315,742,726,0,726,0,525,747,739
241,282,577,241,321,137,735,384,560,102,726,0,753,664,0,726,342,525,0,0
241,282,577,241,321,137,735,384,560,102,726,0,753,664,0,726,342,525,0,0
247,282,577,247,709,137,752,384,786,102,726,0,762,665,0,726,0,525,535,615
247,282,577,247,709,137,752,384,786,102,726,0,762,665,0,726,0,525,535,615
247,282,577,247,723,137,0,384,74,102,726,0,762,0,0,726,366,525,0,0
247,282,577,247,723,137,0,384,74,102,726,0,762,0,0,726,366,525,0,0
256,282,577,256,125,648,535,384,77,102,138,160,762,0,137,0,0,525,532,390
256,282,577,256,125,648,535,384,77,102,138,160,762,0,137,0,0,525,532,390
256,282,577,256,423,649,757,384,77,102,138,160,762,672,137,448,446,696,0,391
256,282,577,256,423,649,757,384,77,102,138,160,762,672,137,448,446,696,0,391
276,282,577,276,724,650,0,384,77,102,138,160,762,683,137,673,0,696,74,616
276,375,577,276,724,650,0,384,77,102,138,160,762,683,137,673,0,696,74,616
276,375,577,276,598,758,546,384,77,102,138,160,762,0,137,0,74,696,0,0
276,375,577,276,598,758,546,384,77,102,138,160,762,0,137,0,74,696,0,0
281,375,577,281,771,717,567,384,77,102,138,160,762,0,137,0,385,696,639,448
281,375,577,281,771,717,567,384,77,102,138,160,762,0,137,0,385,696,639,448
281,375,577,281,0,717,0,704,77,760,138,160,762,567,137,123,622,696,709,0
281,375,577,281,0,717,0,704,77,760,138,160,762,567,137,123,622,696,709,0
305,375,577,305,185,717,616,329,77,185,138,160,0,0,137,123,623,696,0,459
305,375,577,305,185,717,616,329,77,185,138,160,0,0,137,123,623,696,0,459
305,375,577,305,271,717,621,57,77,209,138,160,0,574,137,123,623,696,385,499
305,375,577,305,271,717,621,57,77,209,138,160,0,574,137,123,623,696,385,499
316,375,577,316,594,372,730,57,484,772,123,0,0,0,299,123,623,696,0,0
316,375,577,316,594,372,730,57,484,772,123,0,0,0,299,123,623,696,0,0
316,375,577,316,202,372,738,639,503,574,123,623,0,0,299,123,623,0,461,619
316,375,577,316,202,372,738,639,503,574,123,623,0,0,299,123,623,0,461,619
328,375,577,328,546,372,771,665,366,783,123,623,0,600,299,123,623,125,484,0
328,375,714,328,546,372,771,665,366,783,123,623,0,600,299,123,623,125,484,0
328,375,714,328,535,372,0,674,387,581,123,623,0,0,299,123,623,0,704,102
328,375,714,328,535,372,0,674,387,581,123,623,0,0,299,123,623,0,704,102
340,375,714,340,582,372,418,676,407,0,123,623,679,626,299,123,623,0,0,102
340,375,714,340,582,372,418,676,407,0,123,623,679,626,299,123,623,0,0,102
340,375,714,340,366,372,776,793,790,600,123,623,679,709,299,499,623,0,641,102
340,375,714,340,366,372,776,793,790,600,123,623,679,709,299,499,623,0,641,102
345,375,714,345,442,372,0,148,621,620,123,623,679,0,299,683,0,0,0,102
345,375,714,345,442,372,0,148,621,620,123,623,679,0,299,683,0,0,0,102
345,375,714,345,600,372,739,148,782,0,123,623,679,0,299,0,619,271,185,102
345,375,714,345,600,372,739,148,782,0,123,623,679,0,299,0,619,271,185,102
346,375,714,346,342,245,778,299,138,648,0,623,679,102,102,0,0,0,778,102
346,375,714,346,342,245,778,299,138,648,0,623,679,102,102,0,0,0,778,102
346,375,714,346,672,245,0,299,138,704,0,0,679,102,102,102,387,77,0,102
346,375,714,346,672,245,0,299,138,704,0,0,679,102,102,102,387,77,0,102
350,375,714,350,664,245,242,299,138,731,0,0,679,102,102,102,414,77,363,102
350,375,714,350,664,245,242,299,138,731,0,0,679,102,102,102,414,77,363,102
350,375,714,350,563,245,779,299,138,793,0,0,679,102,102,102,493,77,387,384
350,375,714,350,563,245,779,299,138,793,0,0,679,102,102,102,493,77,387,384
351,375,714,351,242,245,0,299,138,751,0,0,0,102,102,102,0,77,0,384
351,375,714,351,242,245,0,299,138,751,0,0,0,102,102,102,0,77,0,384
351,403,714,351,209,245,123,299,138,416,0,0,0,102,102,102,125,77,493,384
351,403,714,351,209,245,123,299,138,416,0,0,0,102,102,102,125,77,493,384
364,403,714,364,780,245,123,299,138,659,0,0,0,102,102,102,0,77,781,384
364,403,714,364,780,245,123,299,138,659,0,0,0,102,102,102,0,77,781,384
364,403,714,364,658,245,123,299,138,743,0,0,0,102,102,102,377,77,0,384
364,403,714,364,658,245,123,299,138,743,0,0,0,102,102,102,377,77,0,384
371,403,714,371,703,560,123,784,530,714,762,77,77,77,384,102,377,77,624,384
371,403,714,371,703,560,123,784,530,714,762,77,77,77,384,102,377,77,624,384
371,403,714,371,659,645,123,642,568,162,762,77,77,77,384,623,377,579,642,384
380,403,714,380,659,645,123,642,568,162,762,77,77,77,384,623,377,579,642,384
380,403,714,380,484,651,123,785,508,162,762,77,77,77,384,623,377,579,0,384
380,403,714,380,484,651,123,785,508,162,762,77,77,77,384,623,377,579,0,384
398,403,714,398,642,760,123,677,227,162,762,77,77,77,384,623,377,579,137,407
398,403,714,398,642,760,123,677,227,162,762,77,77,77,384,623,377,579,137,407
398,403,714,398,385,760,123,276,228,162,762,77,77,77,384,623,377,579,137,409
399,403,714,399,385,760,123,276,228,162,762,77,77,77,384,623,377,579,137,409
399,403,714,399,778,760,172,276,228,162,762,77,77,77,384,623,377,579,137,621
399,403,714,399,778,760,172,276,228,162,762,77,77,77,384,623,377,579,137,621
408,403,714,408,253,760,172,610,228,162,762,77,77,77,384,623,377,579,137,0
408,403,714,408,253,760,172,610,228,162,762,77,77,77,384,623,377,579,137,0
408,403,714,408,565,760,172,645,228,162,762,77,77,77,384,623,271,579,137,418
417,403,714,417,565,760,172,645,228,162,762,77,77,77,384,623,271,579,137,418
417,403,714,417,786,413,172,787,228,162,0,372,579,0,764,623,0,579,137,735
417,403,714,417,786,413,172,787,228,162,0,372,579,0,764,623,0,579,137,735
422,403,714,422,752,413,172,681,228,377,0,372,579,172,771,629,372,162,137,0
422,403,714,422,752,413,172,681,228,377,0,372,579,172,771,629,372,162,137,0
422,403,714,422,407,413,172,789,228,377,323,372,579,172,778,643,372,162,137,0
450,403,714,450,407,413,172,789,228,377,323,372,579,172,778,643,372,162,137,0
450,403,714,450,300,413,172,160,228,377,323,372,579,172,788,651,372,162,622,626
450,403,714,450,300,413,172,160,228,377,323,372,579,172,788,651,372,162,622,626
464,403,714,464,725,413,172,160,626,377,323,372,579,172,0,659,372,162,623,0
464,403,714,464,725,413,172,160,626,377,323,372,579,172,0,659,372,162,623,0
464,403,715,464,306,413,686,160,253,377,323,372,579,172,0,743,372,162,623,372
466,403,715,466,306,413,686,160,253,377,323,372,579,172,0,743,372,162,623,372
466,403,715,466,503,413,687,160,300,377,323,372,579,172,0,0,372,162,623,372
466,403,715,466,503,413,687,160,300,377,323,372,579,172,0,0,372,162,623,372
468,403,715,468,527,413,688,160,510,377,323,372,579,172,0,0,372,162,623,372
468,529,715,468,527,413,688,160,510,377,323,372,579,172,0,0,372,162,623,372
468,529,715,468,567,249,689,160,306,377,323,349,764,172,372,0,372,162,623,372
475,529,715,475,567,249,689,160,306,377,323,349,764,172,372,0,372,162,623,372
475,529,715,475,616,249,703,160,627,218,323,349,0,0,372,162,378,138,623,372
475,529,715,475,616,249,703,160,627,218,323,349,0,0,372,162,378,138,623,372
478,529,715,478,329,249,0,160,342,218,227,349,0,0,372,162,0,138,623,372
478,529,715,478,329,249,0,160,342,218,227,349,0,0,372,162,0,138,623,372
478,529,715,478,568,249,790,193,632,218,228,349,0,228,372,162,416,138,623,372
480,529,715,480,568,249,790,193,632,218,228,349,0,228,372,162,416,138,623,372
480,529,715,480,446,249,0,193,689,218,228,349,0,228,372,162,503,138,0,372
480,529,715,480,446,249,0,193,689,218,228,349,0,228,372,162,503,138,0,372
485,529,715,485,387,249,442,193,363,218,228,349,0,228,372,162,0,138,162,627
485,529,715,485,387,249,442,193,363,218,228,349,0,228,372,162,0,138,162,627
485,529,715,485,588,249,446,193,532,218,228,349,0,228,372,162,321,138,162,0
495,529,715,495,588,249,446,193,532,218,228,349,0,228,372,162,321,138,162,0
495,529,715,495,688,249,0,193,657,218,228,349,0,228,372,162,329,138,162,137
495,529,715,495,688,249,0,193,657,218,228,349,0,228,372,162,329,138,162,137
496,529,715,496,530,0,588,193,657,218,228,242,138,228,636,162,730,138,162,137
496,529,715,496,530,0,588,193,657,218,228,242,138,228,636,162,730,138,162,137
496,529,715,496,569,554,594,193,657,773,228,0,138,228,636,648,0,123,162,137
501,529,715,501,569,554,594,193,657,773,228,0,138,228,636,648,0,123,162,137
501,529,715,501,390,694,595,193,657,773,228,0,138,228,636,649,418,123,162,137
501,529,715,501,390,694,595,193,657,773,228,0,138,228,636,649,418,123,162,137
511,529,715,511,391,716,595,316,657,773,299,0,138,299,636,658,508,123,162,137
511,529,715,511,391,716,595,316,657,773,299,0,138,299,636,658,508,123,162,137
511,529,715,511,639,718,595,316,657,773,299,0,138,299,636,660,0,123,162,137
512,529,715,512,639,718,595,316,657,773,299,0,138,299,636,660,0,123,162,137
512,529,715,512,409,718,595,563,657,773,299,0,138,299,636,747,242,123,227,137
512,529,715,512,409,718,595,563,657,773,299,0,138,299,636,747,242,123,227,137
514,529,715,514,615,718,595,617,657,773,299,0,138,299,636,773,621,123,610,137
514,529,715,514,615,718,595,617,657,773,299,0,138,299,636,773,621,123,610,137
514,529,715,514,414,718,595,650,641,773,299,0,138,299,636,773,771,123,620,315
515,529,715,515,414,718,595,650,641,773,299,0,138,299,636,773,771,123,620,315
515,529,715,515,416,718,595,672,516,773,299,137,123,299,228,773,0,123,632,315
515,529,715,515,416,718,595,672,516,773,299,137,123,299,228,773,0,123,632,315
518,529,715,518,418,718,595,684,516,690,299,137,123,299,228,773,390,172,643,315
518,529,715,518,418,718,595,684,516,690,299,137,123,299,228,773,390,172,643,315
518,531,715,518,706,718,0,791,516,745,299,137,123,299,228,773,423,172,0,315
522,531,715,522,706,718,0,791,516,745,299,137,123,299,228,773,423,172,0,315
522,531,715,522,665,718,685,321,516,715,648,137,123,608,228,773,776,172,299,315
522,531,715,522,665,718,685,321,516,715,648,137,123,608,228,773,776,172,299,315
526,531,715,526,779,715,706,792,516,409,650,137,123,627,228,773,0,172,299,315
526,531,715,526,779,715,706,792,516,409,650,137,123,627,228,773,0,172,299,315
526,531,715,526,608,715,741,323,516,674,696,137,123,786,228,773,160,172,299,315
544,531,715,544,608,715,741,323,516,674,696,137,123,786,228,773,160,172,299,315
544,531,715,544,448,715,0,323,516,676,696,137,123,0,228,786,160,172,299,315
544,531,715,544,448,715,0,323,516,676,696,137,123,0,228,786,160,172,299,315
549,531,715,549,610,715,0,323,516,677,696,137,123,0,228,0,160,172,299,629
549,531,717,549,610,715,0,323,516,677,696,137,123,0,228,0,160,172,299,629
549,531,717,549,520,451,459,323,646,679,696,561,160,138,581,0,160,172,299,0
562,531,717,562,520,451,459,323,646,679,696,561,160,138,581,0,160,172,299,0
562,531,717,562,757,451,499,323,649,679,696,561,160,138,582,0,160,0,299,300
562,531,717,562,757,451,499,323,649,679,696,561,160,138,582,0,160,0,299,300
571,531,717,571,617,451,622,323,735,679,696,561,160,138,595,185,160,0,299,423
571,531,717,571,617,451,622,323,735,679,696,561,160,138,595,185,160,0,299,423
571,531,717,571,458,451,623,323,683,679,696,561,160,138,595,0,160,0,646,0
575,531,717,575,458,451,623,323,683,679,696,561,160,138,595,0,160,0,646,0
575,531,717,575,461,451,623,323,685,679,696,561,160,138,595,525,160,0,0,581
575,531,717,575,461,451,623,323,685,679,696,561,160,138,595,525,160,0,0,581
580,531,717,580,574,451,623,694,686,679,561,561,160,138,595,525,0,253,160,582
580,531,717,580,574,451,623,694,686,679,561,561,160,138,595,525,0,253,160,582
580,531,717,580,619,451,623,0,739,679,561,561,160,138,595,525,172,773,160,588
584,531,717,584,619,451,623,0,739,679,561,561,160,138,595,525,172,773,160,588
584,531,717,584,493,451,623,458,742,679,561,561,160,138,595,525,172,773,160,0
584,531,717,584,493,451,623,458,742,679,561,561,160,138,595,525,172,773,160,0
585,531,717,585,622,0,623,667,758,0,561,172,696,649,595,525,172,773,160,0
585,531,717,585,622,0,623,667,758,0,561,172,696,649,595,525,172,773,160,0
585,531,717,585,673,581,623,461,167,349,561,172,696,650,595,525,172,773,160,630
593,531,717,593,673,581,623,461,167,349,561,172,696,650,595,525,172,773,160,630
593,531,717,593,499,764,623,0,167,349,561,172,696,651,686,525,172,773,160,0
593,531,717,593,499,764,623,0,167,349,561,172,696,651,686,525,172,773,160,0
597,531,717,597,508,759,742,493,171,349,561,172,696,696,687,525,172,773,160,461
597,531,717,597,508,759,742,493,171,349,561,172,696,696,687,525,172,773,160,461
597,531,717,597,624,759,0,380,171,349,561,172,696,696,754,0,172,773,160,510
599,543,717,599,624,759,0,380,171,349,561,172,696,696,754,0,172,773,160,510
599,543,717,599,510,759,0,380,198,349,0,172,696,696,0,0,172,773,754,632
599,543,717,599,510,759,0,380,198,349,0,172,696,696,0,0,172,773,754,632
601,543,717,601,630,759,315,620,198,349,0,172,696,696,0,377,300,762,0,686
601,543,717,601,630,759,315,620,198,349,0,172,696,696,0,377,300,762,0,686
601,543,717,601,641,759,315,658,241,349,0,172,696,696,0,377,0,762,366,688
602,543,717,602,641,759,315,658,241,349,0,172,696,696,0,377,0,762,366,688
602,543,717,602,643,759,315,780,241,349,0,193,162,696,0,377,306,762,0,690
602,543,717,602,643,759,315,780,241,349,0,193,162,696,0,377,306,762,0,690
609,543,717,609,660,759,315,399,247,525,0,193,162,696,0,377,630,762,560,692
609,543,717,609,660,759,315,399,247,525,0,193,162,696,0,377,630,762,560,692
609,543,717,609,730,753,315,399,247,525,0,193,162,696,525,377,0,762,561,697
611,543,717,611,730,753,315,399,247,525,0,193,162,696,525,377,0,762,561,697
611,543,717,611,681,783,315,726,256,525,193,193,162,773,525,377,391,762,561,698
611,543,717,611,681,783,315,726,256,525,193,193,162,773,525,377,391,762,561,698
612,543,717,612,684,783,315,726,256,525,193,193,162,773,525,377,0,762,561,703
612,543,717,612,684,783,315,726,256,525,193,193,162,773,525,377,0,762,561,703
612,543,717,612,692,783,315,726,305,525,193,193,162,773,525,377,530,762,561,706
613,543,717,613,692,783,315,726,305,525,193,193,162,773,525,377,530,762,561,706
613,543,717,613,733,783,339,726,305,525,193,193,162,773,525,378,546,665,561,741
613,543,717,613,733,783,339,726,305,525,193,193,162,773,525,378,546,665,561,741
625,543,717,625,738,783,339,726,328,525,193,193,162,773,525,384,788,677,561,0
625,543,717,625,738,783,339,726,328,525,193,193,162,773,525,384,788,677,561,0
625,543,717,625,741,561,339,726,328,525,193,339,193,773,525,384,0,685,561,414
631,543,717,631,741,561,339,726,328,525,193,339,193,773,525,384,0,685,561,414
631,543,717,631,747,561,339,726,340,154,193,339,193,773,525,384,681,0,561,0
631,543,717,631,747,561,339,726,340,154,193,339,193,773,525,384,681,0,561,0
635,543,759,635,788,561,339,726,340,154,193,339,193,773,676,384,0,0,720,0
635,543,759,635,788,561,339,726,340,154,193,339,193,773,676,384,0,0,720,0
635,543,759,635,282,561,339,417,350,154,718,339,193,377,689,384,0,0,758,471
638,543,759,638,282,561,339,417,350,154,718,339,193,377,689,384,0,0,758,471
638,543,759,638,282,561,339,417,350,281,718,339,193,377,776,384,560,0,0,574
638,543,759,638,282,561,339,417,350,281,718,339,193,377,776,384,560,0,0,574
640,543,759,640,282,561,339,422,351,281,718,339,193,377,779,384,561,0,377,636
640,543,759,640,282,561,339,422,351,281,718,339,193,377,779,384,561,0,377,636
640,543,759,640,282,561,0,422,351,281,718,339,193,377,0,384,561,657,377,636
654,543,759,654,282,561,0,422,351,281,718,339,193,377,0,384,561,657,377,636
654,545,759,654,282,561,520,464,364,282,718,339,193,377,0,0,561,657,377,636
654,545,759,654,282,561,520,464,364,282,718,339,193,377,0,0,561,657,377,636
655,545,759,655,282,579,527,464,364,282,718,765,516,377,0,0,561,657,377,636
655,545,759,655,282,579,527,464,364,282,718,765,516,377,0,0,561,657,377,636
655,545,759,655,282,579,0,466,371,282,718,765,516,377,0,193,561,657,377,636
661,545,759,661,282,579,0,466,371,282,718,765,516,377,0,193,561,657,377,636
661,545,759,661,282,579,626,466,371,345,718,765,516,377,0,193,561,657,377,636
661,545,759,661,282,579,626,466,371,345,718,765,516,377,0,193,561,657,377,636
667,545,759,667,375,579,627,468,398,345,218,765,516,0,690,193,561,657,377,636
667,545,759,667,375,579,627,468,398,345,218,765,516,0,690,193,561,657,377,636
667,545,759,667,375,579,629,468,398,345,218,765,516,0,780,193,561,657,377,636
669,545,759,669,375,579,629,468,398,345,218,765,516,0,780,193,561,657,377,636
669,545,759,669,375,579,630,475,403,346,218,765,516,508,0,193,687,657,674,742
669,545,759,669,375,579,630,475,403,346,218,765,516,508,0,193,687,657,674,742
670,545,759,670,375,579,632,475,403,346,218,765,516,0,0,193,688,0,790,0
670,545,759,670,375,579,632,475,403,346,218,765,516,0,0,193,688,0,790,0
670,545,759,670,375,579,0,496,480,346,218,765,516,720,0,193,689,0,0,442
678,545,759,678,375,579,0,496,480,346,218,765,516,720,0,193,689,0,0,442
678,545,759,678,375,696,660,496,480,375,218,245,657,790,0,193,692,0,503,446
678,545,759,678,375,696,660,496,480,375,218,245,657,790,0,193,692,0,503,446
691,545,759,691,375,696,690,518,501,375,218,245,657,0,0,735,694,413,0,685
691,545,759,691,375,696,690,518,501,375,218,245,657,0,0,735,694,413,0,685
691,545,759,691,375,696,731,518,501,375,218,245,657,0,245,738,697,413,546,738
693,545,759,693,375,696,731,518,501,375,218,245,657,0,245,738,697,413,546,738
693,545,759,693,403,696,743,522,511,408,594,245,657,624,245,739,698,413,684,745
693,545,759,693,403,696,743,522,511,408,594,245,657,624,245,739,698,413,684,745
695,545,759,695,403,696,0,522,511,408,641,245,657,642,245,741,0,413,0,0
695,545,759,695,403,696,0,522,511,408,641,245,657,642,245,741,0,413,0,0
695,545,759,695,403,696,0,544,512,408,0,245,657,793,245,757,704,413,218,0
700,545,759,700,403,696,0,544,512,408,0,245,657,793,245,757,704,413,218,0
700,545,759,700,403,696,762,544,512,450,0,245,657,0,245,0,0,413,218,554
700,545,759,700,403,696,762,544,512,450,0,245,657,0,245,0,0,413,218,554
701,545,759,701,403,696,762,549,514,450,0,245,657,0,245,0,639,413,218,752
701,545,759,701,403,696,762,549,514,450,0,245,657,0,245,0,639,413,218,752
701,545,759,701,403,765,762,549,514,450,0,249,525,218,245,0,672,413,218,0
702,545,759,702,403,765,762,549,514,450,0,249,525,218,245,0,672,413,218,0
702,545,759,702,403,765,762,562,515,478,0,249,525,218,245,218,684,516,218,563
702,551,759,702,403,765,762,562,515,478,0,249,525,218,245,218,684,516,218,563
705,551,759,705,403,765,762,562,515,478,0,249,525,218,0,218,0,516,218,565
705,551,759,705,403,765,762,562,515,478,0,249,525,218,0,218,0,516,218,565
705,551,759,705,529,765,762,571,526,478,249,249,525,218,516,218,532,516,218,568
707,551,759,707,529,765,762,571,526,478,249,249,525,218,516,218,532,516,218,568
707,551,760,707,529,765,762,571,526,485,249,249,525,218,516,218,657,516,218,569
707,551,760,707,529,765,762,571,526,485,249,249,525,218,516,218,657,516,218,569
710,551,760,710,529,765,762,584,529,485,249,249,525,218,516,218,657,516,0,598
710,551,760,710,529,765,762,584,529,485,249,249,525,218,516,218,657,516,0,598
710,551,760,710,529,765,0,584,529,485,249,249,525,218,516,218,657,516,554,753
713,551,760,713,529,765,0,584,529,485,249,249,525,218,516,218,657,516,554,753
713,551,760,713,529,765,0,585,531,495,249,249,525,218,516,218,657,516,0,0
713,551,760,713,529,765,0,585,531,495,249,249,525,218,516,218,657,516,0,0
719,551,760,719,529,577,0,585,531,495,249,413,339,0,516,218,657,516,567,416
719,551,760,719,529,577,0,585,531,495,249,413,339,0,516,218,657,516,567,416
719,551,760,719,529,577,0,593,599,495,249,413,339,563,516,657,657,339,569,757
721,551,760,721,529,577,0,593,599,495,249,413,339,563,516,657,657,339,569,757
721,551,760,721,529,577,0,593,599,543,249,413,339,565,516,657,657,339,752,0
721,551,760,721,529,577,0,593,599,543,249,413,339,565,516,657,657,339,752,0
727,551,760,727,531,577,0,597,602,543,595,413,339,568,694,657,657,339,793,527
727,551,760,727,531,577,0,597,602,543,595,413,339,568,694,657,657,339,793,527
727,551,760,727,531,577,0,597,602,543,595,413,339,646,716,657,0,339,0,600
728,551,760,728,531,577,0,597,602,543,595,413,339,646,716,657,0,339,0,600
728,551,760,728,531,577,0,601,603,545,595,413,339,0,718,657,245,339,228,716
728,551,760,728,531,577,0,601,603,545,595,413,339,0,718,657,245,339,228,716
729,551,760,729,531,577,0,601,603,545,595,413,339,0,718,657,245,339,228,718
729,551,760,729,531,577,0,601,603,545,595,413,339,0,718,657,245,339,228,718
729,551,760,729,531,577,0,609,611,545,595,413,339,0,718,657,245,339,228,718
732,551,760,732,531,577,0,609,611,545,595,413,339,0,718,657,245,339,228,718
732,551,760,732,531,577,0,609,611,551,595,0,745,249,718,657,245,339,228,718
732,551,760,732,531,577,0,609,611,551,595,0,745,249,718,657,245,339,228,718
734,551,760,734,531,577,0,625,612,551,595,0,758,249,718,0,245,765,228,718
734,551,760,734,531,577,0,625,612,551,595,0,758,249,718,0,245,765,228,718
734,551,760,734,531,577,0,625,612,551,595,0,0,249,718,321,245,765,228,718
736,551,760,736,531,577,0,625,612,575,595,0,0,249,718,321,245,765,228,718
736,551,760,736,543,714,0,631,654,575,579,0,0,249,718,0,245,765,228,718
736,551,760,736,543,714,0,631,654,575,579,0,0,249,718,0,245,765,228,718
737,603,760,737,543,714,0,631,654,575,579,0,0,249,718,329,245,765,228,718
737,603,760,737,543,714,0,631,654,575,579,0,0,249,718,329,245,765,228,718
737,603,760,737,543,714,0,635,655,577,579,0,0,249,762,595,610,765,249,718
744,603,760,744,543,714,0,635,655,577,579,0,0,249,762,595,610,765,249,718
744,603,760,744,543,714,0,635,655,577,579,0,0,249,762,595,645,765,249,0
744,603,760,744,543,714,0,635,655,577,579,0,0,249,762,595,645,765,249,0
746,603,760,746,543,714,0,661,701,577,579,0,0,249,762,595,706,765,249,306
746,603,760,746,543,714,0,661,701,580,579,0,0,249,762,595,706,765,249,306
746,603,760,746,543,714,0,661,701,580,579,595,413,594,762,595,0,765,249,0
748,603,760,748,543,714,0,661,701,580,579,595,413,594,762,595,0,765,249,0
748,603,760,748,543,714,0,667,705,580,579,595,413,0,762,595,516,323,249,0
748,603,760,748,543,714,0,667,705,580,579,595,413,0,762,595,516,323,249,0
749,603,760,749,543,714,0,667,705,613,579,595,413,598,762,595,516,323,249,349
749,603,760,749,543,714,0,667,705,613,579,595,413,598,762,595,516,323,249,349
749,603,760,749,545,714,0,669,707,613,0,595,413,0,762,595,516,323,249,349
750,603,760,750,545,714,0,669,707,613,0,595,413,0,762,595,516,323,249,349
750,603,760,750,545,714,0,669,707,613,339,595,413,617,762,595,516,323,249,349
750,603,760,750,545,714,0,669,707,638,339,595,413,617,762,595,516,323,249,349
751,603,760,751,545,714,0,670,710,638,339,595,413,673,0,510,516,323,718,349
751,603,760,751,545,714,0,670,710,638,339,595,413,673,0,510,516,323,718,349
751,603,783,751,545,715,0,670,710,638,339,595,413,0,0,0,516,323,718,349
755,603,783,755,545,715,0,670,710,638,339,595,413,0,0,0,516,323,718,349
755,603,783,755,545,715,0,691,719,640,339,595,413,0,0,0,516,323,718,349
755,603,783,755,545,715,0,691,719,640,339,595,413,0,0,0,516,323,718,349
756,603,783,756,545,715,0,691,719,640,339,384,323,0,0,0,516,323,718,349
756,603,783,756,545,715,0,691,719,640,339,384,323,0,0,0,516,323,718,349
756,603,783,756,545,715,0,693,727,640,339,384,323,579,0,349,407,679,718,349
761,603,783,761,545,715,0,693,727,678,339,384,323,579,0,349,407,679,718,349
761,603,783,761,545,715,0,693,727,678,339,384,323,579,349,349,0,679,718,458
761,603,783,761,551,715,0,693,727,678,339,384,323,579,349,349,0,679,718,458
763,603,783,763,551,715,0,695,728,678,339,384,323,579,349,349,484,679,718,0
763,603,783,763,551,715,0,695,728,678,339,384,323,579,349,349,484,679,718,0
763,603,783,763,551,715,0,695,728,702,645,384,323,579,349,349,733,679,718,608
766,603,783,766,551,715,0,695,728,702,645,384,323,579,349,349,733,679,718,608
766,603,783,766,551,715,0,700,729,702,0,384,323,579,349,349,0,679,0,676
766,603,783,766,551,715,0,700,729,702,0,384,323,579,349,349,0,679,0,676
767,770,783,767,551,715,0,700,729,702,0,384,323,579,349,349,535,679,0,677
767,770,783,767,551,715,0,700,729,713,0,384,323,579,349,349,535,679,0,677
767,770,783,767,551,715,0,721,732,713,0,384,323,579,349,349,779,679,459,679
769,770,783,769,551,715,0,721,732,713,0,384,323,579,349,349,779,679,459,679
769,770,783,769,551,715,0,721,732,713,0,636,765,579,349,349,0,679,0,679
769,770,783,769,551,715,0,721,732,713,0,636,765,579,349,349,0,679,0,679
772,770,783,772,551,717,0,744,734,714,0,636,765,458,349,451,409,726,0,679
772,770,783,772,551,717,0,744,734,714,0,636,765,458,349,451,409,726,0,679
772,770,783,772,603,717,0,744,734,714,0,636,765,471,679,451,0,726,520,679
774,770,783,774,603,717,0,744,734,714,0,636,765,471,679,451,0,726,520,679
774,770,783,774,603,717,0,746,750,714,413,636,765,0,679,451,658,726,0,679
774,770,783,774,603,717,0,746,750,715,413,636,765,0,679,451,658,726,0,679
777,770,783,777,603,717,0,746,750,715,413,636,765,674,679,451,0,726,0,679
777,770,783,777,603,717,0,746,750,715,413,636,765,674,679,451,0,726,0,679
777,770,783,777,603,717,0,748,755,715,413,636,765,0,679,451,451,726,451,679
782,770,783,782,603,717,0,748,755,715,413,636,765,0,679,451,451,726,451,679
782,770,783,782,603,717,0,748,755,717,413,636,765,0,679,451,451,726,451,679
782,770,783,782,603,717,0,748,755,717,413,636,765,0,679,451,451,726,451,679
784,770,783,784,603,717,0,749,766,717,413,636,765,0,679,451,451,726,451,765
784,770,783,784,603,717,0,749,766,717,413,636,765,0,679,451,451,726,451,765
784,770,783,784,603,717,0,749,766,717,413,451,0,323,679,451,451,726,451,765
785,770,783,785,603,717,0,749,766,736,413,451,0,323,679,451,451,726,451,765
785,770,783,785,603,717,0,756,770,736,413,451,0,323,679,0,451,0,451,765
785,770,783,785,770,717,0,756,770,736,413,451,0,323,679,0,451,0,451,765
787,770,783,787,770,717,0,756,770,736,413,451,0,323,0,0,451,0,451,765
787,770,783,787,770,717,0,756,770,736,413,451,0,323,0,0,451,0,451,765
787,770,783,787,770,717,0,761,774,737,0,451,0,323,0,0,451,0,451,765
789,770,783,789,770,0,0,761,774,737,0,451,0,323,0,0,451,0,451,765
789,770,783,789,770,0,0,761,774,737,0,451,0,323,0,0,451,0,451,765
789,770,783,789,770,0,0,763,774,737,0,451,0,323,0,0,451,0,451,765
791,770,783,791,770,0,0,763,777,737,0,451,0,323,0,0,0,0,0,765
791,770,783,791,770,0,0,763,777,751,0,451,0,323,0,0,0,0,0,765
791,770,783,791,770,0,0,767,777,751,0,451,0,323,0,0,0,0,0,765
792,770,783,792,770,0,0,767,777,751,0,451,0,323,0,0,0,0,0,765
792,770,783,792,770,0,0,767,0,751,0,451,0,323,0,0,0,0,0,0
792,770,783,792,770,0,0,0,0,751,0,451,0,323,0,0,0,0,0,0