2,3,6,2,9,1,4,5,7,4,1,4,5,1,5,1,5,5,1,4
2,3,6,2,9,1,4,5,7,4,1,4,5,1,5,1,5,5,1,4
2,3,6,2,13,1,9,5,7,10,1,7,5,1,5,1,5,5,1,7
2,3,6,2,13,1,9,5,7,10,1,7,5,1,5,1,5,5,1,7
2,3,6,2,14,1,11,5,7,10,1,7,5,1,5,1,5,5,1,7
2,3,6,2,14,1,11,5,7,10,1,7,5,1,5,1,5,5,1,7
2,3,6,2,15,1,11,5,7,10,1,7,5,1,5,1,5,5,1,7
2,3,6,2,15,1,11,5,7,10,1,7,5,1,5,1,5,5,1,7
2,3,6,2,18,1,11,5,7,10,1,7,5,1,5,1,5,5,1,7
2,3,6,2,18,1,11,5,7,10,1,7,5,1,5,1,5,5,1,7
2,3,6,2,25,1,11,5,7,10,1,7,5,1,5,1,5,5,1,7
21,3,6,2,25,1,11,5,7,10,1,7,5,1,5,1,5,5,1,7
21,3,6,21,27,1,11,5,7,10,1,7,5,1,5,1,5,5,1,7
21,3,6,21,27,1,11,5,7,10,1,7,5,1,5,1,5,5,1,7
21,3,6,21,31,1,11,5,7,10,1,7,5,1,5,1,5,5,1,7
21,24,6,21,31,1,11,5,7,10,1,7,5,1,5,1,5,5,1,7
21,24,28,21,35,17,11,13,14,10,11,7,10,7,10,9,7,9,10,7
21,24,28,21,35,17,11,13,14,10,11,7,10,7,10,9,7,9,10,7
21,24,28,21,42,17,11,15,18,19,11,11,10,7,10,11,7,10,10,11
21,24,28,21,42,17,11,15,18,19,11,11,10,7,10,11,7,10,10,11
21,24,28,21,44,17,20,22,23,19,11,11,10,7,10,11,7,10,10,11
21,24,28,21,44,17,20,22,23,19,11,11,10,7,10,11,7,10,10,11
37,24,28,21,45,17,20,22,23,19,11,11,10,7,10,11,7,10,10,11
37,24,28,21,45,17,20,22,23,19,11,11,10,7,10,11,7,10,10,11
37,24,28,37,46,17,20,22,23,19,11,11,10,7,10,11,7,10,10,11
37,24,28,37,46,17,20,22,23,19,11,11,10,7,10,11,7,10,10,11
37,24,28,37,48,17,20,22,23,19,11,11,10,7,10,11,7,10,10,11
37,24,28,37,48,17,20,22,23,19,11,11,10,7,10,11,7,10,10,11
37,24,28,37,49,17,20,22,23,19,11,11,10,7,10,11,7,10,10,11
37,24,28,37,49,17,20,22,23,19,11,11,10,7,10,11,7,10,10,11
37,38,28,37,51,17,20,22,23,19,11,11,10,7,10,11,7,10,10,11
37,38,28,37,51,17,20,22,23,19,11,11,10,7,10,11,7,10,10,11
37,38,40,37,52,26,20,22,23,19,14,11,14,15,17,11,13,10,13,11
61,38,40,37,52,26,20,22,23,19,14,11,14,15,17,11,13,10,13,11
61,38,40,37,55,26,20,22,23,25,19,18,17,19,17,19,15,17,17,18
61,38,40,37,55,26,20,22,23,25,19,18,17,19,17,19,15,17,17,18
61,38,40,61,58,26,27,31,33,35,19,20,17,19,17,19,19,17,17,20
61,38,40,61,58,26,27,31,33,35,19,20,17,19,17,19,19,17,17,20
61,38,40,61,60,26,36,39,33,42,19,20,17,19,17,19,19,17,17,20
61,38,40,61,60,26,36,39,33,42,19,20,17,19,17,19,19,17,17,20
61,38,40,61,63,26,36,39,33,44,19,20,17,19,17,19,19,17,17,20
61,38,40,61,63,26,36,39,33,44,19,20,17,19,17,19,19,17,17,20
61,38,40,61,65,26,36,39,33,45,19,20,17,19,17,19,19,17,17,20
61,38,40,61,65,26,36,39,33,45,19,20,17,19,17,19,19,17,17,20
68,38,40,61,70,26,36,39,33,46,19,20,17,19,17,19,19,17,17,20
68,66,40,61,70,26,36,39,33,46,19,20,17,19,17,19,19,17,17,20
68,66,40,61,72,26,36,39,33,48,19,20,17,19,17,19,19,17,17,20
68,66,40,61,72,26,36,39,33,48,19,20,17,19,17,19,19,17,17,20
68,66,67,76,74,43,36,39,33,49,19,20,17,19,20,19,19,17,17,20
68,66,67,76,74,43,36,39,33,49,19,20,17,19,20,19,19,17,17,20
68,66,67,76,78,43,36,39,33,50,22,20,22,23,20,22,19,20,22,20
68,66,67,76,78,43,36,39,33,50,22,20,22,23,20,22,19,20,22,20
68,66,67,76,80,43,36,39,51,50,22,23,22,23,20,22,23,20,22,23
68,66,67,76,80,43,36,39,51,50,22,23,22,23,20,22,23,20,22,23
68,66,67,76,82,43,53,52,54,50,22,23,22,23,20,22,23,20,22,23
76,66,67,76,82,43,53,52,54,50,22,23,22,23,20,22,23,20,22,23
76,66,67,76,84,43,53,55,54,50,22,23,22,23,20,22,23,20,22,23
76,66,67,76,84,43,53,55,54,50,22,23,22,23,20,22,23,20,22,23
76,66,67,76,85,43,53,57,54,50,22,23,22,23,20,22,23,20,22,23
76,66,67,76,85,43,53,57,54,50,22,23,22,23,20,22,23,20,22,23
76,71,67,86,88,43,53,57,54,50,22,23,22,23,20,22,23,20,22,23
76,71,67,86,88,43,53,57,54,50,22,23,22,23,20,22,23,20,22,23
76,71,67,86,95,43,53,57,54,50,22,23,22,23,20,22,23,20,22,23
76,71,67,86,95,43,53,57,54,50,22,23,22,23,20,22,23,20,22,23
76,71,73,86,96,59,53,57,54,50,22,23,22,23,25,22,23,20,22,23
76,71,73,86,96,59,53,57,54,50,22,23,22,23,25,22,23,20,22,23
89,71,73,86,99,59,53,57,54,58,26,23,26,26,27,26,23,27,25,23
89,71,73,86,99,59,53,57,54,58,26,23,26,26,27,26,23,27,25,23
89,71,73,86,109,59,53,57,54,60,26,33,26,26,33,26,33,31,33,31
89,71,73,86,109,59,53,57,54,60,26,33,26,26,33,26,33,31,33,31
89,71,73,86,110,59,62,57,63,64,26,33,26,26,33,26,33,35,33,35
89,71,73,98,110,59,62,57,63,64,26,33,26,26,33,26,33,35,33,35
89,71,73,98,113,59,62,57,65,64,26,33,26,26,33,26,33,36,33,36
89,71,73,98,113,59,62,57,65,64,26,33,26,26,33,26,33,36,33,36
89,79,73,98,120,59,62,69,70,64,26,33,26,26,33,26,33,36,33,36
89,79,73,98,120,59,62,69,70,64,26,33,26,26,33,26,33,36,33,36
89,79,73,98,121,59,62,69,72,64,26,33,26,26,33,26,33,36,33,36
98,79,73,98,121,59,62,69,72,64,26,33,26,26,33,26,33,36,33,36
98,79,73,98,124,59,62,69,74,64,26,33,26,26,33,26,33,36,33,36
98,79,73,98,124,59,62,69,74,64,26,33,26,26,33,26,33,36,33,36
98,79,81,98,129,75,62,69,77,64,26,33,26,26,33,26,33,36,33,36
98,79,81,98,129,75,62,69,77,64,26,33,26,26,33,26,33,36,33,36
98,79,81,101,134,75,62,69,77,64,39,33,36,36,33,39,33,36,33,36
98,79,81,101,134,75,62,69,77,64,39,33,36,36,33,39,33,36,33,36
98,79,81,101,137,75,62,69,77,64,39,42,36,36,39,39,39,36,42,36
98,79,81,101,137,75,62,69,77,64,39,42,36,36,39,39,39,36,42,36
98,79,81,101,138,75,78,69,77,80,39,43,36,36,39,39,39,36,43,36
98,79,81,101,138,75,78,69,77,80,39,43,36,36,39,39,39,36,43,36
101,90,81,101,139,75,82,69,77,83,39,43,36,36,39,39,39,44,43,43
101,90,81,101,139,75,82,69,77,83,39,43,36,36,39,39,39,44,43,43
101,90,81,101,145,75,85,84,77,83,39,43,36,36,39,39,39,45,43,43
101,90,81,101,145,75,85,84,77,83,39,43,36,36,39,39,39,45,43,43
101,90,81,101,146,75,88,92,77,83,39,43,36,36,39,39,39,46,43,43
101,90,81,114,146,75,88,92,77,83,39,43,36,36,39,39,39,46,43,43
101,90,81,114,147,75,91,92,77,83,39,43,36,36,39,39,39,48,43,43
101,90,81,114,147,75,91,92,77,83,39,43,36,36,39,39,39,48,43,43
101,90,94,114,148,93,91,92,95,83,39,43,36,36,39,39,39,49,43,43
101,90,94,114,148,93,91,92,95,83,39,43,36,36,39,39,39,49,43,43
101,90,94,114,152,93,91,92,96,83,44,43,48,45,39,46,39,50,43,43
114,90,94,114,152,93,91,92,96,83,44,43,48,45,39,46,39,50,43,43
114,90,94,114,161,93,91,92,97,83,51,43,50,49,43,50,50,50,43,43
114,90,94,114,161,93,91,92,97,83,51,43,50,49,43,50,50,50,43,43
114,105,94,114,162,93,91,92,97,83,52,53,50,51,43,50,50,50,52,43
114,105,94,114,162,93,91,92,97,83,52,53,50,51,43,50,50,50,52,43
114,105,94,125,163,93,91,92,97,99,53,53,50,53,43,50,50,50,53,54
114,105,94,125,163,93,91,92,97,99,53,53,50,53,43,50,50,50,53,54
114,105,94,125,169,93,91,92,97,100,53,53,50,53,43,50,50,50,53,54
114,105,94,125,169,93,91,92,97,100,53,53,50,53,43,50,50,50,53,54
114,105,94,125,170,93,91,103,97,100,53,53,50,53,43,50,50,50,53,54
114,105,94,125,170,93,91,103,97,100,53,53,50,53,43,50,50,50,53,54
125,105,94,125,172,93,102,103,97,100,53,53,50,53,43,50,50,50,53,54
125,105,94,125,172,93,102,103,97,100,53,53,50,53,43,50,50,50,53,54
125,105,111,125,173,104,102,103,97,100,53,53,50,53,43,50,50,50,53,54
125,105,111,125,173,104,102,103,97,100,53,53,50,53,43,50,50,50,53,54
125,105,111,125,177,104,102,103,97,100,53,53,50,53,43,50,50,54,53,54
125,105,111,130,177,104,102,103,97,100,53,53,50,53,43,50,50,54,53,54
125,115,111,130,179,104,102,103,106,100,53,53,54,53,54,55,55,54,53,54
125,115,111,130,179,104,102,103,106,100,53,53,54,53,54,55,55,54,53,54
125,115,111,130,183,104,102,103,106,100,53,57,54,53,54,57,57,54,53,54
125,115,111,130,183,104,102,103,106,100,53,57,54,53,54,57,57,54,53,54
125,115,111,130,185,104,102,103,106,100,58,57,54,57,54,57,57,54,58,59
130,115,111,130,185,104,102,103,106,100,58,57,54,57,54,57,57,54,58,59
130,115,111,130,187,104,102,103,106,107,59,57,54,57,54,57,57,54,59,59
130,115,111,130,187,104,102,103,106,107,59,57,54,57,54,57,57,54,59,59
130,115,111,130,190,104,102,109,106,107,59,57,54,57,54,57,57,54,59,59
130,115,111,130,190,104,102,109,106,107,59,57,54,57,54,57,57,54,59,59
130,115,111,132,194,104,108,110,106,107,59,57,54,57,54,57,57,54,59,59
130,115,111,132,194,104,108,110,106,107,59,57,54,57,54,57,57,54,59,59
130,115,116,132,199,112,108,113,106,107,59,57,54,57,54,57,57,54,59,59
130,115,116,132,199,112,108,113,106,107,59,57,54,57,54,57,57,54,59,59
130,126,116,132,200,112,108,117,106,107,59,57,54,57,54,57,57,60,59,59
130,126,116,132,200,112,108,117,106,107,59,57,54,57,54,57,57,60,59,59
132,126,116,132,208,112,108,117,118,107,59,57,60,57,59,57,57,62,59,59
132,126,116,132,208,112,108,117,118,107,59,57,60,57,59,57,57,62,59,59
132,126,116,132,210,112,108,117,118,107,59,62,62,57,59,62,63,62,59,59
132,126,116,132,210,112,108,117,118,107,59,62,62,57,59,62,63,62,59,59
132,126,116,132,211,112,108,117,118,107,59,62,62,63,59,62,64,62,59,64
132,126,116,140,211,112,108,117,118,107,59,62,62,63,59,62,64,62,59,64
132,126,116,140,214,112,108,117,118,119,65,62,62,64,59,62,64,62,65,64
132,126,116,140,214,112,108,117,118,119,65,62,62,64,59,62,64,62,65,64
132,126,116,140,217,112,108,117,118,119,69,62,62,64,59,62,64,62,69,64
132,126,116,140,217,112,108,117,118,119,69,62,62,64,59,62,64,62,69,64
132,126,116,140,218,112,120,117,118,119,69,62,62,64,59,62,64,62,69,64
140,126,127,140,218,112,120,117,118,119,69,62,62,64,59,62,64,62,69,64
140,131,127,140,220,122,121,117,118,119,69,62,62,64,59,62,64,62,69,64
140,131,127,140,220,122,121,117,118,119,69,62,62,64,59,62,64,62,69,64
140,131,127,140,221,122,123,124,118,119,69,62,62,64,59,62,64,62,69,64
140,131,127,140,221,122,123,124,118,119,69,62,62,64,59,62,64,62,69,64
140,131,127,150,223,122,123,128,129,119,69,62,62,64,64,62,64,70,69,64
140,131,127,150,223,122,123,128,129,119,69,62,62,64,64,62,64,70,69,64
140,131,127,150,225,122,123,128,133,119,69,70,69,64,64,69,64,72,69,64
140,131,127,150,225,122,123,128,133,119,69,70,69,64,64,69,64,72,69,64
140,131,127,150,3,122,123,128,133,119,69,75,69,64,64,69,74,74,69,72
140,131,127,150,3,122,123,128,133,119,69,75,69,64,64,69,74,74,69,72
150,131,127,150,3,122,123,128,133,134,69,75,69,75,64,69,75,77,69,75
150,131,127,150,3,122,123,128,133,134,69,75,69,75,64,69,75,77,69,75
150,131,127,150,3,122,123,128,133,136,77,75,69,75,64,69,75,77,78,75
150,131,127,150,3,122,123,128,133,136,77,75,69,75,64,69,75,77,78,75
150,141,135,150,3,122,123,128,133,136,77,75,69,75,64,69,75,77,80,75
150,141,135,157,3,122,123,128,133,136,77,75,69,75,64,69,75,77,80,75
150,141,135,157,3,142,123,128,133,136,77,75,69,75,64,69,75,77,82,75
150,141,135,157,24,142,123,128,133,136,77,75,69,75,64,69,75,77,82,75
150,141,135,157,24,142,137,128,133,136,77,75,69,75,64,69,75,77,83,75
150,141,135,157,24,142,137,128,133,136,77,75,69,75,64,69,75,77,83,75
150,141,135,157,24,142,138,144,133,136,77,75,69,75,77,69,75,77,83,75
157,141,135,157,24,142,138,144,133,136,77,75,69,75,77,69,75,77,83,75
157,141,135,157,24,142,139,144,145,136,77,75,77,75,77,78,75,77,83,75
157,141,135,157,24,142,139,144,145,136,77,75,77,75,77,78,75,77,83,75
157,141,135,157,24,142,143,144,146,136,77,82,77,75,77,80,75,77,83,75
157,141,135,157,24,142,143,144,146,136,77,82,77,75,77,80,75,77,83,75
157,141,135,160,38,142,143,144,147,136,77,85,77,83,77,83,83,84,83,84
157,141,135,160,38,142,143,144,147,136,77,85,77,83,77,83,83,84,83,84
157,151,135,160,38,142,143,144,152,148,91,88,77,83,77,83,83,85,83,88
157,151,149,160,38,142,143,144,152,148,91,88,77,83,77,83,83,85,83,88
157,151,149,160,38,142,143,144,155,154,91,91,77,83,77,83,83,92,83,91
157,151,149,160,38,142,143,144,155,154,91,91,77,83,77,83,83,92,83,91
160,151,149,160,38,153,143,144,155,154,91,91,77,83,77,83,83,92,83,91
160,151,149,160,38,153,143,144,155,154,91,91,77,83,77,83,83,92,83,91
160,151,149,160,38,153,143,144,155,154,91,91,77,83,77,83,83,92,92,91
160,151,149,160,66,153,143,144,155,154,91,91,77,83,77,83,83,92,92,91
160,151,149,160,66,153,143,163,155,154,91,91,77,83,91,83,83,92,92,91
160,151,149,174,66,153,143,163,155,154,91,91,77,83,91,83,83,92,92,91
160,151,149,174,66,153,143,170,155,154,91,91,92,83,91,83,83,92,92,91
160,151,149,174,66,153,143,170,155,154,91,91,92,83,91,83,83,92,92,91
160,151,149,174,66,153,161,173,155,154,91,91,92,83,91,83,83,92,92,91
160,151,149,174,66,153,161,173,155,154,91,91,92,83,91,83,83,92,92,91
160,159,149,174,66,153,162,183,155,154,91,91,92,93,91,92,93,92,92,91
174,159,149,174,66,153,162,183,155,154,91,91,92,93,91,92,93,92,92,91
174,159,165,174,71,153,169,187,155,154,93,91,92,93,91,92,93,92,92,91
174,159,165,174,71,153,169,187,155,154,93,91,92,93,91,92,93,92,92,91
174,159,165,174,71,153,172,194,200,208,93,93,92,93,91,92,93,95,92,95
174,159,165,174,71,153,172,194,200,208,93,93,92,93,91,92,93,95,92,95
174,159,165,176,71,6,177,211,217,218,93,93,92,93,91,92,93,96,92,96
174,159,165,176,71,6,177,211,217,218,93,93,92,93,91,92,93,96,92,96
174,159,165,176,71,6,179,221,223,225,93,93,92,93,91,92,93,97,99,97
174,159,165,176,71,6,179,221,223,225,93,93,92,93,91,92,93,97,99,97
174,159,165,176,71,6,185,2,3,6,93,93,92,93,97,92,93,97,100,97
174,159,165,176,90,6,185,2,3,6,93,93,92,93,97,92,93,97,100,97
176,159,165,176,90,6,190,2,3,6,93,93,97,93,97,92,93,97,100,97
176,159,165,176,90,6,190,2,3,6,93,93,97,93,97,92,93,97,100,97
176,166,165,176,90,6,199,2,3,6,93,93,97,93,97,92,93,97,100,97
176,166,165,176,90,28,199,2,3,6,93,93,97,93,97,92,93,97,100,97
176,166,165,176,90,28,210,2,3,6,93,93,97,99,97,100,100,97,100,97
176,166,175,182,90,28,210,29,30,28,93,93,97,99,97,100,100,97,100,97
176,166,175,182,90,28,214,29,30,28,102,93,97,100,97,100,100,97,100,97
176,166,175,182,90,28,214,29,30,28,102,93,97,100,97,100,100,97,100,97
176,166,175,182,105,28,220,29,30,28,102,102,97,100,97,100,100,97,100,97
176,166,175,182,105,28,220,29,30,28,102,102,97,100,97,100,100,97,100,97
176,166,175,182,105,28,8,29,30,28,102,102,97,100,97,100,100,97,100,97
182,166,175,182,105,28,8,29,30,28,102,102,97,100,97,100,100,97,100,97
182,166,175,182,105,40,8,56,41,38,102,102,97,100,97,100,100,103,100,102
182,166,175,182,105,40,8,56,41,38,102,102,97,100,97,100,100,103,100,102
182,166,175,182,105,40,8,56,41,38,102,102,97,100,102,100,100,103,103,102
182,166,175,182,105,40,8,56,41,38,102,102,97,100,102,100,100,103,103,102
182,181,175,195,105,40,8,56,41,38,102,102,103,100,102,100,100,103,103,102
182,181,175,195,115,40,8,56,41,38,102,102,103,100,102,100,100,103,103,102
182,181,175,195,115,40,8,56,41,38,102,102,103,100,102,100,100,103,103,102
182,181,175,195,115,40,8,67,71,68,102,102,103,100,102,100,100,103,103,102
182,181,192,195,115,40,8,67,71,68,102,102,103,100,102,103,104,103,103,102
182,181,192,195,115,68,8,67,71,68,102,102,103,100,102,103,104,103,103,102
195,181,192,195,115,68,8,67,71,68,104,102,103,104,102,103,104,103,103,102
195,181,192,195,115,68,8,67,71,68,104,102,103,104,102,103,104,103,103,102
195,181,192,195,115,68,8,67,71,68,104,104,103,104,102,103,104,103,103,102
195,181,192,195,115,68,8,67,71,68,104,104,103,104,102,103,104,103,103,102
195,181,192,195,126,68,8,86,76,79,104,104,103,104,102,103,104,103,103,102
195,181,192,197,126,68,8,86,76,79,104,104,103,104,102,103,104,103,103,102
195,181,192,197,126,68,8,86,76,79,104,104,103,104,102,103,104,106,103,106
195,181,192,197,126,68,8,86,76,79,104,104,103,104,102,103,104,106,103,106
195,196,192,197,126,87,8,86,76,79,104,104,103,104,106,103,104,106,107,106
195,196,192,197,126,87,8,86,76,79,104,104,103,104,106,103,104,106,107,106
195,196,192,197,126,87,8,86,76,79,104,104,106,104,106,103,104,106,107,106
197,196,192,197,126,87,8,101,94,98,104,104,106,104,106,103,104,106,107,106
197,196,192,197,126,87,8,101,94,98,104,104,106,104,106,103,104,106,107,106
197,196,204,197,131,87,8,101,94,98,104,104,106,104,106,103,104,106,107,106
197,196,204,197,131,87,8,101,94,98,104,104,106,104,106,107,107,106,107,106
197,196,204,197,131,87,32,101,94,98,104,104,106,104,106,107,107,106,107,106
197,196,204,206,131,87,32,101,94,98,108,104,106,107,106,107,107,106,107,106
197,196,204,206,131,111,32,101,94,98,108,104,106,107,106,107,107,106,107,106
197,196,204,206,131,111,32,114,105,111,108,108,106,107,106,107,107,106,107,106
197,196,204,206,131,111,32,114,105,111,108,108,106,107,106,107,107,106,107,106
197,196,204,206,131,111,32,114,105,111,108,108,106,107,106,107,107,106,107,106
197,196,204,206,131,111,32,114,105,111,108,108,106,107,106,107,107,106,107,106
206,205,204,206,141,111,32,114,105,111,108,108,106,107,106,107,107,109,107,108
206,205,204,206,141,111,32,114,105,111,108,108,106,107,106,107,107,109,107,108
206,205,204,206,141,111,32,114,105,111,108,108,106,107,108,107,107,110,109,108
206,205,204,206,141,111,32,125,115,126,108,108,106,107,108,107,107,110,109,108
206,205,204,206,141,127,32,125,115,126,108,108,110,107,108,107,107,112,112,108
206,205,204,213,141,127,32,125,115,126,108,108,110,107,108,107,107,112,112,108
206,205,212,213,141,127,32,125,115,126,108,108,112,107,108,107,107,112,112,108
206,205,212,213,141,127,32,125,115,126,108,108,112,107,108,107,107,112,112,108
206,205,212,213,141,127,32,125,115,126,108,108,112,107,108,112,113,112,112,108
206,205,212,213,151,127,32,125,115,126,108,108,112,107,108,112,113,112,112,108
206,205,212,213,151,127,32,132,130,127,113,108,112,117,108,112,117,112,112,108
213,205,212,213,151,127,32,132,130,127,113,108,112,117,108,112,117,112,112,108
213,205,212,213,151,127,32,132,130,127,117,117,112,117,108,112,117,112,112,108
213,205,212,213,151,135,32,132,130,127,117,117,112,117,108,112,117,112,112,108
213,227,212,213,151,135,32,132,130,127,117,117,112,117,108,112,117,112,112,108
213,227,212,213,151,135,32,132,130,127,117,117,112,117,108,112,117,112,112,108
213,227,212,216,151,135,32,132,130,127,117,117,112,117,108,112,117,112,112,118
213,227,212,216,151,135,32,140,131,135,117,117,112,117,108,112,117,112,112,118
213,227,212,216,159,135,32,140,131,135,117,117,112,117,118,112,117,112,112,118
213,227,212,216,159,135,32,140,131,135,117,117,112,117,118,112,117,112,112,118
213,227,212,216,159,135,47,140,131,135,117,117,112,117,118,112,117,118,119,118
213,227,222,216,159,135,47,140,131,135,117,117,112,117,118,112,117,118,119,118
216,227,222,216,159,149,47,140,131,135,117,117,118,117,118,112,117,118,119,118
216,227,222,216,159,149,47,140,131,135,117,117,118,117,118,112,117,118,119,118
216,227,222,216,159,149,47,150,141,149,117,117,118,117,118,119,117,118,119,118
216,227,222,216,159,149,47,150,141,149,117,117,118,117,118,119,117,118,119,118
216,227,222,216,159,149,47,150,141,149,117,117,118,119,118,119,119,118,119,118
216,227,222,230,166,149,47,150,141,149,117,117,118,119,118,119,119,118,119,118
216,232,222,230,166,149,47,150,141,149,121,120,118,119,118,119,119,118,119,118
216,232,222,230,166,149,47,150,141,149,121,120,118,119,118,119,119,118,119,118
216,232,222,230,166,165,47,150,141,149,122,122,118,119,118,119,119,118,119,118
216,232,222,230,166,165,47,157,151,159,122,122,118,119,118,119,119,118,119,118
216,232,222,230,166,165,47,157,151,159,122,122,118,119,118,119,119,118,119,120
230,232,222,230,166,165,47,157,151,159,122,122,118,119,118,119,119,118,119,120
230,232,222,230,166,165,47,157,151,159,122,122,118,119,121,119,119,118,119,122
230,232,222,230,166,165,47,157,151,159,122,122,118,119,121,119,119,118,119,122
230,232,231,230,181,165,47,157,151,159,122,122,118,119,122,119,119,123,123,122
230,232,231,230,181,165,47,157,151,159,122,122,118,119,122,119,119,123,123,122
230,232,231,235,181,175,47,160,166,165,122,122,123,119,122,119,119,123,123,122
230,232,231,235,181,175,47,160,166,165,122,122,123,119,122,119,119,123,123,122
230,232,231,235,181,175,47,160,166,165,122,122,123,119,122,123,119,123,123,122
230,232,231,235,181,175,47,160,166,165,122,122,123,119,122,123,119,123,123,122
230,242,231,235,181,175,47,160,166,165,122,122,123,124,122,123,124,123,123,122
230,242,231,235,181,175,47,160,166,165,122,122,123,124,122,123,124,123,123,122
235,242,231,235,181,175,47,160,166,165,122,122,123,128,122,123,128,123,123,122
235,242,231,235,196,175,47,174,176,175,122,122,123,128,122,123,128,123,123,122
235,242,231,235,196,192,47,174,176,175,128,128,123,128,122,123,128,123,123,122
235,242,231,235,196,192,73,174,176,175,128,128,123,128,122,123,128,123,123,122
235,242,231,235,196,192,73,174,176,175,128,128,123,128,122,123,128,123,123,122
235,242,231,249,196,192,73,174,176,175,128,128,123,128,122,123,128,123,123,122
235,242,231,249,196,192,73,174,176,175,128,128,123,128,122,123,128,123,123,129
235,242,248,249,196,192,73,174,176,175,128,128,123,128,122,123,128,123,123,129
235,242,248,249,196,192,73,182,181,192,128,128,123,128,133,123,128,129,134,133
235,242,248,249,196,192,73,182,181,192,128,128,123,128,133,123,128,129,134,133
235,242,248,249,205,204,73,182,181,192,128,128,133,128,133,123,128,133,136,133
249,242,248,249,205,204,73,182,181,192,128,128,133,128,133,123,128,133,136,133
249,253,248,249,205,204,73,182,181,192,128,128,133,128,133,134,128,133,136,133
249,253,248,249,205,204,73,182,181,192,128,128,133,128,133,134,128,133,136,133
249,253,248,249,205,204,73,182,181,192,128,128,133,128,133,136,128,133,136,133
249,253,248,249,205,204,73,197,195,196,128,128,133,128,133,136,128,133,136,133
249,253,248,252,205,204,73,197,195,196,128,128,133,136,133,136,136,133,136,133
249,253,248,252,205,204,73,197,195,196,128,128,133,136,133,136,136,133,136,133
249,253,248,252,227,212,73,197,195,196,138,137,133,136,133,136,136,133,136,133
249,253,248,252,227,212,73,197,195,196,138,137,133,136,133,136,136,133,136,133
249,253,248,252,227,212,73,197,195,196,139,142,133,136,133,136,136,133,136,133
249,253,248,252,227,212,73,197,195,196,139,142,133,136,133,136,136,133,136,133
252,253,258,252,227,212,73,206,205,204,142,142,133,136,133,136,136,133,136,133
252,253,258,252,227,212,73,206,205,204,142,142,133,136,133,136,136,133,136,133
252,253,258,252,227,212,73,206,205,204,142,142,133,136,138,136,136,133,136,137
252,253,258,252,227,212,73,206,205,204,142,142,133,136,138,136,136,133,136,137
252,264,258,252,232,222,73,206,205,204,142,142,143,136,142,136,136,139,143,142
252,264,258,261,232,222,73,206,205,204,142,142,143,136,142,136,136,139,143,142
252,264,258,261,232,222,73,216,213,212,142,142,143,136,142,136,136,143,143,142
252,264,258,261,232,222,73,216,213,212,142,142,143,136,142,136,136,143,143,142
252,264,258,261,232,222,81,216,213,212,142,142,143,136,142,143,136,143,143,142
252,264,258,261,232,222,81,216,213,212,142,142,143,136,142,143,136,143,143,142
261,264,258,261,232,222,81,216,213,212,142,142,143,144,142,143,144,143,143,142
261,264,258,261,232,222,81,216,213,212,142,142,143,144,142,143,144,143,143,142
261,264,258,261,242,231,81,230,227,222,142,142,143,144,142,143,144,143,143,142
261,264,258,261,242,231,81,230,227,222,142,142,143,144,142,143,144,143,143,142
261,264,258,261,242,231,81,230,227,222,142,144,143,144,142,143,144,143,143,142
261,264,265,261,242,231,81,230,227,222,142,144,143,144,142,143,144,143,143,142
261,264,265,266,242,231,81,230,227,222,144,144,143,144,142,143,144,143,143,142
261,264,265,266,242,231,81,230,227,222,144,144,143,144,142,143,144,143,143,142
261,269,265,266,242,231,81,235,232,231,144,144,143,144,142,143,144,143,143,142
261,269,265,266,242,231,81,235,232,231,144,144,143,144,142,143,144,143,143,142
266,269,265,266,253,248,81,235,232,231,144,144,145,144,146,143,144,143,145,146
266,269,265,266,253,248,81,235,232,231,144,144,145,144,146,143,144,143,145,146
266,269,265,266,253,248,81,235,232,231,144,144,148,144,152,143,144,147,148,147
266,269,265,266,253,248,81,235,232,231,144,144,148,144,152,143,144,147,148,147
266,269,265,266,253,248,81,249,242,248,144,144,153,144,153,153,144,152,154,153
266,269,265,266,253,248,81,249,242,248,144,144,153,144,153,153,144,152,154,153
266,269,265,266,253,248,81,249,242,248,144,144,153,154,153,153,154,155,154,153
266,269,265,270,253,248,81,249,242,248,144,144,153,154,153,153,154,155,154,153
266,269,265,270,264,258,81,249,242,248,144,144,153,154,153,153,154,155,154,153
266,269,265,270,264,258,81,249,242,248,144,144,153,154,153,153,154,155,154,153
270,269,277,270,264,258,81,252,253,258,144,154,153,154,153,153,154,155,154,153
270,269,277,270,264,258,81,252,253,258,144,154,153,154,153,153,154,155,154,153
270,288,277,270,264,258,81,252,253,258,155,154,153,154,153,153,154,155,154,153
270,288,277,270,264,258,81,252,253,258,155,154,153,154,153,153,154,155,154,153
270,288,277,270,264,258,116,252,253,258,155,154,153,154,153,153,154,155,154,153
270,288,277,270,264,258,116,252,253,258,155,154,153,154,153,153,154,155,154,153
270,288,277,270,269,265,116,261,264,265,155,154,153,154,153,153,154,155,154,153
270,288,277,270,269,265,116,261,264,265,155,154,153,154,153,153,154,155,154,153
270,288,277,281,269,265,116,261,264,265,155,154,153,154,153,153,154,155,154,153
270,288,277,281,269,265,116,261,264,265,155,154,153,154,153,153,154,155,154,153
281,288,277,281,269,265,116,261,264,265,155,154,155,154,155,161,154,155,161,162
281,288,277,281,269,265,116,261,264,265,155,154,155,154,155,161,154,155,161,162
281,288,277,281,269,265,116,266,269,270,155,154,155,170,155,162,163,169,163,169
281,288,277,281,269,265,116,266,269,270,155,154,155,170,155,162,163,169,163,169
281,288,277,281,288,277,116,266,269,270,155,154,155,177,155,172,170,172,173,173
281,288,290,281,288,277,116,266,269,270,155,154,155,177,155,172,170,172,173,173
281,293,290,281,288,277,116,266,269,270,155,185,155,185,155,177,179,183,179,183
281,293,290,281,288,277,116,266,269,270,155,185,155,185,155,177,179,183,179,183
281,293,290,281,288,277,116,281,288,277,199,194,155,199,155,190,187,190,187,194
281,293,290,292,288,277,116,281,288,277,199,194,155,199,155,190,187,190,187,194
292,293,290,292,288,277,116,281,288,277,208,210,155,211,155,210,211,200,208,200
292,293,290,292,288,277,116,281,288,277,208,210,155,211,155,210,211,200,208,200
292,293,290,292,293,290,116,281,288,277,217,218,155,220,155,214,220,214,217,218
292,293,290,292,293,290,116,281,288,277,217,218,155,220,155,214,220,214,217,218
292,293,290,292,293,290,116,292,293,290,225,12,155,16,155,225,221,223,221,223
292,293,290,292,293,290,116,292,293,290,225,12,155,16,155,225,221,223,221,223
292,293,290,292,293,290,116,292,293,290,8,29,16,37,8,12,16,21,24,12
292,293,290,292,293,290,116,292,293,290,32,29,34,66,30,34,29,32,30,34
292,293,290,292,293,290,116,292,293,290,47,40,41,81,67,56,61,47,41,56
292,293,290,292,293,290,116,292,293,290,87,73,89,116,89,90,94,87,79,86