129,40,35,29,90,35,29,90,81,40,35,90,81,29,0,0,0,0,0,0
129,40,35,29,90,35,29,90,81,40,35,90,81,29,0,0,0,0,0,0
129,40,35,29,90,35,29,90,81,40,35,90,81,29,0,0,0,0,0,0
129,40,35,29,90,35,29,90,81,40,35,90,81,29,0,0,0,0,0,0
129,40,35,29,90,35,29,90,81,40,35,90,81,29,0,0,0,0,0,0
130,85,93,62,120,81,62,129,85,92,62,183,120,40,0,0,0,0,0,0
130,85,93,62,120,81,62,129,85,92,62,183,120,40,0,0,0,0,0,0
130,85,93,62,120,81,62,129,85,92,62,183,120,40,0,0,0,0,0,0
130,85,93,62,120,81,62,129,85,92,62,183,120,40,0,0,0,0,0,0
130,85,93,62,120,81,62,129,85,92,62,183,120,40,0,0,0,0,0,0
185,92,104,87,180,93,87,183,120,93,87,207,143,85,0,0,0,0,0,0
185,92,104,87,180,93,87,183,120,93,87,207,143,85,0,0,0,0,0,0
185,92,104,87,180,93,87,183,120,93,87,207,143,85,0,0,0,0,0,0
185,92,104,87,180,93,87,183,120,93,87,207,143,85,0,0,0,0,0,0
185,92,104,87,180,93,87,183,120,93,87,207,143,85,0,0,0,0,0,0
198,175,118,94,235,104,94,188,152,118,94,238,152,92,0,0,0,0,0,0
198,175,118,94,235,104,94,188,152,118,94,238,152,92,0,0,0,0,0,0
198,175,118,94,235,104,94,188,152,118,94,238,152,92,0,0,0,0,0,0
198,175,118,94,235,104,94,188,152,118,94,238,152,92,0,0,0,0,0,0
198,175,118,94,235,104,94,188,152,118,94,238,152,92,0,0,0,0,0,0
207,180,140,129,276,118,158,205,175,130,158,263,175,104,0,0,0,0,0,0
207,180,140,129,276,118,158,205,175,130,158,263,175,104,0,0,0,0,0,0
207,180,140,129,276,118,158,205,175,130,158,263,175,104,0,0,0,0,0,0
207,180,140,129,276,118,158,205,175,130,158,263,175,104,0,0,0,0,0,0
207,180,140,129,276,118,158,205,175,130,158,263,175,104,0,0,0,0,0,0
238,189,143,158,279,130,177,207,189,140,177,278,188,180,0,0,0,0,0,0
238,189,143,158,279,130,177,207,189,140,177,278,188,180,0,0,0,0,0,0
238,189,143,158,279,130,177,207,189,140,177,278,188,180,0,0,0,0,0,0
238,189,143,158,279,130,177,207,189,140,177,278,188,180,0,0,0,0,0,0
238,189,143,158,279,130,177,207,189,140,177,278,188,180,0,0,0,0,0,0
290,194,188,177,283,140,185,238,198,194,185,279,189,194,0,0,0,0,0,0
290,194,188,177,283,140,185,238,198,194,185,279,189,194,0,0,0,0,0,0
290,194,188,177,283,140,185,238,198,194,185,279,189,194,0,0,0,0,0,0
290,194,188,177,283,140,185,238,198,194,185,279,189,194,0,0,0,0,0,0
290,194,188,177,283,140,185,238,198,194,185,279,189,194,0,0,0,0,0,0
311,235,195,183,290,143,206,263,201,195,206,290,198,201,0,0,0,0,0,0
311,235,195,183,290,143,206,263,201,195,206,290,198,201,0,0,0,0,0,0
311,235,195,183,290,143,206,263,201,195,206,290,198,201,0,0,0,0,0,0
311,235,195,183,290,143,206,263,201,195,206,290,198,201,0,0,0,0,0,0
311,235,195,183,290,143,206,263,201,195,206,290,198,201,0,0,0,0,0,0
325,245,201,206,300,152,217,278,235,245,217,303,205,245,0,0,0,0,0,0
325,245,201,206,300,152,217,278,235,245,217,303,205,245,0,0,0,0,0,0
325,245,201,206,300,152,217,278,235,245,217,303,205,245,0,0,0,0,0,0
325,245,201,206,300,152,217,278,235,245,217,303,205,245,0,0,0,0,0,0
325,245,201,206,300,152,217,278,235,245,217,303,205,245,0,0,0,0,0,0
326,263,205,217,303,195,222,279,259,258,222,322,254,281,0,0,0,0,0,0
326,263,205,217,303,195,222,279,259,258,222,322,254,281,0,0,0,0,0,0
326,263,205,217,303,195,222,279,259,258,222,322,254,281,0,0,0,0,0,0
326,263,205,217,303,195,222,279,259,258,222,322,254,281,0,0,0,0,0,0
326,263,205,217,303,195,222,279,259,258,222,322,254,281,0,0,0,0,0,0
332,276,254,222,307,254,230,303,283,277,230,323,259,291,0,0,0,0,0,0
332,276,254,222,307,254,230,303,283,277,230,323,259,291,0,0,0,0,0,0
332,276,254,222,307,254,230,303,283,277,230,323,259,291,0,0,0,0,0,0
332,276,254,222,307,254,230,303,283,277,230,323,259,291,0,0,0,0,0,0
332,276,254,222,307,254,230,303,283,277,230,323,259,291,0,0,0,0,0,0
339,283,258,230,319,258,266,322,300,281,266,325,297,293,0,0,0,0,0,0
339,283,258,230,319,258,266,322,300,281,266,325,297,293,0,0,0,0,0,0
339,283,258,230,319,258,266,322,300,281,266,325,297,293,0,0,0,0,0,0
339,283,258,230,319,258,266,322,300,281,266,325,297,293,0,0,0,0,0,0
339,283,258,230,319,258,266,322,300,281,266,325,297,293,0,0,0,0,0,0
350,300,266,259,344,277,281,323,304,293,276,339,302,319,0,0,0,0,0,0
350,300,266,259,344,277,281,323,304,293,276,339,302,319,0,0,0,0,0,0
350,300,266,259,344,277,281,323,304,293,276,339,302,319,0,0,0,0,0,0
350,300,266,259,344,277,281,323,304,293,276,339,302,319,0,0,0,0,0,0
350,300,266,259,344,277,281,323,304,293,276,339,302,319,0,0,0,0,0,0
365,307,277,291,351,294,291,325,326,315,294,344,304,357,0,0,0,0,0,0
365,307,277,291,351,294,291,325,326,315,294,344,304,357,0,0,0,0,0,0
365,307,277,291,351,294,291,325,326,315,294,344,304,357,0,0,0,0,0,0
365,307,277,291,351,294,291,325,326,315,294,344,304,357,0,0,0,0,0,0
365,307,277,291,351,294,291,325,326,315,294,344,304,357,0,0,0,0,0,0
369,319,278,297,354,304,297,339,336,331,307,350,326,365,0,0,0,0,0,0
369,319,278,297,354,304,297,339,336,331,307,350,326,365,0,0,0,0,0,0
369,319,278,297,354,304,297,339,336,331,307,350,326,365,0,0,0,0,0,0
369,319,278,297,354,304,297,339,336,331,307,350,326,365,0,0,0,0,0,0
369,319,278,297,354,304,297,339,336,331,307,350,326,365,0,0,0,0,0,0
382,328,293,302,358,313,302,344,348,357,311,354,328,382,0,0,0,0,0,0
382,328,293,302,358,313,302,344,348,357,311,354,328,382,0,0,0,0,0,0
382,328,293,302,358,313,302,344,348,357,311,354,328,382,0,0,0,0,0,0
382,328,293,302,358,313,302,344,348,357,311,354,328,382,0,0,0,0,0,0
382,328,293,302,358,313,302,344,348,357,311,354,328,382,0,0,0,0,0,0
393,351,294,314,362,315,311,350,358,365,313,362,336,396,0,0,0,0,0,0
393,351,294,314,362,315,311,350,358,365,313,362,336,396,0,0,0,0,0,0
393,351,294,314,362,315,311,350,358,365,313,362,336,396,0,0,0,0,0,0
393,351,294,314,362,315,311,350,358,365,313,362,336,396,0,0,0,0,0,0
393,351,294,314,362,315,311,350,358,365,313,362,336,396,0,0,0,0,0,0
397,357,313,323,366,328,314,354,364,382,314,369,348,399,0,0,0,0,0,0
397,357,313,323,366,328,314,354,364,382,314,369,348,399,0,0,0,0,0,0
397,357,313,323,366,328,314,354,364,382,314,369,348,399,0,0,0,0,0,0
397,357,313,323,366,328,314,354,364,382,314,369,348,399,0,0,0,0,0,0
397,357,313,323,366,328,314,354,364,382,314,369,348,399,0,0,0,0,0,0
399,362,315,371,372,331,332,369,366,396,332,371,358,402,0,0,0,0,0,0
399,362,315,371,372,331,332,369,366,396,332,371,358,402,0,0,0,0,0,0
399,362,315,371,372,331,332,369,366,396,332,371,358,402,0,0,0,0,0,0
399,362,315,371,372,331,332,369,366,396,332,371,358,402,0,0,0,0,0,0
399,362,315,371,372,331,332,369,366,396,332,371,358,402,0,0,0,0,0,0
402,366,322,379,380,336,379,371,377,402,351,372,364,413,0,0,0,0,0,0
402,366,322,379,380,336,379,371,377,402,351,372,364,413,0,0,0,0,0,0
402,366,322,379,380,336,379,371,377,402,351,372,364,413,0,0,0,0,0,0
402,366,322,379,380,336,379,371,377,402,351,372,364,413,0,0,0,0,0,0
402,366,322,379,380,336,379,371,377,402,351,372,364,413,0,0,0,0,0,0
412,377,331,387,383,348,387,372,381,404,379,380,377,425,0,0,0,0,0,0
412,377,331,387,383,348,387,372,381,404,379,380,377,425,0,0,0,0,0,0
412,377,331,387,383,348,387,372,381,404,379,380,377,425,0,0,0,0,0,0
412,377,331,387,383,348,387,372,381,404,379,380,377,425,0,0,0,0,0,0
412,377,331,387,383,348,387,372,381,404,379,380,377,425,0,0,0,0,0,0
421,395,396,398,403,364,398,380,383,407,387,397,381,437,0,0,0,0,0,0
421,395,396,398,403,364,398,380,383,407,387,397,381,437,0,0,0,0,0,0
421,395,396,398,403,364,398,380,383,407,387,397,381,437,0,0,0,0,0,0
421,395,396,398,403,364,398,380,383,407,387,397,381,437,0,0,0,0,0,0
421,395,396,398,403,364,398,380,383,407,387,397,381,437,0,0,0,0,0,0
435,403,404,405,406,381,405,397,389,409,398,419,383,444,0,0,0,0,0,0
435,403,404,405,406,381,405,397,389,409,398,419,383,444,0,0,0,0,0,0
435,403,404,405,406,381,405,397,389,409,398,419,383,444,0,0,0,0,0,0
435,403,404,405,406,381,405,397,389,409,398,419,383,444,0,0,0,0,0,0
435,403,404,405,406,381,405,397,389,409,398,419,383,444,0,0,0,0,0,0
440,406,407,426,413,389,426,399,393,425,405,421,389,450,0,0,0,0,0,0
440,406,407,426,413,389,426,399,393,425,405,421,389,450,0,0,0,0,0,0
440,406,407,426,413,389,426,399,393,425,405,421,389,450,0,0,0,0,0,0
440,406,407,426,413,389,426,399,393,425,405,421,389,450,0,0,0,0,0,0
440,406,407,426,413,389,426,399,393,425,405,421,389,450,0,0,0,0,0,0
448,417,409,429,415,404,429,421,395,432,406,427,393,452,0,0,0,0,0,0
448,417,409,429,415,404,429,421,395,432,406,427,393,452,0,0,0,0,0,0
448,417,409,429,415,404,429,421,395,432,406,427,393,452,0,0,0,0,0,0
448,417,409,429,415,404,429,421,395,432,406,427,393,452,0,0,0,0,0,0
448,417,409,429,415,404,429,421,395,432,406,427,393,452,0,0,0,0,0,0
454,424,419,434,417,407,434,427,403,433,417,435,395,464,0,0,0,0,0,0
454,424,419,434,417,407,434,427,403,433,417,435,395,464,0,0,0,0,0,0
454,424,419,434,417,407,434,427,403,433,417,435,395,464,0,0,0,0,0,0
454,424,419,434,417,407,434,427,403,433,417,435,395,464,0,0,0,0,0,0
454,424,419,434,417,407,434,427,403,433,417,435,395,464,0,0,0,0,0,0
463,431,425,439,427,409,439,435,412,444,426,440,412,467,0,0,0,0,0,0
463,431,425,439,427,409,439,435,412,444,426,440,412,467,0,0,0,0,0,0
463,431,425,439,427,409,439,435,412,444,426,440,412,467,0,0,0,0,0,0
463,431,425,439,427,409,439,435,412,444,426,440,412,467,0,0,0,0,0,0
463,431,425,439,427,409,439,435,412,444,426,440,412,467,0,0,0,0,0,0
465,432,433,447,431,419,444,440,413,446,429,451,415,478,0,0,0,0,0,0
465,432,433,447,431,419,444,440,413,446,429,451,415,478,0,0,0,0,0,0
465,432,433,447,431,419,444,440,413,446,429,451,415,478,0,0,0,0,0,0
465,432,433,447,431,419,444,440,413,446,429,451,415,478,0,0,0,0,0,0
465,432,433,447,431,419,444,440,413,446,429,451,415,478,0,0,0,0,0,0
466,441,437,450,451,428,447,451,415,467,434,457,424,480,0,0,0,0,0,0
466,441,437,450,451,428,447,451,415,467,434,457,424,480,0,0,0,0,0,0
466,441,437,450,451,428,447,451,415,467,434,457,424,480,0,0,0,0,0,0
466,441,437,450,451,428,447,451,415,467,434,457,424,480,0,0,0,0,0,0
466,441,437,450,451,428,447,451,415,467,434,457,424,480,0,0,0,0,0,0
468,452,446,454,452,432,450,457,424,478,439,461,428,488,0,0,0,0,0,0
468,452,446,454,452,432,450,457,424,478,439,461,428,488,0,0,0,0,0,0
468,452,446,454,452,432,450,457,424,478,439,461,428,488,0,0,0,0,0,0
468,452,446,454,452,432,450,457,424,478,439,461,428,488,0,0,0,0,0,0
468,452,446,454,452,432,450,457,424,478,439,461,428,488,0,0,0,0,0,0
472,456,461,462,456,433,460,461,428,480,447,463,441,504,0,0,0,0,0,0
472,456,461,462,456,433,460,461,428,480,447,463,441,504,0,0,0,0,0,0
472,456,461,462,456,433,460,461,428,480,447,463,441,504,0,0,0,0,0,0
472,456,461,462,456,433,460,461,428,480,447,463,441,504,0,0,0,0,0,0
472,456,461,462,456,433,460,461,428,480,447,463,441,504,0,0,0,0,0,0
478,457,470,471,458,437,462,466,431,484,454,466,448,508,0,0,0,0,0,0
478,457,470,471,458,437,462,466,431,484,454,466,448,508,0,0,0,0,0,0
478,457,470,471,458,437,462,466,431,484,454,466,448,508,0,0,0,0,0,0
478,457,470,471,458,437,462,466,431,484,454,466,448,508,0,0,0,0,0,0
478,457,470,471,458,437,462,466,431,484,454,466,448,508,0,0,0,0,0,0
485,458,484,476,463,446,465,468,441,488,460,468,453,510,0,0,0,0,0,0
485,458,484,476,463,446,465,468,441,488,460,468,453,510,0,0,0,0,0,0
485,458,484,476,463,446,465,468,441,488,460,468,453,510,0,0,0,0,0,0
485,458,484,476,463,446,465,468,441,488,460,468,453,510,0,0,0,0,0,0
485,458,484,476,463,446,465,468,441,488,460,468,453,510,0,0,0,0,0,0
495,460,487,492,469,453,467,472,448,489,465,472,462,517,0,0,0,0,0,0
495,460,487,492,469,453,467,472,448,489,465,472,462,517,0,0,0,0,0,0
495,460,487,492,469,453,467,472,448,489,465,472,462,517,0,0,0,0,0,0
495,460,487,492,469,453,467,472,448,489,465,472,462,517,0,0,0,0,0,0
495,460,487,492,469,453,467,472,448,489,465,472,462,517,0,0,0,0,0,0
498,469,489,502,479,464,471,486,453,490,469,486,470,518,0,0,0,0,0,0
498,469,489,502,479,464,471,486,453,490,469,486,470,518,0,0,0,0,0,0
498,469,489,502,479,464,471,486,453,490,469,486,470,518,0,0,0,0,0,0
498,469,489,502,479,464,471,486,453,490,469,486,470,518,0,0,0,0,0,0
498,469,489,502,479,464,471,486,453,490,469,486,470,518,0,0,0,0,0,0
504,474,500,505,482,470,476,493,456,500,471,493,474,524,0,0,0,0,0,0
504,474,500,505,482,470,476,493,456,500,471,493,474,524,0,0,0,0,0,0
504,474,500,505,482,470,476,493,456,500,471,493,474,524,0,0,0,0,0,0
504,474,500,505,482,470,476,493,456,500,471,493,474,524,0,0,0,0,0,0
504,474,500,505,482,470,476,493,456,500,471,493,474,524,0,0,0,0,0,0
505,479,507,508,493,480,485,495,458,504,476,495,482,529,0,0,0,0,0,0
505,479,507,508,493,480,485,495,458,504,476,495,482,529,0,0,0,0,0,0
505,479,507,508,493,480,485,495,458,504,476,495,482,529,0,0,0,0,0,0
505,479,507,508,493,480,485,495,458,504,476,495,482,529,0,0,0,0,0,0
505,479,507,508,493,480,485,495,458,504,476,495,482,529,0,0,0,0,0,0
511,482,513,511,497,484,492,496,464,510,485,496,487,535,0,0,0,0,0,0
511,482,513,511,497,484,492,496,464,510,485,496,487,535,0,0,0,0,0,0
511,482,513,511,497,484,492,496,464,510,485,496,487,535,0,0,0,0,0,0
511,482,513,511,497,484,492,496,464,510,485,496,487,535,0,0,0,0,0,0
511,482,513,511,497,484,492,496,464,510,485,496,487,535,0,0,0,0,0,0
522,486,516,526,501,488,507,497,474,517,492,497,498,547,0,0,0,0,0,0
522,486,516,526,501,488,507,497,474,517,492,497,498,547,0,0,0,0,0,0
522,486,516,526,501,488,507,497,474,517,492,497,498,547,0,0,0,0,0,0
522,486,516,526,501,488,507,497,474,517,492,497,498,547,0,0,0,0,0,0
522,486,516,526,501,488,507,497,474,517,492,497,498,547,0,0,0,0,0,0
527,490,518,531,509,489,510,501,479,518,511,501,512,554,0,0,0,0,0,0
527,490,518,531,509,489,510,501,479,518,511,501,512,554,0,0,0,0,0,0
527,490,518,531,509,489,510,501,479,518,511,501,512,554,0,0,0,0,0,0
527,490,518,531,509,489,510,501,479,518,511,501,512,554,0,0,0,0,0,0
527,490,518,531,509,489,510,501,479,518,511,501,512,554,0,0,0,0,0,0
535,496,524,532,512,490,522,502,487,529,522,502,515,558,0,0,0,0,0,0
535,496,524,532,512,490,522,502,487,529,522,502,515,558,0,0,0,0,0,0
535,496,524,532,512,490,522,502,487,529,522,502,515,558,0,0,0,0,0,0
535,496,524,532,512,490,522,502,487,529,522,502,515,558,0,0,0,0,0,0
535,496,524,532,512,490,522,502,487,529,522,502,515,558,0,0,0,0,0,0
536,512,529,539,514,500,526,508,498,535,526,505,516,562,0,0,0,0,0,0
536,512,529,539,514,500,526,508,498,535,526,505,516,562,0,0,0,0,0,0
536,512,529,539,514,500,526,508,498,535,526,505,516,562,0,0,0,0,0,0
536,512,529,539,514,500,526,508,498,535,526,505,516,562,0,0,0,0,0,0
536,512,529,539,514,500,526,508,498,535,526,505,516,562,0,0,0,0,0,0
540,517,538,543,519,515,531,509,515,538,531,507,523,565,0,0,0,0,0,0
540,517,538,543,519,515,531,509,515,538,531,507,523,565,0,0,0,0,0,0
540,517,538,543,519,515,531,509,515,538,531,507,523,565,0,0,0,0,0,0
540,517,538,543,519,515,531,509,515,538,531,507,523,565,0,0,0,0,0,0
540,517,538,543,519,515,531,509,515,538,531,507,523,565,0,0,0,0,0,0
553,519,547,548,521,524,532,513,516,547,532,509,528,570,0,0,0,0,0,0
553,519,547,548,521,524,532,513,516,547,532,509,528,570,0,0,0,0,0,0
553,519,547,548,521,524,532,513,516,547,532,509,528,570,0,0,0,0,0,0
553,519,547,548,521,524,532,513,516,547,532,509,528,570,0,0,0,0,0,0
553,519,547,548,521,524,532,513,516,547,532,509,528,570,0,0,0,0,0,0
556,523,555,553,523,534,539,514,519,555,539,513,530,580,0,0,0,0,0,0
556,523,555,553,523,534,539,514,519,555,539,513,530,580,0,0,0,0,0,0
556,523,555,553,523,534,539,514,519,555,539,513,530,580,0,0,0,0,0,0
556,523,555,553,523,534,539,514,519,555,539,513,530,580,0,0,0,0,0,0
556,523,555,553,523,534,539,514,519,555,539,513,530,580,0,0,0,0,0,0
565,528,558,562,533,538,543,521,528,565,543,514,534,586,0,0,0,0,0,0
565,528,558,562,533,538,543,521,528,565,543,514,534,586,0,0,0,0,0,0
565,528,558,562,533,538,543,521,528,565,543,514,534,586,0,0,0,0,0,0
565,528,558,562,533,538,543,521,528,565,543,514,534,586,0,0,0,0,0,0
565,528,558,562,533,538,543,521,528,565,543,514,534,586,0,0,0,0,0,0
570,530,560,568,537,551,548,527,530,570,548,521,545,587,0,0,0,0,0,0
570,530,560,568,537,551,548,527,530,570,548,521,545,587,0,0,0,0,0,0
570,530,560,568,537,551,548,527,530,570,548,521,545,587,0,0,0,0,0,0
570,530,560,568,537,551,548,527,530,570,548,521,545,587,0,0,0,0,0,0
570,530,560,568,537,551,548,527,530,570,548,521,545,587,0,0,0,0,0,0
582,537,567,576,550,555,556,533,534,583,556,527,551,589,0,0,0,0,0,0
582,537,567,576,550,555,556,533,534,583,556,527,551,589,0,0,0,0,0,0
582,537,567,576,550,555,556,533,534,583,556,527,551,589,0,0,0,0,0,0
582,537,567,576,550,555,556,533,534,583,556,527,551,589,0,0,0,0,0,0
582,537,567,576,550,555,556,533,534,583,556,527,551,589,0,0,0,0,0,0
586,545,574,584,554,558,562,536,537,588,566,533,553,599,0,0,0,0,0,0
586,545,574,584,554,558,562,536,537,588,566,533,553,599,0,0,0,0,0,0
586,545,574,584,554,558,562,536,537,588,566,533,553,599,0,0,0,0,0,0
586,545,574,584,554,558,562,536,537,588,566,533,553,599,0,0,0,0,0,0
586,545,574,584,554,558,562,536,537,588,566,533,553,599,0,0,0,0,0,0
589,554,580,585,561,564,568,540,545,590,574,536,560,600,0,0,0,0,0,0
589,554,580,585,561,564,568,540,545,590,574,536,560,600,0,0,0,0,0,0
589,554,580,585,561,564,568,540,545,590,574,536,560,600,0,0,0,0,0,0
589,554,580,585,561,564,568,540,545,590,574,536,560,600,0,0,0,0,0,0
589,554,580,585,561,564,568,540,545,590,574,536,560,600,0,0,0,0,0,0
591,557,583,586,563,566,574,550,551,607,576,540,561,602,0,0,0,0,0,0
591,557,583,586,563,566,574,550,551,607,576,540,561,602,0,0,0,0,0,0
591,557,583,586,563,566,574,550,551,607,576,540,561,602,0,0,0,0,0,0
591,557,583,586,563,566,574,550,551,607,576,540,561,602,0,0,0,0,0,0
591,557,583,586,563,566,574,550,551,607,576,540,561,602,0,0,0,0,0,0
604,561,588,589,569,580,576,557,560,610,584,550,564,607,0,0,0,0,0,0
604,561,588,589,569,580,576,557,560,610,584,550,564,607,0,0,0,0,0,0
604,561,588,589,569,580,576,557,560,610,584,550,564,607,0,0,0,0,0,0
604,561,588,589,569,580,576,557,560,610,584,550,564,607,0,0,0,0,0,0
604,561,588,589,569,580,576,557,560,610,584,550,564,607,0,0,0,0,0,0
605,566,590,593,572,583,584,563,564,614,591,557,567,609,0,0,0,0,0,0
605,566,590,593,572,583,584,563,564,614,591,557,567,609,0,0,0,0,0,0
605,566,590,593,572,583,584,563,564,614,591,557,567,609,0,0,0,0,0,0
605,566,590,593,572,583,584,563,564,614,591,557,567,609,0,0,0,0,0,0
605,566,590,593,572,583,584,563,564,614,591,557,567,609,0,0,0,0,0,0
608,573,599,594,573,588,591,572,567,621,596,563,568,610,0,0,0,0,0,0
608,573,599,594,573,588,591,572,567,621,596,563,568,610,0,0,0,0,0,0
608,573,599,594,573,588,591,572,567,621,596,563,568,610,0,0,0,0,0,0
608,573,599,594,573,588,591,572,567,621,596,563,568,610,0,0,0,0,0,0
608,573,599,594,573,588,591,572,567,621,596,563,568,610,0,0,0,0,0,0
609,579,602,600,587,590,593,582,569,624,603,572,569,616,0,0,0,0,0,0
609,579,602,600,587,590,593,582,569,624,603,572,569,616,0,0,0,0,0,0
609,579,602,600,587,590,593,582,569,624,603,572,569,616,0,0,0,0,0,0
609,579,602,600,587,590,593,582,569,624,603,572,569,616,0,0,0,0,0,0
609,579,602,600,587,590,593,582,569,624,603,572,569,616,0,0,0,0,0,0
619,587,607,603,595,599,603,592,579,632,604,582,573,621,0,0,0,0,0,0
619,587,607,603,595,599,603,592,579,632,604,582,573,621,0,0,0,0,0,0
619,587,607,603,595,599,603,592,579,632,604,582,573,621,0,0,0,0,0,0
619,587,607,603,595,599,603,592,579,632,604,582,573,621,0,0,0,0,0,0
619,587,607,603,595,599,603,592,579,632,604,582,573,621,0,0,0,0,0,0
622,592,615,609,596,602,604,594,585,634,615,592,579,624,0,0,0,0,0,0
622,592,615,609,596,602,604,594,585,634,615,592,579,624,0,0,0,0,0,0
622,592,615,609,596,602,604,594,585,634,615,592,579,624,0,0,0,0,0,0
622,592,615,609,596,602,604,594,585,634,615,592,579,624,0,0,0,0,0,0
622,592,615,609,596,602,604,594,585,634,615,592,579,624,0,0,0,0,0,0
632,596,617,612,597,614,610,597,595,639,618,597,585,629,0,0,0,0,0,0
632,596,617,612,597,614,610,597,595,639,618,597,585,629,0,0,0,0,0,0
632,596,617,612,597,614,610,597,595,639,618,597,585,629,0,0,0,0,0,0
632,596,617,612,597,614,610,597,595,639,618,597,585,629,0,0,0,0,0,0
632,596,617,612,597,614,610,597,595,639,618,597,585,629,0,0,0,0,0,0
636,598,628,618,598,616,615,605,600,643,622,605,593,632,0,0,0,0,0,0
636,598,628,618,598,616,615,605,600,643,622,605,593,632,0,0,0,0,0,0
636,598,628,618,598,616,615,605,600,643,622,605,593,632,0,0,0,0,0,0
636,598,628,618,598,616,615,605,600,643,622,605,593,632,0,0,0,0,0,0
636,598,628,618,598,616,615,605,600,643,622,605,593,632,0,0,0,0,0,0
642,606,634,622,619,621,618,608,606,644,633,608,594,638,0,0,0,0,0,0
642,606,634,622,619,621,618,608,606,644,633,608,594,638,0,0,0,0,0,0
642,606,634,622,619,621,618,608,606,644,633,608,594,638,0,0,0,0,0,0
642,606,634,622,619,621,618,608,606,644,633,608,594,638,0,0,0,0,0,0
642,606,634,622,619,621,618,608,606,644,633,608,594,638,0,0,0,0,0,0
647,614,638,629,623,631,624,612,616,651,635,612,595,639,0,0,0,0,0,0
647,614,638,629,623,631,624,612,616,651,635,612,595,639,0,0,0,0,0,0
647,614,638,629,623,631,624,612,616,651,635,612,595,639,0,0,0,0,0,0
647,614,638,629,623,631,624,612,616,651,635,612,595,639,0,0,0,0,0,0
651,623,644,635,633,634,629,617,619,651,635,617,595,639,0,0,0,0,0,0
651,623,644,635,633,634,629,617,619,654,640,617,598,643,0,0,0,0,0,0
651,623,644,635,633,634,629,617,619,654,640,617,598,643,0,0,0,0,0,0
651,623,644,635,633,634,629,617,619,654,640,617,598,643,0,0,0,0,0,0
652,627,649,640,641,638,635,627,628,654,640,627,598,643,0,0,0,0,0,0
652,627,649,640,641,638,635,627,628,654,640,627,598,643,0,0,0,0,0,0
652,627,649,640,641,638,635,627,628,656,645,627,606,649,0,0,0,0,0,0
652,627,649,640,641,638,635,627,628,656,645,627,606,649,0,0,0,0,0,0
653,633,656,645,655,644,639,636,631,656,645,636,606,649,0,0,0,0,0,0
653,633,656,645,655,644,639,636,631,656,645,636,606,649,0,0,0,0,0,0
653,633,656,645,655,644,639,636,631,656,645,636,606,649,0,0,0,0,0,0
653,633,656,645,655,644,639,636,631,660,655,636,623,651,0,0,0,0,0,0
654,637,660,652,658,649,640,641,637,660,655,641,623,651,0,0,0,0,0,0
654,637,660,652,658,649,640,641,637,660,655,641,623,651,0,0,0,0,0,0
654,637,660,652,658,649,640,641,637,660,655,641,623,651,0,0,0,0,0,0
654,637,660,652,658,649,640,641,637,660,655,641,623,651,0,0,0,0,0,0
658,643,663,657,661,656,645,652,642,663,657,664,628,654,0,0,0,0,0,0
658,643,663,657,661,656,645,652,642,663,657,664,628,654,0,0,0,0,0,0
658,643,663,657,661,656,645,652,642,663,657,664,628,654,0,0,0,0,0,0
658,643,663,657,661,656,645,652,642,663,657,664,628,654,0,0,0,0,0,0
664,655,665,662,672,660,657,664,647,665,661,667,631,671,0,0,0,0,0,0
664,655,665,662,672,660,657,664,647,665,661,667,631,671,0,0,0,0,0,0
664,655,665,662,672,660,657,664,647,665,661,667,631,671,0,0,0,0,0,0
664,655,665,662,672,660,657,664,647,665,661,667,631,671,0,0,0,0,0,0
667,661,670,666,676,663,662,667,653,671,662,670,637,673,0,0,0,0,0,0
667,661,670,666,676,663,662,667,653,671,662,670,637,673,0,0,0,0,0,0
667,661,670,666,676,663,662,667,653,671,662,670,637,673,0,0,0,0,0,0
667,661,670,666,676,663,662,667,653,671,662,670,637,673,0,0,0,0,0,0
674,676,675,669,691,665,666,670,658,673,666,672,642,686,0,0,0,0,0,0
674,676,675,669,691,665,666,670,658,673,666,672,642,686,0,0,0,0,0,0
674,676,675,669,691,665,666,670,658,673,666,672,642,686,0,0,0,0,0,0
674,676,675,669,691,665,666,670,658,673,666,672,642,686,0,0,0,0,0,0
678,685,680,671,694,674,669,672,676,674,669,684,647,688,0,0,0,0,0,0
678,685,680,671,694,674,669,672,676,674,669,684,647,688,0,0,0,0,0,0
678,685,680,671,694,674,669,672,676,674,669,684,647,688,0,0,0,0,0,0
678,685,680,671,694,674,669,672,676,674,669,684,647,688,0,0,0,0,0,0
681,691,682,681,701,680,673,684,685,680,675,690,653,691,0,0,0,0,0,0
681,691,682,681,701,680,673,684,685,680,675,690,653,691,0,0,0,0,0,0
681,691,682,681,701,680,673,684,685,680,675,690,653,691,0,0,0,0,0,0
681,691,682,681,701,680,673,684,685,680,675,690,653,691,0,0,0,0,0,0
684,694,686,683,704,682,675,690,692,681,678,693,682,692,0,0,0,0,0,0
684,694,686,683,704,682,675,690,692,681,678,693,682,692,0,0,0,0,0,0
684,694,686,683,704,682,675,690,692,681,678,693,682,692,0,0,0,0,0,0
684,694,686,683,704,682,675,690,692,681,678,693,682,692,0,0,0,0,0,0
690,697,688,687,707,686,678,693,695,688,683,696,685,697,0,0,0,0,0,0
690,697,688,687,707,686,678,693,695,688,683,696,685,697,0,0,0,0,0,0
690,697,688,687,707,686,678,693,695,688,683,696,685,697,0,0,0,0,0,0
690,697,688,687,707,686,678,693,695,688,683,696,685,697,0,0,0,0,0,0
693,700,699,689,708,692,683,696,699,694,689,701,687,700,0,0,0,0,0,0
693,700,699,689,708,692,683,696,699,694,689,701,687,700,0,0,0,0,0,0
693,700,699,689,708,692,683,696,699,694,689,701,687,700,0,0,0,0,0,0
693,700,699,689,708,692,683,696,699,694,689,701,687,700,0,0,0,0,0,0
696,704,702,703,709,695,687,701,707,697,702,704,695,705,0,0,0,0,0,0
696,704,702,703,709,695,687,701,707,697,702,704,695,705,0,0,0,0,0,0
696,704,702,703,709,695,687,701,707,697,702,704,695,705,0,0,0,0,0,0
696,704,702,703,709,695,687,701,707,697,702,704,695,705,0,0,0,0,0,0
703,708,705,706,711,702,689,711,708,700,703,711,699,707,0,0,0,0,0,0
703,708,705,706,711,702,689,711,708,700,703,711,699,707,0,0,0,0,0,0
703,708,705,706,711,702,689,711,708,700,703,711,699,707,0,0,0,0,0,0
703,708,705,706,711,702,689,711,708,700,703,711,699,707,0,0,0,0,0,0
710,712,713,710,712,705,706,713,712,709,706,713,710,709,0,0,0,0,0,0
710,712,713,710,712,705,706,713,712,709,706,713,710,709,0,0,0,0,0,0
710,712,713,710,712,705,706,713,712,709,706,713,710,709,0,0,0,0,0,0
710,712,713,710,712,705,706,713,712,709,706,713,710,709,0,0,0,0,0,0