6,11,14,16,19
6,11,14,16,19
