43,18,8,20,18,10,20,43,10,8,20,43,10,8,0,0,0,0,0,0
43,18,8,20,18,10,20,43,10,8,20,43,10,8,0,0,0,0,0,0
43,18,8,20,18,10,20,43,10,8,20,43,10,8,0,0,0,0,0,0
43,18,8,20,18,10,20,43,10,8,20,43,10,8,0,0,0,0,0,0
43,18,8,20,18,10,20,43,10,8,20,43,10,8,0,0,0,0,0,0
43,18,8,20,18,10,20,43,10,8,20,43,10,8,0,0,0,0,0,0
43,18,8,20,18,10,20,43,10,8,20,43,10,8,0,0,0,0,0,0
43,18,8,20,18,10,20,43,10,8,20,43,10,8,0,0,0,0,0,0
50,22,8,48,39,10,20,43,10,8,20,43,10,8,0,0,0,0,0,0
50,22,23,48,39,23,48,71,22,29,48,71,22,18,0,0,0,0,0,0
50,22,23,48,39,23,48,71,22,29,48,71,22,18,0,0,0,0,0,0
50,22,23,48,39,23,48,71,22,29,48,71,22,18,0,0,0,0,0,0
50,22,23,48,39,23,48,71,22,29,48,71,22,18,0,0,0,0,0,0
50,22,23,48,39,23,48,71,22,29,48,71,22,18,0,0,0,0,0,0
50,22,23,48,39,23,48,71,22,29,48,71,22,18,0,0,0,0,0,0
50,22,23,48,39,23,48,71,22,29,48,71,22,18,0,0,0,0,0,0
71,29,23,79,55,23,48,71,22,29,48,71,22,18,0,0,0,0,0,0
71,29,23,79,55,23,48,71,22,29,48,71,22,18,0,0,0,0,0,0
71,29,30,79,55,30,91,79,44,30,91,100,44,23,0,0,0,0,0,0
71,29,30,79,55,30,91,79,44,30,91,100,44,23,0,0,0,0,0,0
71,29,30,79,55,30,91,79,44,30,91,100,44,23,0,0,0,0,0,0
71,29,30,79,55,30,91,79,44,30,91,100,44,23,0,0,0,0,0,0
71,29,30,79,55,30,91,79,44,30,91,100,44,23,0,0,0,0,0,0
71,29,30,79,55,30,91,79,44,30,91,100,44,23,0,0,0,0,0,0
79,39,30,91,65,30,91,79,44,30,91,100,44,23,0,0,0,0,0,0
79,39,30,91,65,30,91,79,44,30,91,100,44,23,0,0,0,0,0,0
79,39,30,91,65,30,91,79,44,30,91,100,44,23,0,0,0,0,0,0
79,39,41,91,65,41,103,100,50,41,103,118,50,29,0,0,0,0,0,0
79,39,41,91,65,41,103,100,50,41,103,118,50,29,0,0,0,0,0,0
79,39,41,91,65,41,103,100,50,41,103,118,50,29,0,0,0,0,0,0
79,39,41,91,65,41,103,100,50,41,103,118,50,29,0,0,0,0,0,0
79,39,41,91,65,41,103,100,50,41,103,118,50,29,0,0,0,0,0,0
112,44,41,103,100,41,103,100,50,41,103,118,50,29,0,0,0,0,0,0
112,44,41,103,100,41,103,100,50,41,103,118,50,29,0,0,0,0,0,0
112,44,41,103,100,41,103,100,50,41,103,118,50,29,0,0,0,0,0,0
112,44,41,103,100,41,103,100,50,41,103,118,50,29,0,0,0,0,0,0
112,44,57,103,100,57,105,118,65,66,105,124,81,39,0,0,0,0,0,0
112,44,57,103,100,57,105,118,65,66,105,124,81,39,0,0,0,0,0,0
112,44,57,103,100,57,105,118,65,66,105,124,81,39,0,0,0,0,0,0
112,44,57,103,100,57,105,118,65,66,105,124,81,39,0,0,0,0,0,0
129,55,57,105,102,57,105,118,65,66,105,124,81,39,0,0,0,0,0,0
129,55,57,105,102,57,105,118,65,66,105,124,81,39,0,0,0,0,0,0
129,55,57,105,102,57,105,118,65,66,105,124,81,39,0,0,0,0,0,0
129,55,57,105,102,57,105,118,65,66,105,124,81,39,0,0,0,0,0,0
129,55,57,105,102,57,105,118,65,66,105,124,81,39,0,0,0,0,0,0
129,55,66,105,102,66,116,124,81,85,116,142,88,55,0,0,0,0,0,0
129,55,66,105,102,66,116,124,81,85,116,142,88,55,0,0,0,0,0,0
129,55,66,105,102,66,116,124,81,85,116,142,88,55,0,0,0,0,0,0
142,65,66,116,118,66,116,124,81,85,116,142,88,55,0,0,0,0,0,0
142,65,66,116,118,66,116,124,81,85,116,142,88,55,0,0,0,0,0,0
142,65,66,116,118,66,116,124,81,85,116,142,88,55,0,0,0,0,0,0
142,65,66,116,118,66,116,124,81,85,116,142,88,55,0,0,0,0,0,0
142,65,66,116,118,66,116,124,81,85,116,142,88,55,0,0,0,0,0,0
142,65,66,116,118,66,116,124,81,85,116,142,88,55,0,0,0,0,0,0
142,65,85,116,118,81,133,142,88,104,133,146,108,57,0,0,0,0,0,0
142,65,85,116,118,81,133,142,88,104,133,146,108,57,0,0,0,0,0,0
148,88,85,133,146,81,133,142,88,104,133,146,108,57,0,0,0,0,0,0
148,88,85,133,146,81,133,142,88,104,133,146,108,57,0,0,0,0,0,0
148,88,85,133,146,81,133,142,88,104,133,146,108,57,0,0,0,0,0,0
148,88,85,133,146,81,133,142,88,104,133,146,108,57,0,0,0,0,0,0
148,88,85,133,146,81,133,142,88,104,133,146,108,57,0,0,0,0,0,0
148,88,85,133,146,81,133,142,88,104,133,146,108,57,0,0,0,0,0,0
148,88,85,133,146,81,133,142,88,104,133,146,108,57,0,0,0,0,0,0
148,88,89,133,146,85,153,146,108,107,153,149,112,89,0,0,0,0,0,0
150,102,89,152,149,85,153,146,108,107,153,149,112,89,0,0,0,0,0,0
150,102,89,152,149,85,153,146,108,107,153,149,112,89,0,0,0,0,0,0
150,102,89,152,149,85,153,146,108,107,153,149,112,89,0,0,0,0,0,0
150,102,89,152,149,85,153,146,108,107,153,149,112,89,0,0,0,0,0,0
150,102,89,152,149,85,153,146,108,107,153,149,112,89,0,0,0,0,0,0
150,102,89,152,149,85,153,146,108,107,153,149,112,89,0,0,0,0,0,0
150,102,89,152,149,85,153,146,108,107,153,149,112,89,0,0,0,0,0,0
150,102,89,152,149,85,153,146,108,107,153,149,112,89,0,0,0,0,0,0
152,108,104,163,160,89,163,149,112,115,163,158,128,102,0,0,0,0,0,0
152,108,104,163,160,89,163,149,112,115,163,158,128,102,0,0,0,0,0,0
152,108,104,163,160,89,163,149,112,115,163,158,128,102,0,0,0,0,0,0
152,108,104,163,160,89,163,149,112,115,163,158,128,102,0,0,0,0,0,0
152,108,104,163,160,89,163,149,112,115,163,158,128,102,0,0,0,0,0,0
152,108,104,163,160,89,163,149,112,115,163,158,128,102,0,0,0,0,0,0
152,108,104,163,160,89,163,149,112,115,163,158,128,102,0,0,0,0,0,0
152,108,104,163,160,89,163,149,112,115,163,158,128,102,0,0,0,0,0,0
153,124,107,174,175,104,174,158,128,125,174,171,143,102,0,0,0,0,0,0
153,124,107,174,175,104,174,158,128,125,174,171,143,109,0,0,0,0,0,0
153,124,107,174,175,104,174,158,128,125,174,171,143,109,0,0,0,0,0,0
153,124,107,174,175,104,174,158,128,125,174,171,143,109,0,0,0,0,0,0
153,124,107,174,175,104,174,158,128,125,174,171,143,109,0,0,0,0,0,0
153,124,107,174,175,104,174,158,128,125,174,171,143,109,0,0,0,0,0,0
153,124,107,174,175,104,174,158,128,125,174,171,143,109,0,0,0,0,0,0
153,124,107,174,175,104,174,158,128,125,174,171,143,109,0,0,0,0,0,0
158,143,109,176,178,107,176,171,143,129,176,175,150,109,0,0,0,0,0,0
158,143,109,176,178,107,176,171,143,129,176,175,150,109,0,0,0,0,0,0
158,143,109,176,178,107,176,171,143,129,176,175,150,125,0,0,0,0,0,0
158,143,109,176,178,107,176,171,143,129,176,175,150,125,0,0,0,0,0,0
158,143,109,176,178,107,176,171,143,129,176,175,150,125,0,0,0,0,0,0
158,143,109,176,178,107,176,171,143,129,176,175,150,125,0,0,0,0,0,0
158,143,109,176,178,107,176,171,143,129,176,175,150,125,0,0,0,0,0,0
158,143,109,176,178,107,176,171,143,129,176,175,150,125,0,0,0,0,0,0
171,160,115,187,181,109,187,175,150,148,187,188,152,125,0,0,0,0,0,0
171,160,115,187,181,109,187,175,150,148,187,188,152,125,0,0,0,0,0,0
171,160,115,187,181,109,187,175,150,148,187,188,152,125,0,0,0,0,0,0
171,160,115,187,181,109,187,175,150,148,187,188,152,129,0,0,0,0,0,0
171,160,115,187,181,109,187,175,150,148,187,188,152,129,0,0,0,0,0,0
171,160,115,187,181,109,187,175,150,148,187,188,152,129,0,0,0,0,0,0
171,160,115,187,181,109,187,175,150,148,187,188,152,129,0,0,0,0,0,0
171,160,115,187,181,109,187,175,150,148,187,188,152,129,0,0,0,0,0,0
180,172,125,196,185,115,192,188,161,159,194,196,160,129,0,0,0,0,0,0
180,172,125,196,185,115,192,188,161,159,194,196,160,129,0,0,0,0,0,0
180,172,125,196,185,115,192,188,161,159,194,196,160,129,0,0,0,0,0,0
180,172,125,196,185,115,192,188,161,159,194,196,160,129,0,0,0,0,0,0
180,172,125,196,185,115,192,188,161,159,194,196,160,148,0,0,0,0,0,0
180,172,125,196,185,115,192,188,161,159,194,196,160,148,0,0,0,0,0,0
180,172,125,196,185,115,192,188,161,159,194,196,160,148,0,0,0,0,0,0
180,172,125,196,185,115,192,188,161,159,194,196,160,148,0,0,0,0,0,0
188,178,159,200,206,128,194,197,172,165,203,197,161,148,0,0,0,0,0,0
188,178,159,200,206,128,194,197,172,165,203,197,161,148,0,0,0,0,0,0
188,178,159,200,206,128,194,197,172,165,203,197,161,148,0,0,0,0,0,0
188,178,159,200,206,128,194,197,172,165,203,197,161,148,0,0,0,0,0,0
188,178,159,200,206,128,194,197,172,165,203,197,161,148,0,0,0,0,0,0
188,178,159,200,206,128,194,197,172,165,203,197,161,165,0,0,0,0,0,0
188,178,159,200,206,128,194,197,172,165,203,197,161,165,0,0,0,0,0,0
188,178,159,200,206,128,194,197,172,165,203,197,161,165,0,0,0,0,0,0
191,185,165,203,210,159,196,200,178,181,210,200,172,165,0,0,0,0,0,0
191,185,165,203,210,159,196,200,178,181,210,200,172,165,0,0,0,0,0,0
191,185,165,203,210,159,196,200,178,181,210,200,172,165,0,0,0,0,0,0
191,185,165,203,210,159,196,200,178,181,210,200,172,165,0,0,0,0,0,0
191,185,165,203,210,159,196,200,178,181,210,200,172,165,0,0,0,0,0,0
191,185,165,203,210,159,196,200,178,181,210,200,172,165,0,0,0,0,0,0
191,185,165,203,210,159,196,200,178,181,210,200,172,173,0,0,0,0,0,0
191,185,165,203,210,159,196,200,178,181,210,200,172,173,0,0,0,0,0,0
194,205,173,216,217,161,203,206,180,183,216,211,180,173,0,0,0,0,0,0
194,205,173,216,217,161,203,206,180,183,216,211,180,173,0,0,0,0,0,0
194,205,173,216,217,161,203,206,180,183,216,211,180,173,0,0,0,0,0,0
194,205,173,216,217,161,203,206,180,183,216,211,180,173,0,0,0,0,0,0
194,205,173,216,217,161,203,206,180,183,216,211,180,173,0,0,0,0,0,0
194,205,173,216,217,161,203,206,180,183,216,211,180,173,0,0,0,0,0,0
194,205,173,216,217,161,203,206,180,183,216,211,180,173,0,0,0,0,0,0
194,205,173,216,217,161,203,206,180,183,216,211,180,181,0,0,0,0,0,0
197,208,183,220,232,173,216,217,189,191,223,217,185,181,0,0,0,0,0,0
197,208,183,220,232,173,216,217,189,191,223,217,185,181,0,0,0,0,0,0
197,208,183,220,232,173,216,217,189,191,223,217,185,181,0,0,0,0,0,0
197,208,183,220,232,173,216,217,189,191,223,217,185,181,0,0,0,0,0,0
197,208,183,220,232,173,216,217,189,191,223,217,185,181,0,0,0,0,0,0
197,208,183,220,232,173,216,217,189,191,223,217,185,181,0,0,0,0,0,0
197,208,183,220,232,173,216,217,189,191,223,217,185,181,0,0,0,0,0,0
197,208,183,220,232,173,216,217,189,191,223,217,185,181,0,0,0,0,0,0
209,210,186,228,233,183,223,232,193,192,233,220,189,186,0,0,0,0,0,0
209,210,186,228,233,183,223,232,193,192,233,220,189,186,0,0,0,0,0,0
209,210,186,228,233,183,223,232,193,192,233,220,189,186,0,0,0,0,0,0
209,210,186,228,233,183,223,232,193,192,233,220,189,186,0,0,0,0,0,0
209,210,186,228,233,183,223,232,193,192,233,220,189,186,0,0,0,0,0,0
209,210,186,228,233,183,223,232,193,192,233,220,189,186,0,0,0,0,0,0
209,210,186,228,233,183,223,232,193,192,233,220,189,186,0,0,0,0,0,0
209,210,186,228,233,183,223,232,193,192,233,220,189,186,0,0,0,0,0,0
220,214,193,235,249,186,228,249,207,199,235,232,193,191,0,0,0,0,0,0
220,214,193,235,249,186,228,249,207,199,235,232,193,191,0,0,0,0,0,0
220,214,193,235,249,186,228,249,207,199,235,232,193,191,0,0,0,0,0,0
220,214,193,235,249,186,228,249,207,199,235,232,193,191,0,0,0,0,0,0
220,214,193,235,249,186,228,249,207,199,235,232,193,191,0,0,0,0,0,0
220,214,193,235,249,186,228,249,207,199,235,232,193,191,0,0,0,0,0,0
220,214,193,235,249,186,228,249,207,199,235,232,193,191,0,0,0,0,0,0
220,214,193,235,249,186,228,249,207,199,235,232,193,191,0,0,0,0,0,0
223,233,199,247,252,189,235,254,214,205,247,249,206,192,0,0,0,0,0,0
223,233,199,247,252,189,235,254,214,205,247,249,206,192,0,0,0,0,0,0
223,233,199,247,252,189,235,254,214,205,247,249,206,192,0,0,0,0,0,0
223,233,199,247,252,189,235,254,214,205,247,249,206,192,0,0,0,0,0,0
223,233,199,247,252,189,235,254,214,205,247,249,206,192,0,0,0,0,0,0
223,233,199,247,252,189,235,254,214,205,247,249,206,192,0,0,0,0,0,0
223,233,199,247,252,189,235,254,214,205,247,249,206,192,0,0,0,0,0,0
223,233,199,247,252,189,235,254,214,205,247,249,206,192,0,0,0,0,0,0
231,240,211,255,260,199,247,259,225,208,258,254,207,205,0,0,0,0,0,0
231,240,211,255,260,199,247,259,225,208,258,254,207,205,0,0,0,0,0,0
231,240,211,255,260,199,247,259,225,208,258,254,207,205,0,0,0,0,0,0
231,240,211,255,260,199,247,259,225,208,258,254,207,205,0,0,0,0,0,0
231,240,211,255,260,199,247,259,225,208,258,254,207,205,0,0,0,0,0,0
231,240,211,255,260,199,247,259,225,208,258,254,207,205,0,0,0,0,0,0
231,240,211,255,260,199,247,259,225,208,258,254,207,205,0,0,0,0,0,0
231,240,211,255,260,199,247,259,225,208,258,254,207,205,0,0,0,0,0,0
243,252,215,258,261,207,258,264,230,209,261,259,214,208,0,0,0,0,0,0
243,252,215,258,261,207,258,264,230,209,261,259,214,208,0,0,0,0,0,0
243,252,215,258,261,207,258,264,230,209,261,259,214,208,0,0,0,0,0,0
243,252,215,258,261,207,258,264,230,209,261,259,214,208,0,0,0,0,0,0
243,252,215,258,261,207,258,264,230,209,261,259,214,208,0,0,0,0,0,0
243,252,215,258,261,207,258,264,230,209,261,259,214,208,0,0,0,0,0,0
243,252,215,258,261,207,258,264,230,209,261,259,214,208,0,0,0,0,0,0
243,252,215,258,261,207,258,264,230,209,261,259,214,208,0,0,0,0,0,0
254,260,225,263,267,211,263,271,240,215,269,264,225,209,0,0,0,0,0,0
254,260,225,263,267,211,263,271,240,215,269,264,225,209,0,0,0,0,0,0
254,260,225,263,267,211,263,271,240,215,269,264,225,209,0,0,0,0,0,0
254,260,225,263,267,211,263,271,240,215,269,264,225,209,0,0,0,0,0,0
254,260,225,263,267,211,263,271,240,215,269,264,225,209,0,0,0,0,0,0
254,260,225,263,267,211,263,271,240,215,269,264,225,209,0,0,0,0,0,0
254,260,225,263,267,211,263,271,240,215,269,264,225,209,0,0,0,0,0,0
254,260,225,263,267,211,263,271,240,215,269,264,225,209,0,0,0,0,0,0
255,261,234,265,277,230,269,277,243,231,276,271,230,215,0,0,0,0,0,0
255,261,234,265,277,230,269,277,243,231,276,271,230,215,0,0,0,0,0,0
255,261,234,265,277,230,269,277,243,231,276,271,230,215,0,0,0,0,0,0
255,261,234,265,277,230,269,277,243,231,276,271,230,215,0,0,0,0,0,0
255,261,234,265,277,230,269,277,243,231,276,271,230,215,0,0,0,0,0,0
255,261,234,265,277,230,269,277,243,231,276,271,230,215,0,0,0,0,0,0
255,261,234,265,277,230,269,277,243,231,276,271,230,215,0,0,0,0,0,0
255,261,234,265,277,230,269,277,243,231,276,271,230,215,0,0,0,0,0,0
257,267,238,276,291,234,270,279,251,234,283,277,240,228,0,0,0,0,0,0
257,267,238,276,291,234,270,279,251,234,283,277,240,228,0,0,0,0,0,0
257,267,238,276,291,234,270,279,251,234,283,277,240,228,0,0,0,0,0,0
257,267,238,276,291,234,270,279,251,234,283,277,240,228,0,0,0,0,0,0
257,267,238,276,291,234,270,279,251,234,283,277,240,228,0,0,0,0,0,0
257,267,238,276,291,234,270,279,251,234,283,277,240,228,0,0,0,0,0,0
257,267,238,276,291,234,270,279,251,234,283,277,240,228,0,0,0,0,0,0
257,267,238,276,291,234,270,279,251,234,283,277,240,228,0,0,0,0,0,0
259,274,246,284,295,238,276,281,257,246,291,279,243,231,0,0,0,0,0,0
259,274,246,284,295,238,276,281,257,246,291,279,243,231,0,0,0,0,0,0
259,274,246,284,295,238,276,281,257,246,291,279,243,231,0,0,0,0,0,0
259,274,246,284,295,238,276,281,257,246,291,279,243,231,0,0,0,0,0,0
259,274,246,284,295,238,276,281,257,246,291,279,243,231,0,0,0,0,0,0
259,274,246,284,295,238,276,281,257,246,291,279,243,231,0,0,0,0,0,0
259,274,246,284,295,238,276,281,257,246,291,279,243,231,0,0,0,0,0,0
259,274,246,284,295,238,276,281,257,246,291,279,243,231,0,0,0,0,0,0
264,0,253,288,297,246,284,286,260,253,292,281,251,238,0,0,0,0,0,0
264,0,253,288,297,246,284,286,260,253,292,281,251,238,0,0,0,0,0,0
264,0,253,288,297,246,284,286,260,253,292,281,251,238,0,0,0,0,0,0
264,0,253,288,297,246,284,286,260,253,292,281,251,238,0,0,0,0,0,0
264,0,253,288,297,246,284,286,260,253,292,281,251,238,0,0,0,0,0,0
264,0,253,288,297,246,284,286,260,253,292,281,251,238,0,0,0,0,0,0
264,0,253,288,297,246,284,286,260,253,292,281,251,238,0,0,0,0,0,0
264,0,253,288,297,246,284,286,260,253,292,281,251,238,0,0,0,0,0,0
271,282,262,292,301,251,292,288,265,270,296,286,252,255,0,0,0,0,0,0
271,282,262,292,301,251,292,288,265,270,296,286,252,255,0,0,0,0,0,0
271,282,262,292,301,251,292,288,265,270,296,286,252,255,0,0,0,0,0,0
271,282,262,292,301,251,292,288,265,270,296,286,252,255,0,0,0,0,0,0
271,282,262,292,301,251,292,288,265,270,296,286,252,255,0,0,0,0,0,0
271,282,262,292,301,251,292,288,265,270,296,286,252,255,0,0,0,0,0,0
271,282,262,292,301,251,292,288,265,270,296,286,252,255,0,0,0,0,0,0
271,282,262,292,301,251,292,288,265,270,296,286,252,255,0,0,0,0,0,0
279,291,269,296,303,253,296,297,267,273,302,288,257,263,0,0,0,0,0,0
279,291,269,296,303,253,296,297,267,273,302,288,257,263,0,0,0,0,0,0
279,291,269,296,303,253,296,297,267,273,302,288,257,263,0,0,0,0,0,0
279,291,269,296,303,253,296,297,267,273,302,288,257,263,0,0,0,0,0,0
279,291,269,296,303,253,296,297,267,273,302,288,257,263,0,0,0,0,0,0
279,291,269,296,303,253,296,297,267,273,302,288,257,263,0,0,0,0,0,0
279,291,269,296,303,253,296,297,267,273,302,288,257,263,0,0,0,0,0,0
279,291,269,296,303,253,296,297,267,273,302,288,257,263,0,0,0,0,0,0
281,293,273,302,309,262,302,299,274,275,307,297,262,270,0,0,0,0,0,0
281,293,273,302,309,262,302,299,274,275,307,297,262,270,0,0,0,0,0,0
281,293,273,302,309,262,302,299,274,275,307,297,262,270,0,0,0,0,0,0
281,293,273,302,309,262,302,299,274,275,307,297,262,270,0,0,0,0,0,0
281,293,273,302,309,262,302,299,274,275,307,297,262,270,0,0,0,0,0,0
281,293,273,302,309,262,302,299,274,275,307,297,262,270,0,0,0,0,0,0
281,293,273,302,309,262,302,299,274,275,307,297,262,270,0,0,0,0,0,0
281,293,273,302,309,262,302,299,274,275,307,297,262,270,0,0,0,0,0,0
286,295,275,307,310,273,307,303,282,0,308,299,265,275,0,0,0,0,0,0
286,295,275,307,310,273,307,303,282,0,308,299,265,275,0,0,0,0,0,0
286,295,275,307,310,273,307,303,282,0,308,299,265,275,0,0,0,0,0,0
286,295,275,307,310,273,307,303,282,0,308,299,265,275,0,0,0,0,0,0
286,295,275,307,310,273,307,303,282,0,308,299,265,275,0,0,0,0,0,0
286,295,275,307,310,273,307,303,282,0,308,299,265,275,0,0,0,0,0,0
286,295,275,307,310,273,307,303,282,0,308,299,265,275,0,0,0,0,0,0
286,295,275,307,310,273,307,303,282,0,308,299,265,275,0,0,0,0,0,0
290,298,280,308,311,0,308,309,290,280,313,303,274,284,0,0,0,0,0,0
290,298,280,308,311,0,308,309,290,280,313,303,274,284,0,0,0,0,0,0
290,298,280,308,311,0,308,309,290,280,313,303,274,284,0,0,0,0,0,0
290,298,280,308,311,0,308,309,290,280,313,303,274,284,0,0,0,0,0,0
290,298,280,308,311,0,308,309,290,280,313,303,274,284,0,0,0,0,0,0
290,298,280,308,311,0,308,309,290,280,313,303,274,284,0,0,0,0,0,0
290,298,280,308,311,0,308,309,290,280,313,303,274,284,0,0,0,0,0,0
290,298,280,308,311,0,308,309,290,280,313,303,274,284,0,0,0,0,0,0
299,305,283,316,312,280,313,311,293,289,322,309,282,293,0,0,0,0,0,0
299,305,283,316,312,280,313,311,293,289,322,309,282,293,0,0,0,0,0,0
299,305,283,316,312,280,313,311,293,289,322,309,282,293,0,0,0,0,0,0
299,305,283,316,312,280,313,311,293,289,322,309,282,293,0,0,0,0,0,0
299,305,283,316,312,280,313,311,293,289,322,309,282,293,0,0,0,0,0,0
299,305,283,316,312,280,313,311,293,289,322,309,282,293,0,0,0,0,0,0
299,305,283,316,312,280,313,311,293,289,322,309,282,293,0,0,0,0,0,0
299,305,283,316,312,280,313,311,293,289,322,309,282,293,0,0,0,0,0,0
301,310,289,323,318,283,316,314,300,294,323,311,290,298,0,0,0,0,0,0
301,310,289,323,318,283,316,314,300,294,323,311,290,298,0,0,0,0,0,0
301,310,289,323,318,283,316,314,300,294,323,311,290,298,0,0,0,0,0,0
301,310,289,323,318,283,316,314,300,294,323,311,290,298,0,0,0,0,0,0
301,310,289,323,318,283,316,314,300,294,323,311,290,298,0,0,0,0,0,0
301,310,289,323,318,283,316,314,300,294,323,311,290,298,0,0,0,0,0,0
301,310,289,323,318,283,316,314,300,294,323,311,290,298,0,0,0,0,0,0
301,310,289,323,318,283,316,314,300,294,323,311,290,298,0,0,0,0,0,0
304,314,294,324,326,289,323,318,304,301,331,314,295,305,0,0,0,0,0,0
304,314,294,324,326,289,323,318,304,301,331,314,295,305,0,0,0,0,0,0
304,314,294,324,326,289,323,318,304,301,331,314,295,305,0,0,0,0,0,0
304,314,294,324,326,289,323,318,304,301,331,314,295,305,0,0,0,0,0,0
304,314,294,324,326,289,323,318,304,301,331,314,295,305,0,0,0,0,0,0
304,314,294,324,326,289,323,318,304,301,331,314,295,305,0,0,0,0,0,0
304,314,294,324,326,289,323,318,304,301,331,314,295,305,0,0,0,0,0,0
304,314,294,324,326,289,323,318,304,301,331,314,295,305,0,0,0,0,0,0
312,321,300,331,332,294,331,324,310,305,336,318,300,316,0,0,0,0,0,0
312,321,300,331,332,294,331,324,310,305,336,318,300,316,0,0,0,0,0,0
312,321,300,331,332,294,331,324,310,305,336,318,300,316,0,0,0,0,0,0
312,321,300,331,332,294,331,324,310,305,336,318,300,316,0,0,0,0,0,0
312,321,300,331,332,294,331,324,310,305,336,318,300,316,0,0,0,0,0,0
312,321,300,331,332,294,331,324,310,305,336,318,300,316,0,0,0,0,0,0
312,321,300,331,332,294,331,324,310,305,336,318,300,316,0,0,0,0,0,0
312,321,300,331,332,294,331,324,310,305,336,318,300,316,0,0,0,0,0,0
313,329,306,336,334,298,336,326,312,306,342,326,304,321,0,0,0,0,0,0
313,329,306,336,334,298,336,326,312,306,342,326,304,321,0,0,0,0,0,0
313,329,306,336,334,298,336,326,312,306,342,326,304,321,0,0,0,0,0,0
313,329,306,336,334,298,336,326,312,306,342,326,304,321,0,0,0,0,0,0
313,329,306,336,334,298,336,326,312,306,342,326,304,321,0,0,0,0,0,0
313,329,306,336,334,298,336,326,312,306,342,326,304,321,0,0,0,0,0,0
313,329,306,336,334,298,336,326,312,306,342,326,304,321,0,0,0,0,0,0
313,329,306,336,334,298,336,326,312,306,342,326,304,321,0,0,0,0,0,0
319,334,315,339,340,306,338,328,319,321,343,328,315,324,0,0,0,0,0,0
319,334,315,339,340,306,338,328,319,321,343,328,315,324,0,0,0,0,0,0
319,334,315,339,340,306,338,328,319,321,343,328,315,324,0,0,0,0,0,0
319,334,315,339,340,306,338,328,319,321,343,328,315,324,0,0,0,0,0,0
319,334,315,339,340,306,338,328,319,321,343,328,315,324,0,0,0,0,0,0
319,334,315,339,340,306,338,328,319,321,343,328,315,324,0,0,0,0,0,0
319,334,315,339,340,306,338,328,319,321,343,328,315,324,0,0,0,0,0,0
319,334,315,339,340,306,338,328,319,321,343,328,315,324,0,0,0,0,0,0
327,338,322,343,344,315,343,332,327,329,344,332,319,329,0,0,0,0,0,0
327,338,322,343,344,315,343,332,327,329,344,332,319,329,0,0,0,0,0,0
327,338,322,343,344,315,343,332,327,329,344,332,319,329,0,0,0,0,0,0
327,338,322,343,344,315,343,332,327,329,344,332,319,329,0,0,0,0,0,0
327,338,322,343,344,315,343,332,327,329,344,332,319,329,0,0,0,0,0,0
327,338,322,343,344,315,343,332,327,329,344,332,319,329,0,0,0,0,0,0
327,338,322,343,344,315,343,332,327,329,344,332,319,329,0,0,0,0,0,0
327,338,322,343,344,315,343,332,327,329,344,332,319,329,0,0,0,0,0,0
333,341,328,348,349,322,348,337,333,330,348,337,327,334,0,0,0,0,0,0
333,341,328,348,349,322,348,337,333,330,348,337,327,334,0,0,0,0,0,0
333,341,328,348,349,322,348,337,333,330,348,337,327,334,0,0,0,0,0,0
333,341,328,348,349,322,348,337,333,330,348,337,327,334,0,0,0,0,0,0
333,341,328,348,349,322,348,337,333,330,348,337,327,334,0,0,0,0,0,0
333,341,328,348,349,322,348,337,333,330,348,337,327,334,0,0,0,0,0,0
333,341,328,348,349,322,348,337,333,330,348,337,327,334,0,0,0,0,0,0
333,341,328,348,349,322,348,337,333,330,348,337,327,334,0,0,0,0,0,0
337,347,330,350,352,330,350,340,339,335,350,340,333,338,0,0,0,0,0,0
337,347,330,350,352,330,350,340,339,335,350,340,333,338,0,0,0,0,0,0
337,347,330,350,352,330,350,340,339,335,350,340,333,338,0,0,0,0,0,0
337,347,330,350,352,330,350,340,339,335,350,340,333,338,0,0,0,0,0,0
337,347,330,350,352,330,350,340,339,335,350,340,333,338,0,0,0,0,0,0
337,347,330,350,352,330,350,340,339,335,350,340,333,338,0,0,0,0,0,0
337,347,330,350,352,330,350,340,339,335,350,340,333,338,0,0,0,0,0,0
337,347,330,350,352,330,350,340,339,335,350,340,333,338,0,0,0,0,0,0
344,349,335,351,356,335,351,346,347,341,351,346,339,341,0,0,0,0,0,0
344,349,335,351,356,335,351,346,347,341,351,346,339,341,0,0,0,0,0,0
344,349,335,351,356,335,351,346,347,341,351,346,339,341,0,0,0,0,0,0
344,349,335,351,356,335,351,346,347,341,351,346,339,341,0,0,0,0,0,0
344,349,335,351,356,335,351,346,347,341,351,346,339,341,0,0,0,0,0,0
344,349,335,351,356,335,351,346,347,341,351,346,339,341,0,0,0,0,0,0
344,349,335,351,356,335,351,346,347,341,351,346,339,341,0,0,0,0,0,0
344,349,335,351,356,335,351,346,347,341,351,346,339,341,0,0,0,0,0,0
346,355,342,358,359,342,358,352,349,355,358,352,347,353,0,0,0,0,0,0
346,355,342,358,359,342,358,352,349,355,358,352,347,353,0,0,0,0,0,0
346,355,342,358,359,342,358,352,349,355,358,352,347,353,0,0,0,0,0,0
346,355,342,358,359,342,358,352,349,355,358,352,347,353,0,0,0,0,0,0
346,355,342,358,359,342,358,352,349,355,358,352,347,353,0,0,0,0,0,0
346,355,342,358,359,342,358,352,349,355,358,352,347,353,0,0,0,0,0,0
346,355,342,358,359,342,358,352,349,355,358,352,347,353,0,0,0,0,0,0
346,355,342,358,359,342,358,352,349,355,358,352,347,353,0,0,0,0,0,0
354,359,353,361,360,353,361,356,354,357,361,356,354,355,0,0,0,0,0,0
354,359,353,361,360,353,361,356,354,357,361,356,354,355,0,0,0,0,0,0
354,359,353,361,360,353,361,356,354,357,361,356,354,355,0,0,0,0,0,0
354,359,353,361,360,353,361,356,354,357,361,356,354,355,0,0,0,0,0,0
354,359,353,361,360,353,361,356,354,357,361,356,354,355,0,0,0,0,0,0
354,359,353,361,360,353,361,356,354,357,361,356,354,355,0,0,0,0,0,0
354,359,353,361,360,353,361,356,354,357,361,356,354,355,0,0,0,0,0,0
354,359,353,361,360,353,361,356,354,357,361,356,354,355,0,0,0,0,0,0
362,364,357,362,364,357,363,360,359,363,362,360,364,363,0,0,0,0,0,0
362,364,357,362,364,357,363,360,359,363,362,360,364,363,0,0,0,0,0,0
362,364,357,362,364,357,363,360,359,363,362,360,364,363,0,0,0,0,0,0
362,364,357,362,364,357,363,360,359,363,362,360,364,363,0,0,0,0,0,0
362,364,357,362,364,357,363,360,359,363,362,360,364,363,0,0,0,0,0,0
362,364,357,362,364,357,363,360,359,363,362,360,364,363,0,0,0,0,0,0
362,364,357,362,364,357,363,360,359,363,362,360,364,363,0,0,0,0,0,0
362,364,357,362,364,357,363,360,359,363,362,360,364,363,0,0,0,0,0,0