6,8,14,6,8,1,2,3,3,3,1,2,3,1,2,1,2,3,1,2
6,8,14,6,8,1,2,3,3,3,1,2,3,1,2,1,2,3,1,2
6,8,14,6,8,1,2,4,5,5,1,2,4,1,2,1,2,4,1,2
6,8,14,6,8,1,2,4,5,5,1,2,4,1,2,1,2,4,1,2
6,8,14,6,8,1,2,4,7,9,1,2,4,1,2,1,2,4,1,2
6,8,14,6,8,1,2,4,7,9,1,2,4,1,2,1,2,4,1,2
6,8,14,6,8,1,2,4,7,9,1,2,4,1,2,1,2,4,1,2
6,8,14,6,8,1,2,4,7,9,1,2,4,1,2,1,2,4,1,2
6,8,14,6,8,1,2,4,7,9,1,2,4,1,2,1,2,4,1,2
6,8,14,6,8,1,2,4,7,9,1,2,4,1,2,1,2,4,1,2
6,8,14,6,8,1,2,4,7,9,1,2,4,1,2,1,2,4,1,2
6,8,14,6,8,1,2,4,7,9,1,2,4,1,2,1,2,4,1,2
6,8,14,6,8,1,2,4,7,9,1,2,4,1,2,1,2,4,1,2
6,8,14,6,8,1,2,4,7,9,1,2,4,1,2,1,2,4,1,2
6,8,14,6,8,1,2,4,7,9,1,2,4,1,2,1,2,4,1,2
6,8,14,6,8,1,2,4,7,9,1,2,4,1,2,1,2,4,1,2
16,23,14,6,8,3,5,4,7,9,4,3,4,5,5,4,7,4,5,5
16,23,14,25,23,3,5,4,7,9,4,3,4,5,5,4,7,4,5,5
16,23,14,25,23,10,11,12,7,9,4,7,9,7,9,4,7,9,7,9
16,23,14,25,23,10,11,12,7,9,4,7,9,7,9,4,7,9,7,9
16,23,14,25,23,10,15,13,11,11,4,7,9,7,9,4,7,9,7,9
16,23,14,25,23,10,15,13,11,11,4,7,9,7,9,4,7,9,7,9
16,23,14,25,23,10,17,18,12,12,4,7,9,7,9,4,7,9,7,9
16,23,24,25,23,10,17,18,12,12,4,7,9,7,9,4,7,9,7,9
16,23,24,25,23,10,19,18,13,13,4,7,9,7,9,4,7,9,7,9
16,23,24,25,23,10,19,18,13,13,4,7,9,7,9,4,7,9,7,9
16,23,24,25,23,10,20,18,15,15,4,7,9,7,9,4,7,9,7,9
16,23,24,25,23,10,20,18,15,15,4,7,9,7,9,4,7,9,7,9
16,23,24,25,23,10,20,18,17,17,4,7,9,7,9,4,7,9,7,9
16,23,24,25,23,10,20,18,17,17,4,7,9,7,9,4,7,9,7,9
16,23,24,25,23,10,20,18,19,19,4,7,9,7,9,4,7,9,7,9
16,23,24,25,23,10,20,18,19,19,4,7,9,7,9,4,7,9,7,9
27,29,24,25,23,10,20,18,21,22,10,7,9,7,9,10,10,9,7,9
27,29,24,25,23,10,20,18,21,22,10,7,9,7,9,10,10,9,7,9
27,29,24,27,29,12,20,18,21,28,10,11,11,10,12,10,10,11,11,12
27,29,24,27,29,12,20,18,21,28,10,11,11,10,12,10,10,11,11,12
27,29,24,27,29,13,20,18,21,28,10,13,13,10,15,10,10,13,12,15
27,29,24,27,29,13,20,18,21,28,10,13,13,10,15,10,10,13,12,15
27,29,24,27,29,22,20,22,21,28,10,15,17,10,17,10,10,17,15,18
27,29,24,27,29,22,20,22,21,28,10,15,17,10,17,10,10,17,15,18
27,29,24,27,29,26,20,30,21,28,10,18,18,10,18,10,10,19,17,18
27,29,24,27,29,26,20,30,21,28,10,18,18,10,18,10,10,19,17,18
27,29,24,27,29,26,31,30,21,28,10,18,18,10,18,10,10,20,19,18
27,29,24,27,29,26,31,30,21,28,10,18,18,10,18,10,10,20,19,18
27,29,24,27,29,26,31,30,21,28,10,18,18,10,18,10,10,20,20,18
27,29,24,27,29,26,31,30,21,28,10,18,18,10,18,10,10,20,20,18
27,29,34,27,29,26,31,30,21,28,10,18,18,10,18,10,10,20,20,18
27,29,34,27,29,26,31,30,21,28,10,18,18,10,18,10,10,20,20,18
37,39,34,27,29,26,31,30,22,28,21,18,18,10,18,19,20,20,20,18
37,39,34,27,29,26,31,30,22,28,21,18,18,10,18,19,20,20,20,18
37,39,34,27,29,26,31,30,32,32,21,18,18,19,18,21,20,20,20,18
37,39,34,41,39,26,31,30,32,32,21,18,18,19,18,21,20,20,20,18
37,39,34,41,39,26,31,30,33,35,21,18,18,20,18,21,20,20,20,18
37,39,34,41,39,26,31,30,33,35,21,18,18,20,18,21,20,20,20,18
37,39,34,41,39,26,31,30,33,35,21,18,18,20,18,21,20,20,20,26
37,39,34,41,39,26,31,30,33,35,21,18,18,20,18,21,20,20,20,26
37,39,34,41,39,32,31,32,33,35,21,22,21,20,21,21,20,20,20,26
37,39,34,41,39,32,31,32,33,35,21,22,21,20,21,21,20,20,20,26
37,39,34,41,39,36,42,36,33,35,21,26,21,20,21,21,20,22,20,26
37,39,34,41,39,36,42,36,33,35,21,26,21,20,21,21,20,22,20,26
37,39,34,41,39,38,42,38,33,35,21,26,21,20,21,21,20,28,22,26
37,39,34,41,39,38,42,38,33,35,21,26,21,20,21,21,20,28,22,26
37,39,34,41,39,43,42,43,33,35,21,26,21,20,21,21,20,28,28,26
37,39,34,41,39,43,42,43,33,35,21,26,21,20,21,21,20,28,28,26
41,46,34,41,39,45,42,44,33,35,26,26,21,20,21,21,26,28,28,26
41,46,34,41,39,45,42,44,33,35,26,26,21,20,21,21,26,28,28,26
41,46,34,41,39,48,42,44,33,35,26,26,21,20,21,28,26,28,28,26
41,46,34,41,39,48,42,44,33,35,26,26,21,20,21,28,26,28,28,26
41,46,34,47,50,48,42,44,36,36,26,26,21,28,21,28,26,28,28,26
41,46,40,47,50,48,42,44,36,36,26,26,21,28,21,28,26,28,28,26
41,46,40,47,50,48,42,44,38,38,26,26,21,28,21,28,26,28,28,30
41,46,40,47,50,48,42,44,38,38,26,26,21,28,21,28,26,28,28,30
41,46,40,47,50,48,42,44,43,43,26,26,30,28,30,28,26,28,28,30
41,46,40,47,50,48,42,44,43,43,26,26,30,28,30,28,26,28,28,30
41,46,40,47,50,48,49,44,45,45,26,30,30,28,30,28,26,28,28,30
41,46,40,47,50,48,49,44,45,45,26,30,30,28,30,28,26,28,28,30
41,46,40,47,50,48,49,44,51,52,26,30,30,28,30,28,26,31,28,30
41,46,40,47,50,48,49,44,51,52,26,30,30,28,30,28,26,31,28,30
41,46,40,47,50,48,49,44,51,54,26,30,30,28,30,28,26,31,31,30
41,46,40,47,50,48,49,44,51,54,26,30,30,28,30,28,26,31,31,30
47,50,40,47,50,48,49,45,51,54,32,30,30,28,30,28,31,31,31,30
47,50,40,47,50,48,49,45,51,54,32,30,30,28,30,28,31,31,31,30
47,50,40,47,50,52,49,52,51,54,33,30,30,28,30,32,31,31,31,30
47,50,40,47,50,52,49,52,51,54,33,30,30,28,30,32,31,31,31,30
47,50,40,47,50,55,49,55,51,54,33,30,30,31,30,33,31,31,31,30
47,50,40,58,61,55,49,55,51,54,33,30,30,31,30,33,31,31,31,30
47,50,40,58,61,57,49,57,51,54,33,30,30,31,30,33,31,31,31,35
47,50,40,58,61,57,49,57,51,54,33,30,30,31,30,33,31,31,31,35
47,50,40,58,61,59,49,59,51,54,33,30,33,31,32,33,31,31,31,35
47,50,40,58,61,59,49,59,51,54,33,30,33,31,32,33,31,31,31,35
47,50,40,58,61,60,65,60,51,54,33,36,33,31,33,33,31,31,31,35
47,50,40,58,61,60,65,60,51,54,33,36,33,31,33,33,31,31,31,35
47,50,53,58,61,62,65,62,52,54,33,38,33,31,33,33,31,36,31,35
47,50,53,58,61,62,65,62,52,54,33,38,33,31,33,33,31,36,31,35
47,50,53,58,61,64,65,64,55,55,33,42,33,31,33,33,31,38,35,35
47,50,53,58,61,64,65,64,55,55,33,42,33,31,33,33,31,38,35,35
58,61,53,58,61,70,65,69,57,57,33,42,33,31,33,33,35,42,35,35
58,61,53,58,61,70,65,69,57,57,33,42,33,31,33,33,35,42,35,35
58,61,53,58,61,70,65,69,59,59,36,42,33,31,33,33,35,42,35,35
58,61,53,58,61,70,65,69,59,59,36,42,33,31,33,33,35,42,35,35
58,61,53,58,61,70,65,69,60,60,38,42,33,35,33,42,35,42,35,35
58,61,53,58,61,70,65,69,60,60,38,42,33,35,33,42,35,42,35,35
58,61,53,66,67,70,65,69,62,62,42,42,33,35,33,42,35,42,35,43
58,61,53,66,67,70,65,69,62,62,42,42,33,35,33,42,35,42,35,43
58,61,53,66,67,70,65,69,64,64,42,42,43,35,33,42,35,42,35,44
58,61,53,66,67,70,65,69,64,64,42,42,43,35,33,42,35,42,35,44
58,61,53,66,67,70,74,69,71,71,42,42,44,35,44,42,35,42,35,44
58,61,53,66,67,70,74,69,71,71,42,42,44,35,44,42,35,42,35,44
58,61,53,66,67,70,74,69,72,72,42,42,44,35,44,42,35,42,35,44
58,61,53,66,67,70,74,69,72,72,42,42,44,35,44,42,35,42,35,44
58,61,53,66,67,70,74,69,73,73,42,43,44,35,44,42,35,42,45,44
58,61,53,66,67,70,74,69,73,73,42,43,44,35,44,42,35,42,45,44
66,67,53,66,67,71,74,71,75,76,42,44,44,35,44,42,48,45,48,44
66,67,53,66,67,71,74,71,75,76,42,44,44,35,44,42,48,45,48,44
66,67,53,66,67,72,74,72,75,76,42,44,44,35,44,42,48,48,48,44
66,67,56,66,67,72,74,72,75,76,42,44,44,35,44,42,48,48,48,44
66,67,56,66,67,73,74,73,75,76,42,44,44,45,44,49,48,48,48,44
66,67,56,66,67,73,74,73,75,76,42,44,44,45,44,49,48,48,48,44
66,67,56,66,67,81,74,78,75,76,49,44,44,48,44,49,48,48,48,44
66,67,56,77,79,81,74,78,75,76,49,44,44,48,44,49,48,48,48,44
66,67,56,77,79,81,74,78,75,76,49,44,44,48,44,49,48,48,48,49
66,67,56,77,79,81,74,78,75,76,49,44,44,48,44,49,48,48,48,49
66,67,56,77,79,81,84,78,75,76,49,44,49,48,51,49,48,48,48,49
66,67,56,77,79,81,84,78,75,76,49,44,49,48,51,49,48,48,48,49
66,67,56,77,79,81,84,78,75,76,49,44,49,48,51,49,48,48,48,49
66,67,56,77,79,81,84,78,75,76,49,44,49,48,51,49,48,48,48,49
66,67,56,77,79,81,84,78,75,76,49,44,49,48,51,49,48,48,48,49
66,67,56,77,79,81,84,78,75,76,49,44,49,48,51,49,48,48,48,49
77,79,56,77,79,81,84,78,83,83,49,51,49,48,51,49,51,48,51,49
77,79,56,77,79,81,84,78,83,83,49,51,49,48,51,49,51,48,51,49
77,79,56,77,79,81,84,78,85,85,49,51,49,48,51,49,51,52,51,49
77,79,56,77,79,81,84,78,85,85,49,51,49,48,51,49,51,52,51,49
77,79,56,77,79,81,84,78,87,90,49,51,49,48,51,54,51,54,51,49
77,79,56,77,79,81,84,78,87,90,49,51,49,48,51,54,51,54,51,49
77,79,56,77,79,83,84,83,87,93,54,51,49,52,51,54,51,54,51,49
77,79,56,77,79,83,84,83,87,93,54,51,49,52,51,54,51,54,51,49
77,79,56,82,86,85,84,85,87,93,54,51,49,54,51,54,51,54,51,55
77,79,56,82,86,85,84,85,87,93,54,51,49,54,51,54,51,54,51,55
77,79,63,82,86,90,101,90,87,93,54,51,52,54,55,54,51,54,51,57
77,79,63,82,86,90,101,90,87,93,54,51,52,54,55,54,51,54,51,57
77,79,63,82,86,95,101,95,87,93,54,51,57,54,59,54,51,54,51,59
77,79,63,82,86,95,101,95,87,93,54,51,57,54,59,54,51,54,51,59
77,79,63,82,86,97,101,97,87,93,54,51,60,54,62,54,51,54,51,60
77,79,63,82,86,97,101,97,87,93,54,51,60,54,62,54,51,54,51,60
82,86,63,82,86,98,101,98,87,93,54,57,62,54,64,54,65,54,55,64
82,86,63,82,86,98,101,98,87,93,54,57,62,54,64,54,65,54,55,64
82,86,63,82,86,99,101,99,87,93,54,60,65,54,65,54,65,54,59,65
82,86,63,82,86,99,101,99,87,93,54,60,65,54,65,54,65,54,59,65
82,86,63,82,86,111,101,106,90,93,54,62,65,54,65,69,65,69,64,65
82,86,63,82,86,111,101,106,90,93,54,62,65,54,65,69,65,69,64,65
82,86,63,82,86,113,101,106,95,95,69,70,65,54,65,69,65,69,70,65
82,86,63,82,86,113,101,106,95,95,69,70,65,54,65,69,65,69,70,65
82,86,63,82,86,113,101,106,97,97,69,70,65,69,65,69,65,69,70,65
82,86,63,89,91,113,101,106,97,97,69,70,65,69,65,69,65,69,70,65
82,86,63,89,91,113,115,106,98,98,69,70,65,69,65,69,65,69,70,65
82,86,63,89,91,113,115,106,98,98,69,70,65,69,65,69,65,69,70,65
82,86,63,89,91,113,115,106,99,99,69,70,65,69,65,69,65,69,70,65
82,86,63,89,91,113,115,106,99,99,69,70,65,69,65,69,65,69,70,65
82,86,63,89,91,113,115,106,111,111,69,70,65,69,65,69,65,69,70,65
82,86,63,89,91,113,115,106,111,111,69,70,65,69,65,69,65,69,70,65
89,91,63,89,91,113,115,106,114,114,69,70,65,69,65,69,70,69,70,65
89,91,68,89,91,113,115,106,114,114,69,70,65,69,65,69,70,69,70,65
89,91,68,89,91,113,115,106,118,119,69,70,71,69,70,69,70,69,70,71
89,91,68,89,91,113,115,106,118,119,69,70,71,69,70,69,70,69,70,71
89,91,68,89,91,113,115,111,118,119,69,70,72,69,70,74,70,72,70,73
89,91,68,89,91,113,115,111,118,119,69,70,72,69,70,74,70,72,70,73
89,91,68,89,91,114,115,114,118,119,74,71,73,69,70,74,70,74,72,75
89,91,68,89,91,114,115,114,118,119,74,71,73,69,70,74,70,74,72,75
89,91,68,89,91,121,115,120,118,119,74,74,76,73,70,74,70,74,75,75
89,91,68,89,91,121,115,120,118,119,74,74,76,73,70,74,70,74,75,75
89,91,68,92,94,122,124,120,118,119,74,74,76,75,70,74,70,74,75,75
89,91,68,92,94,122,124,120,118,119,74,74,76,75,70,74,70,74,75,75
89,91,68,92,94,125,124,120,118,119,74,74,76,75,70,74,70,74,75,75
89,91,68,92,94,125,124,120,118,119,74,74,76,75,70,74,70,74,75,75
89,91,68,92,94,126,124,120,118,119,74,74,76,75,70,74,70,74,75,75
89,91,68,92,94,126,124,120,118,119,74,74,76,75,70,74,70,74,75,75
92,94,68,92,94,126,124,120,118,119,74,74,76,75,70,74,75,74,75,75
92,94,68,92,94,126,124,120,118,119,74,74,76,75,70,74,75,74,75,75
92,94,68,92,94,126,124,120,121,121,74,74,76,75,76,74,75,74,75,75
92,94,68,92,94,126,124,120,121,121,74,74,76,75,76,74,75,74,75,75
92,94,68,92,94,126,124,120,122,122,74,74,76,75,76,76,75,74,75,75
92,94,68,92,94,126,124,120,122,122,74,74,76,75,76,76,75,74,75,75
92,94,68,92,94,126,124,120,125,125,78,74,76,75,76,76,75,76,75,81
92,94,68,92,94,126,124,120,125,125,78,74,76,75,76,76,75,76,75,81
92,94,80,92,94,126,124,121,128,127,78,81,78,75,76,76,75,76,78,81
92,94,80,92,94,126,124,121,128,127,78,81,78,75,76,76,75,76,78,81
92,94,80,92,94,126,131,122,129,127,78,81,78,78,76,76,75,76,78,81
92,94,80,102,103,126,131,122,129,127,78,81,78,78,76,76,75,76,78,81
92,94,80,102,103,126,131,125,133,127,78,81,78,78,76,76,75,76,78,81
92,94,80,102,103,126,131,125,133,127,78,81,78,78,76,76,75,76,78,81
92,94,80,102,103,128,131,128,133,127,78,81,78,78,76,76,75,76,78,81
92,94,80,102,103,128,131,128,133,127,78,81,78,78,76,76,75,76,78,81
102,103,80,102,103,129,131,129,133,127,78,81,78,78,76,76,81,76,78,81
102,103,80,102,103,129,131,129,133,127,78,81,78,78,76,76,81,76,78,81
102,103,80,102,103,135,131,134,133,127,78,81,78,78,81,76,81,76,78,81
102,103,80,102,103,135,131,134,133,127,78,81,78,78,81,76,81,76,78,81
102,103,80,102,103,135,131,134,133,127,78,81,78,78,81,83,81,76,78,81
102,103,80,102,103,135,131,134,133,127,78,81,78,78,81,83,81,76,78,81
102,103,80,102,103,135,131,134,133,127,83,81,78,78,81,84,81,84,78,84
102,103,80,102,103,135,131,134,133,127,83,81,78,78,81,84,81,84,78,84
102,103,80,102,103,135,131,134,133,128,85,83,84,78,81,84,81,84,85,84
102,103,80,102,103,135,131,134,133,128,85,83,84,78,81,84,81,84,85,84
102,103,80,102,103,135,137,134,133,129,87,85,84,87,81,84,81,84,87,84
102,103,80,102,103,135,137,134,133,129,87,85,84,87,81,84,81,84,87,84
102,103,80,104,105,135,137,134,136,140,87,90,84,87,81,84,81,84,87,84
102,103,80,104,105,135,137,134,136,140,87,90,84,87,81,84,81,84,87,84
102,103,80,104,105,135,137,134,136,141,87,93,84,87,81,84,81,84,87,84
102,103,88,104,105,135,137,134,136,141,87,93,84,87,81,84,81,84,87,84
104,105,88,104,105,135,137,134,136,143,87,93,84,87,81,84,87,84,87,84
104,105,88,104,105,135,137,134,136,143,87,93,84,87,81,84,87,84,87,84
104,105,88,104,105,140,137,140,136,143,87,93,84,87,90,84,87,84,87,84
104,105,88,104,105,140,137,140,136,143,87,93,84,87,90,84,87,84,87,84
104,105,88,104,105,141,137,141,136,143,87,93,84,87,93,84,87,84,87,84
104,105,88,104,105,141,137,141,136,143,87,93,84,87,93,84,87,84,87,84
104,105,88,104,105,149,137,148,136,143,87,93,84,87,93,90,87,95,87,93
104,105,88,104,105,149,137,148,136,143,87,93,84,87,93,90,87,95,87,93
104,105,88,104,105,150,137,148,136,143,87,93,95,87,93,93,87,97,87,93
104,105,88,104,105,150,137,148,136,143,87,93,95,87,93,93,87,97,87,93
104,105,88,104,105,150,16,148,136,143,99,93,97,95,93,93,87,98,97,93
104,105,88,104,105,150,16,148,136,143,99,93,97,95,93,93,87,98,97,93
104,105,88,104,105,150,16,148,140,143,101,93,98,98,93,93,87,99,101,93
104,105,88,108,109,150,16,148,140,143,101,93,98,98,93,93,87,99,101,93
104,105,88,108,109,150,16,148,141,143,101,99,101,101,93,93,87,106,101,93
104,105,88,108,109,150,16,148,141,143,101,99,101,101,93,93,87,106,101,93
108,109,88,108,109,150,16,148,149,149,101,106,101,101,93,93,106,106,101,93
108,109,88,108,109,150,16,148,149,149,101,106,101,101,93,93,106,106,101,93
108,109,88,108,109,150,16,148,158,158,101,106,101,101,93,93,106,106,101,93
108,109,88,108,109,150,16,148,158,158,101,106,101,101,93,93,106,106,101,93
108,109,88,108,109,150,16,148,160,160,101,106,101,101,106,93,106,106,101,93
108,109,88,108,109,150,16,148,160,160,101,106,101,101,106,93,106,106,101,93
108,109,96,108,109,150,16,149,162,162,101,106,101,101,106,93,106,106,101,111
108,109,96,108,109,150,16,149,162,162,101,106,101,101,106,93,106,106,101,111
108,109,96,108,109,158,16,158,165,165,101,106,101,101,106,111,106,106,101,113
108,109,96,108,109,158,16,158,165,165,101,106,101,101,106,111,106,106,101,113
108,109,96,108,109,160,16,160,166,166,101,106,101,101,106,113,106,106,101,113
108,109,96,108,109,160,25,160,166,166,101,106,101,101,106,113,106,106,101,113
108,109,96,108,109,162,25,162,8,14,113,106,101,101,106,113,106,106,114,113
108,109,96,108,109,162,25,162,8,14,113,106,101,101,106,113,106,106,114,113
108,109,96,112,116,165,25,165,8,14,113,106,114,113,106,113,106,114,115,113
108,109,96,112,116,165,25,165,8,14,113,106,114,113,106,113,106,114,115,113
112,116,96,112,116,166,25,166,8,14,113,115,115,113,106,113,111,118,115,113
112,116,96,112,116,166,25,166,8,14,113,115,115,113,106,113,111,118,115,113
112,116,96,112,116,14,25,6,8,14,113,115,115,113,106,113,115,118,115,113
112,116,96,112,116,14,25,6,8,14,113,115,115,113,106,113,115,118,115,113
112,116,96,112,116,14,25,6,8,14,113,115,115,113,118,113,115,118,115,113
112,116,96,112,116,14,25,6,8,14,113,115,115,113,118,113,115,118,115,113
112,116,96,112,116,14,25,6,8,14,113,115,115,113,118,113,115,118,115,113
112,116,96,112,116,14,25,6,8,14,113,115,115,113,118,113,115,118,115,113
112,116,96,112,116,14,25,6,47,14,113,115,115,113,118,113,115,118,115,119
112,116,96,112,116,14,25,6,47,14,113,115,115,113,118,113,115,118,115,119
112,116,96,112,116,14,25,6,47,46,113,115,115,113,118,118,115,118,115,119
112,116,96,112,116,14,25,6,47,46,113,115,115,113,118,118,115,118,115,119
112,116,96,112,116,14,37,6,47,46,118,115,115,113,118,118,115,118,115,119
112,116,100,112,116,14,37,6,47,46,118,115,115,113,118,118,115,118,115,119
112,116,100,112,116,24,37,6,47,46,118,115,115,119,118,118,115,118,119,119
112,116,100,123,130,24,37,6,47,46,118,115,115,119,118,118,115,118,119,119
123,130,100,123,130,24,37,41,47,46,118,120,120,119,118,118,115,120,119,119
123,130,100,123,130,24,37,41,47,46,118,120,120,119,118,118,115,120,119,119
123,130,100,123,130,24,37,41,47,46,118,120,120,119,118,118,119,120,119,119
123,130,100,123,130,24,37,41,47,46,118,120,120,119,118,118,119,120,119,119
123,130,100,123,130,24,37,41,79,46,118,120,120,119,120,118,119,120,119,119
123,130,100,123,130,24,37,41,79,46,118,120,120,119,120,118,119,120,119,119
123,130,100,123,130,24,37,41,79,46,118,120,120,119,120,118,119,120,119,119
123,130,100,123,130,24,37,41,79,46,118,120,120,119,120,118,119,120,119,119
123,130,100,123,130,24,37,41,79,80,118,120,120,119,120,118,119,120,119,121
123,130,100,123,130,24,37,41,79,80,118,120,120,119,120,118,119,120,119,121
123,130,100,123,130,34,37,41,79,80,118,120,120,119,120,122,119,120,119,122
123,130,100,123,130,34,37,41,79,80,118,120,120,119,120,122,119,120,119,122
123,130,100,123,130,34,37,41,79,80,121,120,120,119,120,124,119,120,119,124
123,130,100,123,130,34,40,41,79,80,121,120,120,119,120,124,119,120,119,124
123,130,100,123,130,34,40,82,79,80,124,120,120,121,120,124,119,120,125,124
123,130,100,123,130,34,40,82,79,80,124,120,120,121,120,124,119,120,125,124
132,138,100,132,138,34,40,82,104,80,124,124,125,125,120,124,119,126,126,124
132,138,100,132,138,34,40,82,104,80,124,124,125,125,120,124,119,126,126,124
132,138,100,132,138,34,40,82,104,80,124,124,127,126,120,124,122,126,126,124
132,138,100,132,138,34,40,82,104,80,124,124,127,126,120,124,122,126,126,124
132,138,107,132,138,34,40,82,104,80,124,124,127,126,127,124,126,126,126,124
132,138,107,132,138,34,40,82,104,91,124,124,127,126,127,124,126,126,126,124
132,138,107,132,138,46,40,82,104,91,124,124,127,126,127,124,126,126,126,124
132,138,107,132,138,46,40,82,104,91,124,124,127,126,127,124,126,126,126,124
132,138,107,132,138,46,40,82,104,91,124,124,127,126,127,124,126,126,126,124
132,138,107,132,138,46,40,82,104,91,124,124,127,126,127,124,126,126,126,124
132,138,107,132,138,46,40,82,104,91,124,124,127,126,127,124,126,126,126,124
132,138,107,132,138,46,40,82,104,91,124,124,127,126,127,124,126,126,126,124
132,138,107,132,138,46,40,102,108,91,124,124,127,126,127,127,126,126,126,127
132,138,107,132,138,46,40,102,108,91,124,124,127,126,127,127,126,126,126,127
132,138,107,132,138,46,56,102,108,91,128,124,127,126,127,127,126,126,126,127
132,138,107,132,138,46,56,102,108,91,128,124,127,126,127,127,126,126,126,127
139,142,107,139,142,46,56,102,108,91,129,128,127,126,127,127,126,129,128,127
139,142,107,139,142,46,56,102,108,91,129,128,127,126,127,127,126,129,128,127
139,142,107,139,142,53,56,102,108,109,131,129,131,131,127,127,126,133,131,127
139,142,107,139,142,53,56,102,108,109,131,129,131,131,127,127,126,133,131,127
139,142,107,139,142,53,56,102,108,109,131,133,131,131,133,127,133,133,131,127
139,142,107,139,142,53,56,102,108,109,131,133,131,131,133,127,133,133,131,127
139,142,107,139,142,53,56,102,108,109,131,133,131,131,133,127,133,133,131,127
139,142,107,139,142,53,56,102,108,109,131,133,131,131,133,127,133,133,131,127
139,142,107,139,142,53,56,102,123,109,131,133,131,131,133,127,133,133,131,127
139,142,107,139,142,53,56,102,123,109,131,133,131,131,133,127,133,133,131,127
139,142,107,139,142,53,56,112,123,109,131,133,131,131,133,127,133,133,131,127
139,142,110,139,142,53,56,112,123,109,131,133,131,131,133,127,133,133,131,127
139,142,110,139,142,53,56,112,123,109,131,133,131,131,133,134,133,133,131,134
139,142,110,139,142,53,56,112,123,109,131,133,131,131,133,134,133,133,131,134
139,142,110,139,142,68,56,112,123,109,131,133,131,131,133,134,133,133,131,134
139,142,110,139,142,68,63,112,123,130,131,133,131,131,133,134,133,133,131,134
144,145,110,144,145,68,63,112,123,130,131,133,131,131,133,134,133,133,131,134
144,145,110,144,145,68,63,112,123,130,131,133,131,131,133,134,133,133,131,134
144,145,110,144,145,68,63,112,123,130,134,133,134,135,133,134,133,135,135,134
144,145,110,144,145,68,63,112,123,130,134,133,134,135,133,134,133,135,135,134
144,145,110,144,145,68,63,112,142,130,134,136,134,135,136,134,135,135,135,134
144,145,110,144,145,68,63,112,142,130,134,136,134,135,136,134,135,135,135,134
144,145,110,144,145,68,63,112,142,130,134,136,134,135,136,134,135,135,135,134
144,145,110,144,145,68,63,112,142,130,134,136,134,135,136,134,135,135,135,134
144,145,110,144,145,68,63,132,142,130,134,136,134,135,136,134,135,135,135,134
144,145,110,144,145,80,63,132,142,130,134,136,134,135,136,134,135,135,135,134
144,145,110,144,145,80,63,132,142,130,134,136,134,135,136,134,135,135,135,134
144,145,110,144,145,80,63,132,142,130,134,136,134,135,136,134,135,135,135,134
144,145,110,144,145,80,63,132,142,138,134,136,134,135,136,136,135,135,135,136
144,145,110,144,145,80,63,132,142,138,134,136,134,135,136,136,135,135,135,136
144,145,110,144,145,80,63,132,142,138,134,136,134,135,136,136,135,135,135,136
144,145,110,144,145,80,63,132,142,138,134,136,134,135,136,136,135,135,135,136
147,152,110,147,152,80,88,132,145,138,134,136,134,135,136,136,135,135,135,136
147,152,110,147,152,80,88,132,145,138,134,136,134,135,136,136,135,135,135,136
147,152,117,147,152,80,88,132,145,138,137,136,137,137,136,136,135,140,137,136
147,152,117,147,152,80,88,132,145,138,137,136,137,137,136,136,135,140,137,136
147,152,117,147,152,100,88,132,145,138,137,140,137,137,141,136,140,141,137,136
147,152,117,147,152,100,88,132,145,138,137,140,137,137,141,136,140,141,137,136
147,152,117,147,152,100,88,139,145,138,137,143,137,137,143,136,141,143,137,136
147,152,117,147,152,100,88,139,145,138,137,143,137,137,143,136,141,143,137,136
147,152,117,147,152,100,88,139,145,138,137,143,137,137,143,136,143,143,137,136
147,152,117,147,152,100,88,139,145,146,137,143,137,137,143,136,143,143,137,136
147,152,117,147,152,100,88,139,145,146,137,143,137,137,143,136,143,143,137,136
147,152,117,147,152,100,88,139,145,146,137,143,137,137,143,136,143,143,137,136
147,152,117,147,152,100,88,139,152,146,137,143,137,137,143,148,143,143,137,148
147,152,117,147,152,100,88,139,152,146,137,143,137,137,143,148,143,143,137,148
147,152,117,147,152,100,88,139,152,146,137,143,137,137,143,148,143,143,137,148
147,152,117,147,152,107,88,139,152,146,137,143,137,137,143,148,143,143,137,148
153,155,117,153,155,107,96,139,152,146,137,143,137,137,143,148,143,143,137,148
153,155,117,153,155,107,96,139,152,146,137,143,137,137,143,148,143,143,137,148
153,155,117,153,155,107,96,139,152,146,148,143,148,149,143,148,143,143,149,148
153,155,117,153,155,107,96,139,152,146,148,143,148,149,143,148,143,143,149,148
153,155,117,153,155,107,96,144,152,146,148,143,148,150,143,148,143,143,150,148
153,155,117,153,155,107,96,144,152,146,148,143,148,150,143,148,143,143,150,148
153,155,117,153,155,107,96,144,152,153,148,150,148,150,149,148,143,158,150,148
153,155,117,153,155,107,96,144,152,153,148,150,148,150,149,148,143,158,150,148
153,155,117,153,155,107,96,144,155,153,148,150,148,150,158,148,150,162,150,148
153,155,146,153,155,107,96,144,155,153,148,150,148,150,158,148,150,162,150,148
153,155,146,153,155,117,96,144,155,153,148,150,148,150,160,148,150,166,150,148
153,155,146,153,155,117,96,144,155,153,148,150,148,150,160,148,150,166,150,148
153,155,146,153,155,117,96,144,155,153,148,150,148,150,162,160,150,37,150,160
153,155,146,153,155,117,96,144,155,153,148,150,148,150,162,160,150,37,150,160
153,155,146,153,155,117,96,144,155,153,148,150,148,150,165,165,150,37,150,165
153,155,146,153,155,117,96,144,155,153,148,150,148,150,165,165,150,37,150,165
157,164,146,157,164,117,110,144,155,153,148,150,148,150,166,29,150,37,150,40
157,164,146,157,164,117,110,144,155,153,148,150,148,150,166,29,150,63,150,40
157,164,146,157,164,117,110,147,155,153,158,150,24,150,27,29,150,63,150,40
157,164,146,157,164,117,110,147,155,157,158,150,24,150,27,29,150,63,150,40
157,164,146,157,164,117,110,147,164,157,162,150,24,166,27,29,150,63,39,56
157,164,146,157,164,146,110,147,164,157,162,150,24,166,27,29,150,63,39,56
157,164,146,157,164,146,110,147,164,157,16,23,24,25,50,53,150,92,39,56
157,164,146,157,164,146,110,147,164,157,16,23,58,25,50,53,150,92,39,56
157,164,146,157,164,146,110,147,164,157,16,23,58,25,50,53,34,92,68,105
157,164,146,157,164,146,110,147,164,157,16,23,58,25,50,53,34,92,68,105
157,164,146,157,164,146,110,147,164,157,66,67,58,77,89,53,34,92,68,105
157,164,146,157,164,146,110,147,164,157,66,67,58,77,89,107,61,116,68,105
157,164,146,157,164,146,110,147,164,157,66,67,94,77,89,107,61,116,96,110
157,164,146,157,164,146,110,147,164,157,86,88,94,100,117,107,61,116,96,110
157,164,146,157,164,146,110,147,164,157,86,88,94,100,117,107,103,116,96,110
157,164,146,157,164,146,110,147,164,157,86,88,94,100,117,107,103,116,96,110