90,52,189,90,106,138,347,0,207,407,0,197,0,0,416,0,0,238,380,195
90,52,189,90,106,138,347,0,207,407,0,197,0,0,416,0,0,238,380,195
90,52,189,90,424,138,414,0,453,0,0,0,0,0,416,0,0,238,400,195
90,52,189,90,424,138,414,0,453,0,0,0,0,0,416,0,0,238,400,195
90,52,189,90,347,138,415,0,0,238,0,403,0,0,416,0,0,238,0,195
90,52,189,90,347,138,415,0,0,238,0,403,0,0,416,0,0,238,0,195
90,52,189,90,357,138,451,0,0,238,58,422,0,195,416,207,140,238,0,195
90,52,189,90,357,138,451,0,0,238,58,422,0,195,416,207,140,238,0,195
90,52,189,90,388,138,455,106,0,238,58,0,0,195,416,0,0,238,0,195
90,52,189,90,388,138,455,106,0,238,58,0,0,195,416,0,0,238,0,195
90,52,189,90,151,138,0,351,0,238,58,0,0,195,416,256,0,238,0,195
90,52,189,90,151,138,0,351,0,238,58,0,0,195,416,256,0,238,0,195
90,52,189,90,89,138,0,357,0,238,58,0,0,195,416,257,0,238,292,195
164,52,189,160,89,138,0,357,0,238,58,0,0,195,416,257,0,238,292,195
164,88,189,160,370,138,0,422,0,238,58,0,0,195,416,257,351,238,0,195
164,88,191,160,370,138,0,422,0,238,58,0,0,195,416,257,351,238,0,195
164,88,191,160,410,343,0,427,0,238,58,0,238,195,0,257,356,0,0,89
164,88,191,160,410,343,0,427,0,238,58,0,238,195,0,257,356,0,0,89
164,88,191,160,431,343,0,431,89,238,58,0,238,195,0,257,358,0,313,370
164,88,191,160,431,343,0,431,89,238,58,0,238,195,0,257,358,0,313,370
164,88,191,160,331,343,151,437,0,410,58,181,238,195,0,257,383,0,0,0
164,88,191,160,331,343,151,437,0,410,58,181,238,195,0,257,383,0,0,0
164,88,191,160,197,343,0,438,0,0,0,181,238,0,0,257,386,413,347,382
164,88,191,160,197,343,0,438,0,0,0,181,238,0,0,257,386,413,347,382
164,88,191,160,243,343,0,441,256,58,0,181,238,0,0,257,403,413,357,0
164,88,191,160,243,343,0,441,256,58,0,181,238,0,0,257,403,413,357,0
204,88,191,164,207,343,224,444,358,58,0,181,238,0,0,257,406,413,371,421
204,88,191,164,207,343,224,444,358,58,0,181,238,0,0,257,406,413,371,421
204,113,191,164,402,343,344,448,0,58,0,181,238,0,0,0,415,413,384,427
204,113,191,164,402,343,344,448,0,58,0,181,238,0,0,0,415,413,384,427
204,113,209,164,451,343,344,460,365,58,0,181,238,0,0,0,427,413,401,441
204,113,209,164,451,343,344,460,365,58,0,181,238,0,0,0,427,413,401,441
204,113,209,164,437,181,344,0,366,58,0,181,380,0,0,0,431,413,0,445
204,113,209,164,437,181,344,0,366,58,0,181,380,0,0,0,431,413,0,445
204,113,209,164,421,181,344,0,370,58,0,181,385,0,297,0,437,413,0,453
204,113,209,164,421,181,344,0,370,58,0,181,385,0,297,0,437,413,0,453
204,113,209,164,400,181,344,0,371,58,0,406,0,238,0,0,438,413,0,0
204,113,209,164,400,181,344,0,371,58,0,406,0,238,0,0,438,413,0,0
204,113,209,164,385,181,344,0,372,58,0,460,402,238,0,0,441,0,0,0
236,113,209,204,385,181,344,0,372,58,0,460,402,238,0,0,441,0,0,0
236,113,209,204,140,181,344,0,375,165,175,0,410,238,0,0,442,0,138,0
236,113,209,204,140,181,344,0,375,165,175,0,410,238,0,0,442,0,138,0
236,144,209,204,407,181,344,0,0,165,0,0,0,238,0,0,444,0,138,0
236,144,209,204,407,181,344,0,0,165,0,0,0,238,0,0,444,0,138,0
236,144,209,204,224,181,0,0,0,165,0,0,0,238,0,0,448,0,138,0
236,144,249,204,224,181,0,0,0,165,0,0,0,238,0,0,448,0,138,0
236,144,249,204,365,181,0,0,378,165,339,0,0,238,0,0,452,0,138,0
236,144,249,204,365,181,0,0,378,165,339,0,0,238,0,0,452,0,138,0
236,144,249,204,250,420,0,0,380,165,339,0,0,238,0,0,0,0,138,0
236,144,249,204,250,420,0,0,380,165,339,0,0,238,0,0,0,0,138,0
236,144,249,204,172,420,0,0,382,165,339,0,0,238,238,0,0,0,138,106
236,144,249,204,172,420,0,0,382,165,339,0,0,238,238,0,0,0,138,106
248,144,249,236,175,420,299,198,384,165,339,151,0,240,238,0,0,58,138,448
248,144,249,236,175,420,299,198,384,165,339,151,0,240,238,0,0,58,138,448
248,144,249,236,292,420,0,202,0,165,339,0,0,240,238,165,0,58,138,455
248,144,249,236,292,420,0,202,0,165,339,0,0,240,238,165,0,58,138,455
248,155,249,236,198,420,0,345,0,243,339,226,0,240,238,165,0,58,151,0
248,155,249,236,198,420,0,345,0,243,339,226,0,240,238,165,0,58,151,0
248,155,249,236,427,420,314,0,0,279,339,0,0,240,238,165,0,58,0,0
248,155,249,236,427,420,314,0,0,279,339,0,0,240,238,165,0,58,0,0
248,155,278,236,202,420,406,421,0,279,339,0,0,240,238,165,0,58,181,0
248,155,278,236,202,420,406,421,0,279,339,0,0,240,238,165,0,58,181,0
248,155,278,236,401,420,0,424,0,279,340,0,0,240,238,165,0,58,181,0
248,155,278,236,401,420,0,424,0,279,340,0,0,240,238,165,0,58,181,0
248,155,278,236,366,444,0,0,0,279,340,0,58,240,238,165,0,58,181,0
300,155,278,248,366,444,0,0,0,279,340,0,58,240,238,165,0,58,181,0
300,155,278,248,403,445,0,0,119,279,340,0,58,240,58,165,0,58,181,0
300,155,278,248,403,445,0,0,119,279,340,0,58,240,58,165,0,58,181,0
300,155,278,248,355,448,0,0,119,279,340,106,58,89,58,165,0,343,181,0
300,208,278,248,355,448,0,0,119,279,340,106,58,89,58,165,0,343,181,0
300,208,278,248,405,456,0,0,119,279,340,347,58,165,58,413,0,343,181,299
300,208,278,248,405,456,0,0,119,279,340,347,58,165,58,413,0,343,181,299
300,208,278,248,414,460,0,0,119,279,340,351,58,165,58,413,0,343,181,0
300,208,278,248,414,460,0,0,119,279,340,351,58,165,58,413,0,343,181,0
300,208,290,248,226,0,140,0,119,172,340,0,58,165,58,413,231,343,181,0
300,208,290,248,226,0,140,0,119,172,340,0,58,165,58,413,231,343,181,0
300,208,290,248,371,0,197,0,119,175,340,355,58,165,58,413,0,343,224,0
300,208,290,248,371,0,197,0,119,175,340,355,58,165,58,413,0,343,224,0
306,208,290,300,231,0,452,0,119,0,343,356,58,165,58,413,0,343,402,0
306,208,290,300,231,0,452,0,119,0,343,356,58,165,58,413,0,343,402,0
306,208,290,300,345,195,0,124,119,226,343,357,183,165,58,413,0,343,0,0
306,208,290,300,345,195,0,124,119,226,343,357,183,165,58,413,0,343,0,0
306,270,290,300,313,195,0,124,142,405,343,358,183,165,313,413,0,343,0,0
306,270,290,300,313,195,0,124,142,405,343,358,183,165,313,413,0,343,0,0
306,270,290,300,256,195,0,124,142,0,343,0,183,165,0,413,0,416,0,0
306,270,290,300,256,195,0,124,142,0,343,0,183,165,0,413,0,416,0,0
306,270,290,300,325,195,0,124,142,292,343,365,183,420,0,416,0,416,0,197
306,270,290,300,325,195,0,124,142,292,343,365,183,420,0,416,0,416,0,197
306,270,294,300,351,195,0,124,142,0,343,366,183,420,0,416,0,416,165,0
306,270,294,300,351,195,0,124,142,0,343,366,183,420,0,416,0,416,165,0
306,270,294,300,372,195,0,124,142,297,343,371,183,420,0,416,181,416,165,243
307,270,294,306,372,195,0,124,142,297,343,371,183,420,0,416,181,416,165,243
307,270,294,306,297,195,159,124,142,313,343,375,183,420,0,416,181,416,165,279
307,270,294,306,297,195,159,124,142,313,343,375,183,420,0,416,181,416,165,279
307,270,294,306,299,195,159,124,142,0,413,0,183,420,0,416,181,416,165,279
307,276,294,306,299,195,159,124,142,0,413,0,183,420,0,416,181,416,165,279
307,276,294,306,314,413,159,231,142,325,413,382,383,420,0,416,181,416,165,279
307,276,294,306,314,413,159,231,142,325,413,382,383,420,0,416,181,416,165,279
307,276,294,306,438,413,159,0,383,0,413,386,388,420,202,416,181,416,165,279
307,276,294,306,438,413,159,0,383,0,413,386,388,420,202,416,181,416,165,279
307,276,294,306,356,413,159,263,385,0,413,0,400,420,243,416,181,0,165,279
307,276,294,306,356,413,159,263,385,0,413,0,400,420,243,416,181,0,165,279
307,276,298,306,358,413,159,263,0,331,413,407,405,159,279,0,181,344,165,279
307,276,298,306,358,413,159,263,0,331,413,407,405,159,279,0,181,344,165,279
309,276,298,307,375,413,159,263,0,402,413,0,437,159,279,0,181,344,0,279
309,276,298,307,375,413,159,263,0,402,413,0,437,159,279,0,181,344,0,279
309,276,298,307,0,413,159,263,0,0,413,0,438,159,279,0,345,344,0,279
309,276,298,307,0,413,159,263,0,0,413,0,438,159,279,0,345,344,0,279
309,295,298,307,422,413,183,263,0,0,413,0,442,159,279,0,422,344,372,0
309,295,298,307,422,413,183,263,0,0,413,0,442,159,279,0,422,344,372,0
309,295,298,307,378,413,183,263,0,386,0,0,443,159,279,0,456,344,388,0
309,295,298,307,378,413,183,263,0,386,0,0,443,159,279,0,456,344,388,0
309,295,298,307,380,219,183,263,0,0,0,0,445,159,279,0,0,344,405,0
309,295,298,307,380,219,183,263,0,0,0,0,445,159,279,0,0,344,405,0
309,295,298,307,382,219,183,263,250,401,159,0,453,159,279,0,0,344,0,0
309,295,298,307,382,219,183,263,250,401,159,0,453,159,279,0,0,344,0,0
309,295,304,309,383,219,183,340,391,0,159,0,0,159,279,0,0,344,0,0
321,295,304,309,383,219,183,340,391,0,159,0,0,159,279,0,0,344,0,0
321,295,304,309,384,219,183,340,0,0,159,172,0,119,0,0,0,119,0,0
321,295,304,309,384,219,183,340,0,0,159,172,0,119,0,0,0,119,0,0
321,295,304,309,386,219,183,340,0,240,159,0,0,119,0,119,0,119,0,0
321,302,304,309,386,219,183,340,0,240,159,0,0,119,0,119,0,119,0,0
321,302,304,309,391,219,183,340,0,240,159,0,0,119,0,119,0,119,175,140
321,302,304,309,391,219,183,340,0,240,159,0,0,119,0,119,0,119,175,140
321,302,304,309,441,219,205,340,0,240,159,0,0,119,0,119,0,119,0,444
321,302,304,309,441,219,205,340,0,240,159,0,0,119,0,119,0,119,0,444
321,302,304,309,406,219,205,340,0,240,159,0,0,119,0,119,0,119,0,451
321,302,304,309,406,219,205,340,0,240,159,0,0,119,0,119,0,119,0,451
321,302,304,321,415,247,205,340,0,240,159,0,0,119,0,119,0,119,0,456
321,302,304,321,415,247,205,340,0,240,159,0,0,119,0,119,0,119,0,456
330,302,305,321,442,247,205,340,230,240,119,0,0,119,0,119,0,119,0,0
330,302,305,321,442,247,205,340,230,240,119,0,0,119,0,119,0,119,0,0
330,302,305,321,443,247,205,442,230,240,119,124,0,119,0,119,0,119,0,0
330,302,305,321,443,247,205,442,230,240,119,124,0,119,0,119,0,119,0,0
330,308,305,321,452,247,205,445,230,240,119,124,0,138,0,119,0,0,0,0
330,308,305,321,452,247,205,445,230,240,119,124,0,138,0,119,0,0,0,0
330,308,305,321,455,247,205,456,230,0,119,124,0,138,0,138,0,0,124,0
330,308,305,321,455,247,205,456,230,0,119,124,0,138,0,138,0,0,124,0
330,308,305,321,52,247,205,0,230,355,119,124,0,138,0,138,279,0,124,0
330,308,305,321,52,247,205,0,230,355,119,124,0,138,0,138,279,0,124,0
330,308,305,330,52,247,239,0,230,356,119,124,0,138,0,138,279,0,124,0
330,308,305,330,52,247,239,0,230,356,119,124,0,138,0,138,279,0,124,0
330,308,305,330,52,247,239,0,230,388,119,124,0,138,0,138,279,0,124,0
334,308,305,330,52,247,239,0,230,388,119,124,0,138,0,138,279,0,124,0
334,308,312,330,52,189,239,0,230,400,119,124,124,138,0,138,279,0,124,142
334,308,312,330,52,189,239,0,230,400,119,124,124,138,0,138,279,0,124,142
334,308,312,330,52,189,239,0,261,403,138,124,124,138,0,138,279,0,124,142
334,317,312,330,52,189,239,0,261,403,138,124,124,138,0,138,279,0,124,142
334,317,312,330,52,189,239,0,261,0,138,165,124,138,142,138,279,0,124,142
334,317,312,330,52,189,239,0,261,0,138,165,124,138,142,138,279,0,124,142
334,317,312,330,88,189,239,0,261,0,138,165,124,292,142,138,279,0,124,142
334,317,312,330,88,189,239,0,261,0,138,165,124,292,142,138,279,0,124,142
334,317,312,334,88,189,239,0,261,339,138,165,124,0,142,420,279,202,0,142
334,317,312,334,88,189,239,0,261,339,138,165,124,0,142,420,279,202,0,142
334,317,312,334,88,189,239,0,261,339,138,165,124,0,142,420,124,256,0,142
334,317,312,334,88,189,239,0,261,339,138,165,124,0,142,420,124,256,0,142
361,317,312,334,88,191,443,0,261,339,138,165,124,0,142,420,124,0,231,142
361,317,312,334,88,191,443,0,261,339,138,165,124,0,142,420,124,0,231,142
361,317,319,334,88,191,453,0,261,339,138,165,124,0,142,420,124,0,0,142
361,317,319,334,88,191,453,0,261,339,138,165,124,0,142,420,124,0,0,142
361,348,319,334,88,191,0,234,261,339,138,165,142,0,142,420,124,0,0,198
361,348,319,334,88,191,0,234,261,339,138,165,142,0,142,420,124,0,0,198
361,348,319,334,123,191,0,234,271,339,0,165,142,0,142,420,124,0,407,0
361,348,319,334,123,191,0,234,271,339,0,165,142,0,142,420,124,0,407,0
361,348,319,361,123,191,0,234,271,339,0,234,142,0,195,420,124,0,0,0
361,348,319,361,123,191,0,234,271,339,0,234,142,0,195,420,124,0,0,0
361,348,319,361,123,191,0,234,271,339,0,234,142,261,195,420,124,0,0,0
361,348,319,361,123,191,0,234,271,339,0,234,142,261,195,420,124,0,0,0
361,348,319,361,123,209,0,234,271,88,0,234,142,261,195,0,124,250,0,0
364,348,319,361,123,209,0,234,271,88,0,234,142,261,195,0,124,250,0,0
364,348,319,361,123,209,0,234,271,88,0,234,142,261,195,0,142,339,0,0
364,348,319,361,123,209,0,234,271,88,0,234,142,261,195,0,142,339,0,0
364,348,329,361,123,209,272,234,271,88,0,234,142,261,195,0,142,339,205,0
364,354,329,361,123,209,272,234,271,88,0,234,142,261,195,0,142,339,205,0
364,354,329,361,208,209,272,234,271,88,0,234,142,261,195,0,142,339,205,0
364,354,329,361,208,209,272,234,271,88,0,234,142,261,195,0,142,339,205,0
364,354,329,364,208,209,272,241,271,123,0,234,205,261,195,343,142,339,205,172
364,354,329,364,208,209,272,241,271,123,0,234,205,261,195,343,142,339,205,172
364,354,329,364,208,209,272,241,285,123,207,234,205,261,195,343,142,339,205,241
364,354,329,364,208,209,272,241,285,123,207,234,205,261,195,343,142,339,205,241
364,354,329,364,208,276,272,241,285,123,0,198,205,261,340,343,142,339,205,241
364,354,329,364,208,276,272,241,285,123,0,198,205,261,340,343,142,339,205,241
369,354,329,364,208,276,272,241,285,123,0,0,205,0,340,343,142,339,205,241
369,354,329,364,208,276,272,241,285,123,0,0,205,0,340,343,142,339,205,241
369,354,329,364,208,276,272,241,285,209,0,0,205,325,340,343,142,339,205,241
369,354,329,364,208,276,272,241,285,209,0,0,205,325,340,343,142,339,205,241
369,362,346,364,270,276,272,241,285,209,0,0,205,0,340,343,421,0,205,241
369,362,346,364,270,276,272,241,285,209,0,0,205,0,340,343,421,0,205,241
369,362,346,369,270,276,416,241,285,209,0,0,205,0,340,343,424,0,226,241
369,362,346,369,270,276,416,241,285,209,0,0,205,0,340,343,424,0,226,241
369,362,346,369,270,276,416,241,285,209,0,0,205,331,340,343,0,0,410,241
369,362,346,369,270,276,416,241,285,209,0,0,205,331,340,343,0,0,410,241
369,362,346,369,270,278,416,257,285,270,0,0,263,0,340,0,0,0,0,241
369,362,346,369,270,278,416,257,285,270,0,0,263,0,340,0,0,0,0,241
369,362,346,369,270,278,416,257,52,270,195,0,263,339,340,0,0,0,0,183
374,362,346,369,270,278,416,257,52,270,195,0,263,339,340,0,0,0,0,183
374,362,346,369,270,278,416,257,52,270,195,159,263,339,183,0,0,0,0,183
374,362,346,369,270,278,416,257,52,270,195,159,263,339,183,0,0,0,0,183
374,362,346,369,295,278,416,257,52,270,195,159,263,339,183,0,0,0,0,183
374,368,346,369,295,278,416,257,52,270,195,159,263,339,183,0,0,0,0,183
374,368,349,374,295,278,416,257,52,276,195,159,263,339,183,0,0,205,159,183
374,368,349,374,295,278,416,257,52,276,195,159,263,339,183,0,0,205,159,183
374,368,349,374,295,278,416,257,52,276,195,159,263,339,183,224,0,205,159,183
374,368,349,374,295,278,416,257,73,276,195,159,263,339,183,224,0,205,159,183
374,368,349,374,295,290,155,257,73,276,195,159,263,339,183,0,0,205,159,183
374,368,349,374,295,290,155,257,73,276,195,159,263,339,183,0,0,205,159,183
374,368,349,374,295,290,155,257,73,276,195,159,263,339,183,339,0,205,159,183
374,368,349,374,295,290,155,257,73,276,195,159,263,339,183,339,0,205,159,183
387,368,349,374,295,290,155,113,73,278,195,159,0,339,183,339,0,205,159,183
387,368,349,374,295,290,155,113,73,278,195,159,0,339,183,339,0,205,159,183
387,368,349,374,302,290,155,113,73,278,181,159,0,340,183,339,0,205,159,460
387,368,349,374,302,290,155,113,73,278,181,159,0,340,183,339,0,205,159,460
387,379,349,387,302,290,155,113,164,278,181,345,0,340,205,339,0,205,159,0
387,379,349,387,302,290,155,113,164,278,181,345,0,340,205,339,0,205,159,0
387,379,360,387,302,290,155,113,164,278,181,370,0,340,205,339,0,205,159,0
387,379,360,387,302,290,155,113,164,278,181,370,0,340,205,339,0,205,159,0
387,379,360,387,302,298,155,113,164,290,181,372,0,340,205,339,0,0,0,0
387,379,360,387,302,298,249,160,164,290,181,372,0,340,205,339,0,0,0,0
387,379,360,387,302,298,249,160,164,290,181,0,0,340,205,339,183,0,297,0
387,379,360,387,302,298,249,160,164,290,181,0,0,340,205,339,183,0,297,0
387,379,360,387,302,298,249,160,164,290,181,378,0,340,205,339,183,0,299,0
393,379,360,387,302,298,249,160,208,290,181,378,0,340,205,339,183,0,299,0
393,379,360,387,308,298,249,160,208,290,181,384,0,340,205,340,183,0,0,0
393,379,360,387,308,298,249,160,208,290,181,384,0,340,205,340,183,0,0,0
393,379,360,393,308,298,249,160,208,298,181,391,219,340,205,340,183,0,0,0
393,390,360,393,308,298,249,160,208,298,181,391,219,340,205,340,183,0,0,0
393,390,360,393,308,298,249,236,208,298,250,401,219,413,205,340,183,0,314,314
393,390,360,393,308,298,249,236,208,298,250,401,219,413,205,340,183,0,314,314
393,390,363,393,308,304,249,236,208,298,0,0,219,413,219,340,183,0,0,378
393,390,363,393,308,304,249,236,208,298,0,0,219,413,219,340,183,0,0,378
393,390,363,393,308,304,294,236,295,298,0,420,219,413,219,340,183,0,325,385
393,390,363,393,308,304,294,236,295,298,0,420,219,413,219,340,183,0,325,385
393,390,363,393,308,304,294,236,295,304,0,420,219,413,219,340,183,219,0,0
393,390,363,393,308,304,294,236,295,304,0,420,219,413,219,340,183,219,0,0
396,390,363,393,317,304,294,236,295,304,0,420,219,413,219,340,0,219,0,424
396,390,363,393,317,304,294,300,295,304,0,420,219,413,219,340,0,219,0,424
396,390,363,396,317,304,294,300,295,304,0,420,219,413,219,340,0,219,331,431
396,390,363,396,317,304,294,300,295,304,0,420,219,413,219,340,0,219,331,431
396,412,363,396,317,304,294,300,295,304,0,420,219,413,219,344,0,219,0,443
396,412,363,396,317,304,294,300,302,304,0,420,219,413,219,344,0,219,0,443
396,412,363,396,317,305,294,300,302,305,0,420,0,413,219,344,0,219,0,452
396,412,363,396,317,305,294,300,302,305,0,420,0,413,219,344,0,219,0,452
396,412,389,396,317,305,294,300,302,305,219,420,0,0,219,344,0,219,0,0
396,412,389,396,317,305,319,300,302,305,219,420,0,0,219,344,0,219,0,0
396,412,389,396,317,305,319,307,302,305,219,420,0,0,239,344,0,219,0,0
396,412,389,396,317,305,319,307,302,305,219,420,0,0,239,344,0,219,0,0
396,412,389,396,354,305,319,307,302,305,219,0,0,230,239,344,0,219,355,0
404,412,389,396,354,305,319,307,302,305,219,0,0,230,239,344,0,219,355,0
404,412,389,404,354,305,319,307,306,312,219,0,0,230,239,344,0,239,365,0
404,412,389,404,354,305,319,307,306,312,219,0,0,230,239,344,0,239,365,0
404,412,389,404,354,305,319,307,306,312,219,0,0,230,239,344,234,239,375,0
404,417,389,404,354,305,319,307,306,312,219,0,0,230,239,344,234,239,375,0
404,417,389,404,354,312,319,307,306,312,219,0,0,230,239,344,234,239,391,0
404,417,389,404,354,312,319,330,306,312,219,0,0,230,239,344,234,239,391,0
404,417,389,404,354,312,319,330,306,312,219,0,0,230,239,0,234,239,414,0
404,417,389,404,354,312,319,330,306,312,219,0,0,230,239,0,234,239,414,0
404,417,392,404,354,312,346,330,308,321,219,0,239,230,239,0,234,239,0,0
404,417,392,404,354,312,346,330,308,321,219,0,239,230,239,0,234,239,0,0
404,417,392,404,362,312,346,330,308,321,240,0,239,230,239,0,234,239,0,234
404,417,392,404,362,312,346,330,308,321,240,0,239,230,239,0,234,239,0,234
408,417,392,408,362,312,346,330,308,321,240,230,239,230,0,0,234,239,0,234
408,417,392,408,362,312,346,330,308,321,240,230,239,230,0,0,234,239,0,234
408,417,392,408,362,312,346,334,308,321,240,230,239,234,0,0,234,239,0,234
408,417,392,408,362,312,346,334,308,321,240,230,239,234,0,0,234,239,0,234
408,423,392,408,362,329,346,334,309,329,240,230,239,234,0,230,234,0,230,234
408,423,392,408,362,329,346,334,309,329,240,230,239,234,0,230,234,0,230,234
408,423,392,408,362,329,346,334,309,329,240,230,239,234,0,230,240,0,230,234
408,423,392,408,362,329,346,334,309,329,240,230,239,234,0,230,240,0,230,234
408,423,392,408,362,329,346,334,309,329,240,230,239,234,0,230,240,0,230,234
408,423,392,408,379,329,348,334,309,329,240,230,239,234,0,230,240,0,230,234
408,423,397,408,379,329,348,334,309,329,240,230,239,234,0,230,240,0,230,234
408,423,397,408,379,329,348,361,309,329,240,230,239,234,0,230,240,0,230,234
409,423,397,409,379,329,348,361,317,360,240,230,241,234,0,230,240,0,230,234
409,423,397,409,379,329,348,361,317,360,240,230,241,234,0,230,240,0,230,234
409,423,397,409,379,329,348,361,317,360,247,230,241,234,0,230,240,0,230,247
409,423,397,409,379,329,348,361,317,360,247,230,241,234,0,230,240,0,230,247
409,423,397,409,379,360,348,361,317,360,247,241,241,234,261,230,240,0,230,247
409,429,397,409,379,360,348,361,317,360,247,241,241,234,261,230,240,0,230,247
409,429,397,409,379,360,348,361,317,360,247,241,241,247,261,230,240,0,230,247
409,429,397,409,379,360,348,361,317,360,247,241,241,247,261,230,240,0,230,247
409,429,397,409,412,360,348,364,354,363,247,241,241,247,261,240,240,257,239,247
409,429,397,409,412,360,348,364,354,363,247,241,241,247,261,240,240,257,239,247
409,429,397,409,412,360,349,364,354,363,247,241,241,247,261,240,241,257,239,247
409,429,397,409,412,360,349,364,354,363,247,241,241,247,261,240,241,257,239,247
418,429,419,418,412,360,349,364,354,363,247,241,241,247,261,240,241,257,239,247
418,429,419,418,412,360,349,364,354,363,247,241,241,247,261,240,241,257,239,247
418,429,419,418,412,360,349,364,354,363,247,241,241,247,261,240,241,257,239,247
418,429,419,418,412,360,349,364,354,363,247,241,241,247,261,240,241,257,239,247
418,429,419,418,412,363,349,374,362,368,247,241,257,247,261,240,241,257,239,247
418,429,419,418,412,363,349,374,362,368,247,241,257,247,261,240,241,257,239,247
418,433,419,418,412,363,349,374,362,368,257,241,257,247,261,240,241,257,239,261
418,433,419,418,417,363,349,374,362,368,257,241,257,247,261,240,241,257,239,261
418,433,419,418,417,363,349,374,362,368,257,261,257,247,0,240,241,257,239,261
418,433,419,418,417,363,349,374,362,368,257,261,257,247,0,240,241,257,239,261
418,433,419,418,417,363,349,374,362,368,257,261,257,343,0,240,241,257,239,261
418,433,419,418,417,363,390,374,362,368,257,261,257,343,0,240,241,257,239,261
425,433,419,425,417,363,390,387,369,389,257,261,257,343,0,279,241,263,0,261
425,433,419,425,417,363,390,387,369,389,257,261,257,343,0,279,241,263,0,261
425,433,430,425,417,363,390,387,369,389,257,261,257,343,0,279,263,263,0,261
425,433,430,425,417,363,390,387,369,389,257,261,257,343,0,279,263,263,0,261
425,433,430,425,417,368,390,387,369,389,257,261,257,343,0,279,263,263,0,261
425,433,430,425,417,368,390,387,369,389,257,261,257,343,0,279,263,263,0,261
425,433,430,425,429,368,390,387,369,389,257,261,257,343,0,279,263,263,0,261
425,446,430,425,429,368,390,387,369,389,257,261,257,343,0,279,263,263,0,261
425,446,430,425,429,368,390,393,379,397,257,261,451,343,0,279,263,263,0,261
425,446,430,425,429,368,390,393,379,397,257,261,451,343,0,279,263,263,0,261
425,446,430,425,429,368,390,393,379,397,344,261,455,343,0,279,263,263,0,0
425,446,430,425,429,368,390,393,379,397,344,261,455,343,0,279,263,263,0,0
428,446,430,428,429,368,392,393,379,397,344,414,0,343,272,279,263,263,0,0
428,446,430,428,429,368,392,393,379,397,344,414,0,343,272,279,263,263,0,0
428,446,430,428,429,368,392,393,379,397,344,0,0,271,272,279,263,263,0,0
428,446,430,428,429,368,392,393,379,397,344,0,0,271,272,279,263,263,0,0
428,446,432,428,429,389,392,396,409,408,344,0,0,271,272,263,263,0,247,0
428,446,432,428,433,389,392,396,409,408,344,0,0,271,272,263,263,0,247,0
428,446,432,428,433,389,392,396,409,408,344,0,0,271,272,263,271,0,247,0
428,446,432,428,433,389,392,396,409,408,344,0,0,271,272,263,271,0,247,0
428,450,432,428,433,389,392,396,409,408,344,0,0,271,272,263,271,0,247,0
428,450,432,428,433,389,392,396,409,408,344,0,0,271,272,263,271,0,247,0
428,450,432,428,433,389,392,396,409,408,344,0,0,271,272,263,271,0,247,0
428,450,432,428,433,389,392,396,409,408,344,0,0,271,272,263,271,0,247,0
436,450,432,436,433,389,423,404,429,412,344,0,0,271,272,263,271,0,247,0
436,450,432,436,433,389,423,404,429,412,344,0,0,271,272,263,271,0,247,0
436,450,432,436,433,389,423,404,429,412,271,0,0,271,272,263,271,0,247,272
436,450,432,436,433,389,423,404,429,412,271,0,0,271,272,263,271,0,247,272
436,450,432,436,446,397,423,404,429,412,271,272,0,271,285,263,271,0,247,272
436,450,432,436,446,397,423,404,429,412,271,272,0,271,285,263,271,0,247,272
436,450,434,436,446,397,423,404,429,412,271,272,0,344,285,263,271,0,247,272
436,450,434,436,446,397,423,404,429,412,271,272,0,344,285,263,271,0,247,272
436,450,434,436,446,397,423,418,433,417,271,272,0,344,285,271,271,272,366,272
436,454,434,436,446,397,423,418,433,417,271,272,0,344,285,271,271,272,366,272
436,454,434,436,446,397,423,418,433,417,271,272,0,344,285,271,0,272,0,272
436,454,434,436,446,397,423,418,433,417,271,272,0,344,285,271,0,272,0,272
440,454,434,440,446,397,432,418,433,417,271,272,0,344,285,271,0,272,0,272
440,454,434,440,446,397,432,418,433,417,271,272,0,344,285,271,0,272,0,272
440,454,434,440,446,397,432,418,433,417,271,272,0,344,285,271,0,272,415,272
440,454,434,440,450,419,432,418,433,417,271,272,0,344,285,271,0,272,415,272
440,454,434,440,450,419,432,425,440,419,271,272,285,344,285,271,0,272,0,272
440,454,434,440,450,419,432,425,440,419,271,272,285,344,285,271,0,272,0,272
440,454,434,440,450,419,432,425,440,419,416,272,285,344,285,271,0,272,0,285
440,454,434,440,450,419,432,425,440,419,416,272,285,344,285,271,0,272,0,285
440,454,439,440,450,419,432,425,440,419,416,249,285,344,294,271,0,272,0,285
440,454,439,440,450,419,432,425,440,419,416,249,285,344,294,271,0,272,0,285
440,457,439,440,450,419,432,425,440,419,416,249,285,64,294,271,0,272,0,285
440,457,439,440,450,419,432,425,440,419,416,249,285,64,294,271,0,272,0,285
449,457,439,449,450,419,434,428,450,430,416,249,285,64,294,113,0,90,420,285
449,457,439,449,450,419,434,428,450,430,416,249,285,64,294,113,0,90,420,285
449,457,439,449,457,430,434,428,450,430,416,249,285,64,294,113,285,90,420,285
449,457,439,449,457,430,434,428,450,430,416,423,285,64,319,113,285,90,420,285
449,457,439,449,457,430,434,428,450,430,416,423,285,64,319,113,285,90,420,285
449,457,439,449,457,430,434,428,450,430,416,423,285,73,319,113,285,90,420,285
449,457,439,449,457,430,434,428,450,430,416,423,285,73,319,113,285,144,420,285
449,457,439,449,457,430,434,428,450,430,416,423,285,73,319,113,285,144,420,285
449,457,439,449,457,430,434,436,458,439,416,423,64,73,319,348,285,144,420,285
449,457,439,449,457,430,434,436,458,439,416,423,64,73,319,348,285,144,420,285
449,457,447,449,457,430,434,436,458,439,144,454,64,73,392,348,285,144,420,73
449,458,447,449,457,430,434,436,458,439,144,454,64,73,392,348,285,144,420,73
459,458,447,459,457,430,447,436,458,439,144,454,64,204,392,348,285,155,420,73
459,458,447,459,458,439,447,436,458,439,144,454,64,204,392,348,285,155,420,73
459,458,447,459,458,439,447,436,458,439,144,454,64,204,392,348,285,155,420,73
459,458,447,459,458,439,447,436,458,439,346,454,64,204,392,348,285,155,420,160
459,458,447,459,458,439,447,449,459,446,346,454,191,204,392,390,285,155,454,160
459,458,447,459,458,439,447,449,459,446,346,457,191,204,434,390,285,155,454,160
459,458,447,459,458,439,447,449,459,446,346,457,191,432,434,390,64,447,454,160
459,458,447,459,458,439,447,449,459,446,346,457,191,432,434,390,64,447,454,160
459,458,447,459,458,439,447,449,459,446,349,457,191,432,434,390,123,447,454,189
459,458,447,459,458,439,447,449,459,446,349,457,191,432,434,390,123,447,454,189
459,458,447,459,458,439,447,449,459,446,349,457,191,432,434,390,248,447,454,189
459,458,447,459,458,439,447,449,459,446,349,457,191,432,434,390,248,447,454,189