309,225,436,309,0,306,1321,825,225,309,306,331,225,306,0,1283,825,1321,1282,0
309,225,436,309,0,306,1321,825,225,309,306,331,225,306,0,1283,825,1321,1282,0
309,225,436,309,292,306,292,1402,225,309,306,331,225,306,0,979,1402,292,1127,0
309,225,436,309,292,306,292,1402,225,309,306,331,225,306,0,979,1402,292,1127,0
331,225,436,331,753,306,1281,1223,225,309,306,331,225,306,0,306,1223,1281,1236,0
331,225,436,331,753,306,1281,1223,337,309,306,331,337,306,0,306,1223,1281,1236,0
331,225,436,331,1397,306,1397,1231,337,379,306,331,337,306,0,306,1231,1397,1117,0
331,337,493,331,1397,306,1397,1231,337,379,306,720,337,306,0,306,1231,1397,1117,0
379,337,493,379,1321,306,1071,1282,337,379,306,720,337,306,0,306,1282,1071,1133,0
379,337,493,379,1321,306,1071,1282,337,379,306,720,337,306,0,306,1282,1071,1133,0
379,337,493,379,989,306,883,908,436,379,306,720,436,306,0,306,908,883,1268,0
379,337,493,379,989,306,883,908,436,379,306,720,436,306,0,306,908,883,1268,0
501,337,493,501,597,306,1184,1143,436,501,306,720,436,306,0,306,1143,1184,0,0
501,337,493,501,597,306,1184,1143,436,501,306,720,436,306,0,306,1143,1184,0,0
501,574,604,501,1410,306,0,793,436,501,306,729,436,306,0,306,793,0,1223,0
501,574,604,501,1410,306,0,793,493,501,306,729,493,306,0,306,793,0,1223,0
510,574,604,510,1071,1127,387,1099,493,501,1411,729,493,1411,0,306,1099,387,1238,0
510,574,604,510,1071,1127,387,1099,493,501,1411,729,493,1411,0,306,1099,387,1238,0
510,574,604,510,1376,1328,1386,516,493,510,1411,729,493,1411,0,306,516,1386,1348,0
510,574,604,510,1376,1328,1386,516,493,510,1411,729,493,1411,0,306,516,1386,1348,0
614,574,604,614,883,1119,820,444,574,510,1411,729,574,1411,0,1083,444,820,1156,0
614,631,622,614,883,1119,820,444,574,510,1411,775,574,1411,0,1083,444,820,1156,0
614,631,622,614,1248,1232,885,303,574,510,1411,775,574,1411,0,1088,303,885,1285,0
614,631,622,614,1248,1232,885,303,574,510,1411,775,574,1411,0,1088,303,885,1285,0
651,631,622,651,384,818,1324,1361,574,614,1411,775,574,1411,0,1323,1361,1324,500,0
651,631,622,651,384,818,1324,1361,604,614,1411,775,604,1411,0,1323,1361,1324,500,0
651,631,622,651,1394,842,1088,1371,604,614,1411,775,604,1411,0,747,1371,1088,1331,0
651,631,622,651,1394,842,1088,1371,604,614,1411,775,604,1411,0,747,1371,1088,1331,0
705,681,721,705,1184,1090,1163,403,604,614,1411,787,604,1411,0,1375,403,1163,928,0
705,681,721,705,1184,1090,1163,403,604,614,1411,787,604,1411,0,1375,403,1163,928,0
705,681,721,705,793,1143,597,1090,622,651,1411,787,622,1411,0,1375,1090,597,1143,0
705,681,721,705,793,1143,597,1090,622,651,1411,787,622,1411,0,1375,1090,597,1143,0
720,681,721,720,387,988,989,758,622,651,0,787,622,971,0,1375,758,989,1292,0
720,681,721,720,387,988,989,758,622,651,0,787,622,971,0,1375,758,989,1292,0
720,681,721,720,1279,1285,1083,1117,622,651,0,787,622,971,0,1375,1117,1083,940,0
720,683,745,720,1279,1285,1083,1117,631,651,0,788,631,971,0,1375,1117,1083,940,0
722,683,745,722,1077,764,1279,1023,631,705,0,788,631,971,0,1375,1023,1279,1166,0
722,683,745,722,1077,764,1279,1023,631,705,0,788,631,971,0,1375,1023,1279,1166,0
722,683,745,722,500,1236,475,842,631,705,0,788,631,971,0,1375,842,475,1375,0
722,683,745,722,500,1236,475,842,631,705,0,788,631,1080,0,1375,842,475,1375,0
729,683,745,729,1234,1331,1407,1348,681,705,0,788,681,1080,0,1375,1348,1407,1375,0
729,683,745,729,1234,1331,1407,1348,681,705,0,788,681,1080,0,1375,1348,1407,1375,0
729,718,796,729,903,1335,243,1388,681,722,0,833,681,1080,0,1375,1388,243,1375,0
729,718,796,729,903,1335,243,1388,681,722,0,833,681,1080,0,1375,1388,243,1375,0
775,718,796,775,885,1238,526,1232,683,722,0,833,683,1080,0,753,1232,526,1375,0
775,718,796,775,885,1238,526,1232,683,722,0,833,683,1080,0,753,1232,526,1375,0
775,718,796,775,303,1166,903,500,683,722,0,833,683,1404,0,428,500,903,1375,0
775,718,796,775,303,1166,903,500,683,722,0,833,683,1404,0,428,500,903,1375,0
787,718,796,787,516,428,1052,980,718,838,428,833,718,428,0,428,980,1052,1375,0
787,743,819,787,516,428,1052,980,718,838,428,872,718,428,0,428,980,1052,1375,0
787,743,819,787,1231,428,946,1234,718,838,428,872,718,428,0,428,1234,946,1375,0
787,743,819,787,1231,428,946,1234,718,838,428,872,718,428,0,428,1234,946,1375,0
788,743,819,788,1163,428,1244,1290,721,838,428,872,721,428,0,428,1290,1244,1375,0
788,743,819,788,1163,428,1244,1290,721,838,428,872,721,428,0,428,1290,1244,1375,0
788,743,819,788,1379,428,1149,1236,721,847,428,872,721,428,0,428,1236,1149,0,0
788,743,819,788,1379,428,1149,1236,721,847,428,872,721,428,0,428,1236,1149,0,0
833,778,859,833,1023,428,1118,1174,743,847,428,881,743,428,0,428,1174,1118,667,0
833,778,859,833,1023,428,1118,1174,743,847,428,881,743,428,0,428,1174,1118,667,0
833,778,859,833,1291,428,933,1091,743,847,428,881,743,428,0,428,1091,933,967,0
833,778,859,833,1291,428,933,1091,743,847,428,881,743,428,0,428,1091,933,967,0
838,778,859,838,1281,428,1248,1377,745,855,428,881,745,428,0,428,1377,1248,1416,0
838,778,859,838,1281,428,1248,1377,745,855,428,881,745,428,0,428,1377,1248,1416,0
838,778,920,838,946,428,1272,345,745,855,428,881,745,428,0,1118,345,1272,0,0
838,831,920,838,946,428,1272,345,745,855,428,909,745,428,0,1118,345,1272,0,0
847,831,920,847,832,1337,384,1301,778,855,120,909,778,120,0,597,1301,384,1287,0
847,831,920,847,832,1337,384,1301,778,855,120,909,778,120,0,597,1301,384,1287,0
847,831,920,847,1415,120,1376,1197,778,870,120,909,778,120,0,1391,1197,1376,120,0
847,831,920,847,1415,120,1376,1197,778,870,120,909,778,120,0,1391,1197,1376,120,0
855,831,947,855,1282,120,1410,415,796,870,120,909,796,120,0,1295,415,1410,120,0
855,831,947,855,1282,120,1410,415,796,870,120,909,796,120,0,1295,415,1410,120,0
855,843,947,855,835,120,1365,1264,796,870,120,929,796,120,0,1033,1264,1365,120,0
855,843,947,855,835,120,1365,1264,796,870,120,929,796,120,0,1033,1264,1365,120,0
870,843,947,870,867,120,1260,802,819,931,120,929,819,120,0,1021,802,1260,120,0
870,843,947,870,867,120,1260,802,819,931,120,929,819,120,0,1021,802,1260,120,0
870,843,948,870,933,120,1329,940,819,931,120,929,819,120,0,0,940,1329,120,0
870,843,948,870,933,120,1329,940,819,931,120,929,819,120,0,0,940,1329,120,0
872,843,948,872,475,120,1249,551,831,931,120,929,831,120,0,120,551,1249,120,0
872,888,948,872,475,120,1249,551,831,931,120,934,831,120,0,120,551,1249,120,0
872,888,948,872,1313,120,753,1025,831,952,120,934,831,120,0,120,1025,753,120,0
872,888,948,872,1313,120,753,1025,831,952,120,934,831,120,0,120,1025,753,120,0
881,888,975,881,1117,120,1242,1102,843,952,0,934,843,1084,0,120,1102,1242,120,0
881,888,975,881,1117,120,1242,1102,843,952,0,934,843,1084,0,120,1102,1242,120,0
881,888,975,881,1386,1241,1106,1328,843,952,0,934,843,1084,0,120,1328,1106,1241,0
881,888,975,881,1386,1241,1106,1328,843,952,0,934,843,1084,0,120,1328,1106,1241,0
909,943,975,909,1391,1301,1027,1140,859,971,0,944,859,1084,0,120,1140,1027,1195,0
909,943,975,909,1391,1301,1027,1140,859,971,0,944,859,1084,0,120,1140,1027,1195,0
909,943,991,909,243,1416,1313,1119,859,971,0,944,859,1103,0,120,1119,1313,677,0
909,943,991,909,243,1416,1313,1119,859,971,0,944,859,1103,0,120,1119,1313,677,0
929,943,991,929,1407,853,1072,617,888,971,0,944,888,1103,0,120,617,1072,1305,0
929,943,991,929,1407,853,1072,617,888,971,0,944,888,1103,0,120,617,1072,1305,0
929,943,991,929,1348,901,936,591,888,985,0,944,888,1103,0,120,591,936,973,0
929,971,991,929,1348,901,936,591,888,985,0,962,888,1103,0,120,591,936,973,0
931,971,1012,931,1334,928,1283,1040,920,985,0,962,920,1404,0,526,1040,1283,1203,0
931,971,1012,931,1334,928,1283,1040,920,985,0,962,920,1404,0,526,1040,1283,1203,0
931,971,1012,931,1052,1307,1291,624,920,985,0,962,920,1404,0,1394,624,1291,758,0
931,971,1012,931,1052,1307,1291,624,920,985,0,962,920,1404,0,1394,624,1291,758,0
934,971,1012,934,1197,1287,862,764,943,993,1375,962,943,1375,0,989,764,862,1307,0
934,971,1012,934,1197,1287,862,764,943,993,1375,962,943,1375,0,989,764,862,1307,0
934,987,1015,934,1249,591,1250,967,943,993,1375,968,943,1375,0,1249,967,1250,771,0
934,987,1015,934,1249,591,1250,967,943,993,1375,968,943,1375,0,1249,967,1250,771,0
944,987,1015,944,1118,624,1077,667,947,993,1375,968,947,1375,0,1397,667,1077,1220,0
944,987,1015,944,1118,624,1077,667,947,993,1375,968,947,1375,0,1397,667,1077,1220,0
944,987,1015,944,980,1195,1295,1335,947,1019,1375,968,947,1375,0,1313,1335,1295,403,0
944,987,1015,944,980,1195,1295,1335,947,1019,1375,968,947,1375,0,1313,1335,1295,403,0
952,1050,1018,952,1244,667,1379,677,948,1019,1375,968,948,1375,0,1407,677,1379,1231,0
952,1050,1018,952,1244,667,1379,677,948,1019,1375,974,948,1375,0,1407,677,1379,1231,0
952,1050,1018,952,1088,677,806,1056,948,1019,1375,974,948,1375,0,1410,1056,806,0,0
952,1050,1018,952,1088,677,806,1056,948,1019,1375,974,948,1375,0,1410,1056,806,0,0
962,1050,1018,962,526,1389,979,815,975,1057,1375,974,975,1375,0,1413,815,979,960,0
962,1050,1018,962,526,1389,979,815,975,1057,1375,974,975,1375,0,1413,815,979,960,0
962,1076,1041,962,1174,1402,691,1156,975,1057,1375,974,975,1375,0,0,1156,691,980,0
962,1076,1041,962,1174,1402,691,1156,975,1057,1375,974,975,1375,0,0,1156,691,980,0
968,1076,1041,968,1099,861,1391,1307,987,1057,0,977,987,1115,0,0,1307,1391,1056,0
968,1076,1041,968,1099,861,1391,1307,987,1057,0,977,987,1115,0,0,1307,1391,1056,0
968,1076,1041,968,1175,861,1302,1127,987,1065,0,977,987,1115,0,0,1127,1302,1074,0
968,1076,1041,968,1175,861,1302,1127,987,1065,0,977,987,1115,0,0,1127,1302,1074,0
974,1080,1082,974,617,861,714,715,991,1065,0,977,991,1115,0,0,715,714,1308,0
974,1080,1082,974,617,861,714,715,991,1065,0,977,991,1115,0,0,715,714,1308,0
974,1080,1082,974,1269,861,804,901,991,1065,0,977,991,1144,0,0,901,804,444,0
974,1080,1082,974,1269,861,804,901,991,1065,0,1032,991,1144,0,0,901,804,444,0
977,1080,1082,977,1250,861,832,733,1012,1080,0,1032,1012,1144,0,1250,733,832,516,0
977,1080,1082,977,1250,861,832,733,1012,1080,0,1032,1012,1144,0,1250,733,832,516,0
977,1084,1115,977,1260,861,1125,818,1012,1080,0,1032,1012,1144,0,1267,818,1125,988,0
977,1084,1115,977,1260,861,1125,818,1012,1080,0,1032,1012,1144,0,1267,818,1125,988,0
985,1084,1115,985,403,861,747,1292,1015,1080,0,1032,1015,1179,0,1260,1292,747,1310,0
985,1084,1115,985,403,861,747,1292,1015,1080,0,1032,1015,1179,0,1260,1292,747,1310,0
985,1084,1115,985,345,861,1334,1268,1015,1084,0,1047,1015,1179,0,1013,1268,1334,0,0
985,1084,1115,985,345,861,1334,1268,1015,1084,0,1047,1015,1179,0,1013,1268,1334,0,0
993,1103,1129,993,1149,1292,1381,912,1018,1084,0,1047,1018,1179,0,1175,912,1381,1312,0
993,1103,1129,993,1149,1292,1381,912,1018,1084,0,1047,1018,1179,0,1175,912,1381,1312,0
993,1103,1129,993,444,1375,835,1415,1018,1084,0,1047,1018,1191,0,243,1415,835,428,0
993,1103,1129,993,444,1375,835,1415,1018,1084,0,1047,1018,1191,0,243,1415,835,428,0
1019,1103,1129,1019,1365,1375,1265,771,1041,1093,0,1047,1041,1191,0,1210,771,1265,428,0
1019,1103,1129,1019,1365,1375,1265,771,1041,1093,0,1049,1041,1191,0,1210,771,1265,428,0
1019,1104,1139,1019,1283,1375,1269,774,1041,1093,0,1049,1041,1191,0,1279,774,1269,428,0
1019,1104,1139,1019,1283,1375,1269,774,1041,1093,0,1049,1041,1191,0,1279,774,1269,428,0
1032,1104,1139,1032,1324,1375,1175,803,1050,1093,0,1049,1050,1200,0,1130,803,1175,428,0
1032,1104,1139,1032,1324,1375,1175,803,1050,1093,0,1049,1050,1200,0,1130,803,1175,428,0
1032,1104,1139,1032,415,1375,867,1133,1050,1103,0,1049,1050,1200,0,1324,1133,867,428,0
1032,1104,1139,1032,415,1375,867,1133,1050,1103,0,1049,1050,1200,0,1324,1133,867,428,0
1047,1111,1145,1047,1264,1375,874,988,1076,1103,0,1051,1076,1200,0,0,988,874,428,0
1047,1111,1145,1047,1264,1375,874,988,1076,1103,0,1051,1076,1200,0,0,988,874,428,0
1047,1111,1145,1047,1381,1375,1126,853,1076,1103,0,1051,1076,1406,0,1365,853,1126,428,0
1047,1111,1145,1047,1381,1375,1126,853,1076,1103,0,1051,1076,1406,0,1365,853,1126,428,0
1049,1111,1145,1049,1242,1375,880,1285,1082,1109,861,1051,1082,861,0,1376,1285,880,428,0
1049,1111,1145,1049,1242,1375,880,1285,1082,1109,861,1051,1082,861,0,1376,1285,880,428,0
1049,1124,1173,1049,1272,802,1033,1238,1082,1109,861,1051,1082,861,0,1379,1238,1033,1317,0
1049,1124,1173,1049,1272,802,1033,1238,1082,1109,861,1058,1082,861,0,1379,1238,1033,1317,0
1051,1124,1173,1051,979,803,1286,1331,1104,1109,861,1058,1104,861,0,1381,1331,1286,815,0
1051,1124,1173,1051,979,803,1286,1331,1104,1109,861,1058,1104,861,0,1381,1331,1286,815,0
1051,1124,1173,1051,1329,1203,1130,1337,1104,1115,861,1058,1104,861,0,1383,1337,1130,0,0
1051,1124,1173,1051,1329,1203,1130,1337,1104,1115,861,1058,1104,861,0,1383,1337,1130,0,0
1057,1137,1179,1057,551,825,923,1074,1111,1115,861,1058,1111,861,0,1386,1074,923,825,0
1057,1137,1179,1057,551,825,923,1074,1111,1115,861,1058,1111,861,0,1386,1074,923,825,0
1057,1137,1179,1057,936,1133,926,1166,1111,1115,861,1067,1111,861,0,0,1166,926,1402,0
1057,1137,1179,1057,936,1133,926,1166,1111,1115,861,1067,1111,861,0,0,1166,926,1402,0
1058,1137,1179,1058,1025,1305,953,928,1124,1120,861,1067,1124,861,0,1152,928,953,0,0
1058,1137,1179,1058,1025,1305,953,928,1124,1120,861,1067,1124,861,0,1152,928,953,0,0
1058,1144,1189,1058,874,940,1152,960,1124,1120,861,1067,1124,861,0,1052,960,1152,1232,0
1058,1144,1189,1058,874,940,1152,960,1124,1120,861,1067,1124,861,0,1052,960,1152,1232,0
1065,1144,1189,1065,1106,1403,1323,973,1129,1120,0,1067,1129,1103,0,1265,973,1323,0,0
1065,1144,1189,1065,1106,1403,1323,973,1129,1120,0,1069,1129,1103,0,1265,973,1323,0,0
1065,1144,1189,1065,1033,1220,1387,1241,1129,1121,0,1069,1129,1103,0,384,1241,1387,415,0
1065,1144,1189,1065,1033,1220,1387,1241,1129,1121,0,1069,1129,1103,0,384,1241,1387,415,0
1067,1151,1194,1067,1125,758,1021,1350,1137,1121,0,1069,1137,1103,0,0,1350,1021,802,0
1067,1151,1194,1067,1125,758,1021,1350,1137,1121,0,1069,1137,1103,0,0,1350,1021,802,0
1067,1151,1194,1067,923,771,1267,1362,1137,1121,0,1069,1137,1103,0,1165,1362,1267,803,0
1067,1151,1194,1067,923,771,1267,1362,1137,1121,0,1069,1137,1103,0,1165,1362,1267,803,0
1069,1151,1194,1069,1140,1308,1013,1014,1139,1123,0,1081,1139,1103,0,820,1014,1013,1290,0
1069,1151,1194,1069,1140,1308,1013,1014,1139,1123,0,1081,1139,1103,0,820,1014,1013,1290,0
1069,1155,1206,1069,804,1091,1210,1380,1139,1123,0,1081,1139,1103,0,1269,1380,1210,0,0
1069,1155,1206,1069,804,1091,1210,1380,1139,1123,0,1081,1139,1103,0,1269,1380,1210,0,0
1081,1155,1206,1081,1083,1310,1165,1042,1145,1123,0,1081,1145,1103,0,1329,1042,1165,853,0
1081,1155,1206,1081,1083,1310,1165,1042,1145,1123,0,1081,1145,1103,0,1329,1042,1165,853,0
1081,1155,1206,1081,880,1408,1339,1382,1145,1132,0,1081,1145,1115,0,835,1382,1339,1335,0
1081,1155,1206,1081,880,1408,1339,1382,1145,1132,0,1087,1145,1115,0,835,1382,1339,1335,0
1087,1159,1212,1087,1027,1040,1170,1389,1151,1132,0,1087,1151,1115,0,1302,1389,1170,1337,0
1087,1159,1212,1087,1027,1040,1170,1389,1151,1132,0,1087,1151,1115,0,1302,1389,1170,1337,0
1087,1159,1212,1087,1072,1312,1182,1416,1151,1132,0,1087,1151,1115,0,867,1416,1182,0,0
1087,1159,1212,1087,1072,1312,1182,1416,1151,1132,0,1087,1151,1115,0,867,1416,1182,0,0
1093,1159,1212,1093,953,1014,1186,1287,1155,1144,0,1087,1155,1115,0,1184,1287,1186,624,0
1093,1159,1212,1093,953,1014,1186,1287,1155,1144,0,1087,1155,1115,0,1184,1287,1186,624,0
1093,1183,1216,1093,1265,1317,1193,1195,1155,1144,0,1101,1155,1115,0,903,1195,1193,901,0
1093,1183,1216,1093,1265,1317,1193,1195,1155,1144,0,1101,1155,1115,0,903,1195,1193,901,0
1101,1183,1216,1101,862,0,1343,1305,1159,1144,0,1101,1159,1115,0,1170,1305,1343,1014,0
1101,1183,1216,1101,862,0,1343,1305,1159,1144,0,1101,1159,1115,0,1170,1305,1343,1014,0
1101,1183,1216,1101,1286,1074,1349,1203,1159,1154,0,1101,1159,1115,0,1286,1203,1349,1140,0
1101,1183,1216,1101,1286,1074,1349,1203,1159,1154,0,1101,1159,1115,0,1286,1203,1349,1140,0
1109,1191,1225,1109,806,1156,1205,1308,1173,1154,0,1101,1173,1144,0,1027,1308,1205,0,0
1109,1191,1225,1109,806,1156,1205,1308,1173,1154,0,1136,1173,1144,0,1027,1308,1205,0,0
1109,1191,1225,1109,1295,1268,1215,1220,1173,1154,0,1136,1173,1144,0,1182,1220,1215,715,0
1109,1191,1225,1109,1295,1268,1215,1220,1173,1154,0,1136,1173,1144,0,1182,1220,1215,715,0
1120,1191,1225,1120,1383,1350,1309,1310,1183,1157,0,1136,1183,1144,0,387,1310,1309,1361,0
1120,1191,1225,1120,1383,1350,1309,1310,1183,1157,0,1136,1183,1144,0,387,1310,1309,1361,0
1120,1200,1227,1120,820,1388,1311,1312,1183,1157,0,1136,1183,1144,0,1106,1312,1311,1362,0
1120,1200,1227,1120,820,1388,1311,1312,1183,1157,0,1136,1183,1144,0,1106,1312,1311,1362,0
1121,1200,1227,1121,1387,0,1383,1317,1189,1157,0,1138,1189,1144,0,1186,1317,1383,1371,0
1121,1200,1227,1121,1387,0,1383,1317,1189,1157,0,1138,1189,1144,0,1186,1317,1383,1371,0
1121,1200,1227,1121,691,774,1394,1392,1189,1176,0,1138,1189,1144,0,874,1392,1394,1377,0
1121,1200,1227,1121,691,774,1394,1392,1189,1176,0,1138,1189,1144,0,874,1392,1394,1377,0
1123,1207,1240,1123,1412,0,1412,1403,1194,1176,0,1138,1194,1144,0,1193,1403,1412,1380,0
1123,1207,1240,1123,1412,0,1412,1403,1194,1176,0,1138,1194,1144,0,1193,1403,1412,1380,0
1123,1207,1240,1123,1302,908,1413,1408,1194,1176,0,1138,1194,1179,0,1071,1408,1413,1382,0
1123,1207,1240,1123,1302,908,1413,1408,1194,1176,0,1148,1194,1179,0,1071,1408,1413,1382,0
1132,1207,1240,1132,714,960,1417,0,1206,1179,0,1148,1206,1179,0,0,0,1417,1388,0
1132,1207,1240,1132,714,960,1417,0,1206,1179,0,1148,1206,1179,0,0,0,1417,1388,0
1132,1214,1247,1132,926,0,0,0,1206,1179,0,1148,1206,1179,0,923,0,0,1389,0
1132,1214,1247,1132,926,0,0,0,1206,1179,0,1148,1206,1179,0,923,0,0,1389,0
1136,1214,1247,1136,1126,1056,0,0,1212,1179,0,1148,1212,1179,0,1343,0,0,1415,0
1136,1214,1247,1136,1126,1056,0,0,1212,1179,0,1148,1212,1179,0,1343,0,0,1415,0
1136,1214,1247,1136,747,0,0,0,1212,1191,0,1161,1212,1179,0,1309,0,0,0,0
1136,1214,1247,1136,747,0,0,0,1212,1191,0,1161,1212,1179,0,1309,0,0,0,0
1138,1218,1253,1138,1130,1042,0,0,1214,1191,0,1161,1214,1179,0,1349,0,0,0,0
1138,1218,1253,1138,1130,1042,0,0,1214,1191,0,1161,1214,1179,0,1349,0,0,0,0
1138,1218,1253,1138,1152,0,0,0,1214,1191,0,1161,1214,1179,0,691,0,0,774,0
1138,1218,1253,1138,1152,0,0,0,1214,1191,0,1161,1214,1179,0,691,0,0,774,0
1148,1218,1253,1148,1323,815,0,0,1216,1200,0,1161,1216,1191,0,1205,0,0,1392,0
1148,1218,1253,1148,1323,815,0,0,1216,1200,0,1168,1216,1191,0,1205,0,0,1392,0
1148,1226,1270,1148,1413,0,0,0,1216,1200,0,1168,1216,1191,0,475,0,0,0,0
1148,1226,1270,1148,1413,0,0,0,1216,1200,0,1168,1216,1191,0,475,0,0,0,0
1154,1226,1270,1154,1021,1223,0,0,1225,1200,0,1168,1225,1191,0,1215,0,0,793,0
1154,1226,1270,1154,1021,1223,0,0,1225,1200,0,1168,1225,1191,0,1215,0,0,793,0
1154,1226,1270,1154,1267,0,0,0,1225,1207,0,1168,1225,1191,0,1311,0,0,0,0
1154,1226,1270,1154,1267,0,0,0,1225,1207,0,1168,1225,1191,0,1311,0,0,0,0
1157,1246,1280,1157,1013,912,0,0,1227,1207,0,1187,1227,1191,0,0,0,0,908,0
1157,1246,1280,1157,1013,912,0,0,1227,1207,0,1187,1227,1191,0,0,0,0,908,0
1157,1246,1280,1157,1210,967,0,0,1227,1207,0,1187,1227,1191,0,883,0,0,912,0
1157,1246,1280,1157,1210,967,0,0,1227,1207,0,1187,1227,1191,0,883,0,0,912,0
1161,1246,1280,1161,1165,1290,0,0,1240,1218,0,1187,1240,1191,0,926,0,0,0,0
1161,1246,1280,1161,1165,1290,0,0,1240,1218,0,1187,1240,1191,0,926,0,0,0,0
1161,1257,1284,1161,1339,0,0,0,1240,1218,0,1192,1240,1200,0,0,0,0,1023,0
1161,1257,1284,1161,1339,0,0,0,1240,1218,0,1192,1240,1200,0,0,0,0,1023,0
1168,1257,1284,1168,1170,715,0,0,1246,1218,0,1192,1246,1200,0,1281,0,0,1119,0
1168,1257,1284,1168,1170,715,0,0,1246,1226,0,1192,1246,1200,0,1281,0,0,1119,0
1168,1257,1284,1168,1182,733,0,0,1246,1226,0,1192,1246,1200,0,0,0,0,0,0
1168,1257,1284,1168,1182,733,0,0,1246,1226,0,1192,1246,1200,0,0,0,0,0,0
1176,1262,1288,1176,1186,1361,0,0,1247,1226,0,1204,1247,1200,0,804,0,0,818,0
1176,1262,1288,1176,1186,1361,0,0,1247,1226,0,1204,1247,1200,0,804,0,0,818,0
1176,1262,1288,1176,1193,1362,0,0,1247,1235,0,1204,1247,1200,0,806,0,0,842,0
1176,1262,1288,1176,1193,1362,0,0,1247,1235,0,1204,1247,1200,0,806,0,0,842,0
1187,1262,1288,1187,1343,1371,0,0,1257,1235,0,1204,1257,1200,0,1334,0,0,1328,0
1187,1262,1288,1187,1343,1371,0,0,1257,1235,0,1204,1257,1200,0,1334,0,0,1328,0
1187,1266,1289,1187,1349,1377,0,0,1257,1235,0,1209,1257,1200,0,1149,0,0,0,0
1187,1266,1289,1187,1349,1377,0,0,1257,1253,0,1209,1257,0,0,1149,0,0,0,0
1192,1266,1289,1192,1205,1380,0,0,1266,1253,0,1209,1266,0,0,0,0,0,1025,0
1192,1266,1289,1192,1205,1380,0,0,1266,1253,0,1209,1266,0,0,0,0,0,1025,0
1192,1266,1289,1192,1215,1382,0,0,1266,1253,0,1209,1266,0,0,936,0,0,1174,0
1192,1266,1289,1192,1215,1382,0,0,1266,1253,0,1209,1266,0,0,936,0,0,1174,0
1204,1274,1296,1204,1309,1392,0,0,1270,1256,0,1245,1270,0,0,1163,0,0,1234,0
1204,1274,1296,1204,1309,1392,0,0,1270,1256,0,1245,1270,0,0,1163,0,0,1234,0
1204,1274,1296,1204,1311,0,0,0,1270,1256,0,1245,1270,0,0,1244,0,0,0,0
1204,1274,1296,1204,1311,0,0,0,1270,1256,0,1245,1270,0,0,1244,0,0,0,0
1209,1274,1296,1209,1417,973,0,0,1280,1256,0,1245,1280,0,0,1248,0,0,345,0
1209,1274,1296,1209,1417,973,0,0,1280,1262,0,1245,1280,0,0,1248,0,0,345,0
1209,1293,1298,1209,0,1102,0,0,1280,1262,0,1258,1280,0,0,1339,0,0,0,0
1209,1293,1298,1209,0,1102,0,0,1280,1262,0,1258,1280,0,0,1339,0,0,0,0
1235,1293,1298,1235,0,0,0,0,1284,1262,0,1258,1284,1207,0,861,0,0,764,0
1235,1293,1298,1235,0,0,0,0,1284,1262,0,1258,1284,1207,0,861,0,0,764,0
1235,1293,1298,1235,0,1411,0,0,1284,1274,0,1258,1284,1207,0,861,0,0,1350,0
1235,1293,1298,1235,0,1411,0,0,1284,1274,0,1258,1284,1207,0,861,0,0,1350,0
1245,1304,1299,1245,0,1411,0,0,1288,1274,0,1263,1288,1207,0,861,0,0,0,0
1245,1304,1299,1245,0,1411,0,0,1288,1274,0,1263,1288,1207,0,861,0,0,0,0
1245,1304,1299,1245,0,1411,0,0,1288,1274,0,1263,1288,1218,0,861,0,0,551,0
1245,1304,1299,1245,0,1411,0,0,1288,1315,0,1263,1288,1218,0,861,0,0,551,0
1256,1304,1299,1256,0,1411,0,0,1289,1315,0,1263,1289,1218,0,861,0,0,1197,0
1256,1304,1299,1256,0,1411,0,0,1289,1315,0,1263,1289,1218,0,861,0,0,1197,0
1256,1319,1320,1256,0,1411,0,0,1289,1315,0,1271,1289,1218,0,861,0,0,0,0
1256,1319,1320,1256,0,1411,0,0,1289,1315,0,1271,1289,1218,0,861,0,0,0,0
1258,1319,1320,1258,0,1411,0,0,1293,1325,0,1271,1293,1226,0,861,0,0,1090,0
1258,1319,1320,1258,0,1411,0,0,1293,1325,0,1271,1293,1226,0,861,0,0,1090,0
1258,1319,1320,1258,0,1411,0,0,1293,1325,0,1271,1293,1226,0,861,0,0,0,0
1258,1319,1320,1258,0,1411,0,0,1293,1325,0,1271,1293,1226,0,861,0,0,0,0
1263,1322,1327,1263,0,1411,0,0,1296,1325,0,1275,1296,1226,0,0,0,0,617,0
1263,1322,1327,1263,0,1411,0,0,1296,1326,0,1275,1296,1226,0,0,0,0,617,0
1263,1322,1327,1263,0,0,0,0,1296,1326,0,1275,1296,1253,0,1242,0,0,1403,0
1263,1322,1327,1263,0,0,0,0,1296,1326,0,1275,1296,1253,0,1242,0,0,1403,0
1271,1322,1327,1271,0,0,0,0,1298,1326,0,1275,1298,1253,0,0,0,0,0,0
1271,1322,1327,1271,0,0,0,0,1298,1326,0,1275,1298,1253,0,0,0,0,0,0
1271,1333,1340,1271,0,0,0,0,1298,1330,0,1277,1298,1253,0,832,0,0,861,0
1271,1333,1340,1271,0,0,0,0,1298,1330,0,1277,1298,1253,0,832,0,0,861,0
1275,1333,1340,1275,0,0,0,0,1299,1330,0,1277,1299,1262,0,0,0,0,861,0
1275,1333,1340,1275,0,0,0,0,1299,1330,0,1277,1299,1262,0,0,0,0,861,0
1275,1333,1340,1275,0,0,0,0,1299,1330,0,1277,1299,1262,0,862,0,0,861,0
1275,1333,1340,1275,0,0,0,0,1299,1332,0,1277,1299,1262,0,862,0,0,861,0
1277,1353,1341,1277,0,0,0,0,1304,1332,0,1306,1304,1262,0,880,0,0,861,0
1277,1353,1341,1277,0,0,0,0,1304,1332,0,1306,1304,1262,0,880,0,0,861,0
1277,1353,1341,1277,0,0,0,0,1304,1332,0,1306,1304,1274,0,0,0,0,861,0
1277,1353,1341,1277,0,0,0,0,1304,1332,0,1306,1304,1274,0,0,0,0,861,0
1306,1353,1341,1306,0,0,0,0,1319,1344,0,1306,1319,1274,0,1291,0,0,861,0
1306,1353,1341,1306,0,0,0,0,1319,1344,0,1306,1319,1274,0,1291,0,0,861,0
1306,1356,1342,1306,0,0,0,0,1319,1344,0,1318,1319,1274,0,0,0,0,861,0
1306,1356,1342,1306,0,0,0,0,1319,1344,0,1318,1319,1274,0,0,0,0,861,0
1315,1356,1342,1315,0,0,0,0,1320,1344,0,1318,1320,1346,0,885,0,0,861,0
1315,1356,1342,1315,0,0,0,0,1320,1346,0,1318,1320,1346,0,885,0,0,861,0
1315,1356,1342,1315,0,0,0,0,1320,1346,0,1318,1320,1346,0,946,0,0,733,0
1315,1356,1342,1315,0,0,0,0,1320,1346,0,1318,1320,1346,0,946,0,0,733,0
1318,1363,1346,1318,0,0,0,0,1322,1346,0,1338,1322,1346,0,0,0,0,1264,0
1318,1363,1346,1318,0,0,0,0,1322,1346,0,1338,1322,1346,0,0,0,0,1264,0
1318,1363,1346,1318,0,0,0,0,1322,1352,0,1338,1322,1356,0,1072,0,0,0,0
1318,1363,1346,1318,0,0,0,0,1322,1352,0,1338,1322,1356,0,1072,0,0,0,0
1325,1363,1346,1325,0,0,0,0,1327,1352,0,1338,1327,1356,0,1125,0,0,1099,0
1325,1363,1346,1325,0,0,0,0,1327,1352,0,1338,1327,1356,0,1125,0,0,1099,0
1325,1372,1351,1325,0,0,0,0,1327,1352,0,1345,1327,1356,0,1126,0,0,1301,0
1325,1372,1351,1325,0,0,0,0,1327,1356,0,1345,1327,1356,0,1126,0,0,1301,0
1326,1372,1351,1326,0,0,0,0,1333,1356,0,1345,1333,1363,0,1321,0,0,0,0
1326,1372,1351,1326,0,0,0,0,1333,1356,0,1345,1333,1363,0,1321,0,0,0,0
1326,1372,1351,1326,0,0,0,0,1333,1356,0,1345,1333,1363,0,0,0,0,1040,0
1326,1372,1351,1326,0,0,0,0,1333,1356,0,1345,1333,1363,0,0,0,0,1040,0
1330,1373,1355,1330,0,0,0,0,1340,1363,0,1354,1340,1363,0,714,0,0,1042,0
1330,1373,1355,1330,0,0,0,0,1340,1363,0,1354,1340,1363,0,714,0,0,1042,0
1330,1373,1355,1330,0,0,0,0,1340,1363,0,1354,1340,1366,0,953,0,0,0,0
1330,1373,1355,1330,0,0,0,0,1340,1363,0,1354,1340,1366,0,953,0,0,0,0
1332,1373,1355,1332,0,0,0,0,1341,1363,0,1354,1341,1366,0,1272,0,0,306,0
1332,1373,1355,1332,0,0,0,0,1341,1366,0,1354,1341,1366,0,1272,0,0,306,0
1332,1374,1358,1332,0,0,0,0,1341,1366,0,1357,1341,1366,0,0,0,0,306,0
1332,1374,1358,1332,0,0,0,0,1341,1366,0,1357,1341,1366,0,0,0,0,306,0
1338,1374,1358,1338,0,0,0,0,1342,1366,0,1357,1342,1367,0,933,0,0,306,0
1338,1374,1358,1338,0,0,0,0,1342,1366,0,1357,1342,1367,0,933,0,0,306,0
1338,1374,1358,1338,0,0,0,0,1342,1367,0,1357,1342,1367,0,1387,0,0,306,0
1338,1374,1358,1338,0,0,0,0,1342,1367,0,1357,1342,1367,0,1387,0,0,306,0
1344,1378,1366,1344,0,0,0,0,1351,1367,0,1393,1351,1367,0,0,0,0,306,0
1344,1378,1366,1344,0,0,0,0,1351,1367,0,1393,1351,1367,0,0,0,0,306,0
1344,1378,1366,1344,0,0,0,0,1351,1367,0,1393,1351,1369,0,292,0,0,306,0
1344,1378,1366,1344,0,0,0,0,1351,1369,0,1393,1351,1369,0,292,0,0,306,0
1345,1378,1366,1345,0,0,0,0,1353,1369,0,1393,1353,1369,0,0,0,0,306,0
1345,1378,1366,1345,0,0,0,0,1353,1369,0,1393,1353,1369,0,0,0,0,306,0
1345,1384,1367,1345,0,0,0,0,1353,1369,0,1396,1353,1369,0,1077,0,0,306,0
1345,1384,1367,1345,0,0,0,0,1353,1369,0,1396,1353,1369,0,1077,0,0,306,0
1352,1384,1367,1352,0,0,0,0,1355,1372,0,1396,1355,1372,0,1412,0,0,591,0
1352,1384,1367,1352,0,0,0,0,1355,1372,0,1396,1355,1372,0,1412,0,0,591,0
1352,1384,1367,1352,0,0,0,0,1355,1372,0,1396,1355,1372,0,1417,0,0,1091,0
1352,1384,1367,1352,0,0,0,0,1355,1372,0,1396,1355,1372,0,1417,0,0,1091,0
1354,1385,1369,1354,0,0,0,0,1358,1372,0,1405,1358,1372,0,0,0,0,0,0
1354,1385,1369,1354,0,0,0,0,1358,1373,0,1405,1358,1372,0,0,0,0,0,0
1354,1385,1369,1354,0,0,0,0,1358,1373,0,1405,1358,1373,0,0,0,0,303,0
1354,1385,1369,1354,0,0,0,0,1358,1373,0,1405,1358,1373,0,0,0,0,303,0
1357,1385,1369,1357,0,0,0,0,1370,1373,0,1405,1370,1373,0,0,0,0,1408,0
1357,1385,1369,1357,0,0,0,0,1370,1373,0,1405,1370,1373,0,0,0,0,1408,0
1357,1390,1370,1357,0,0,0,0,1370,1374,0,1409,1370,1373,0,0,0,0,0,0
1357,1390,1370,1357,0,0,0,0,1370,1374,0,1409,1370,1373,0,0,0,0,0,0
1393,1390,1370,1393,0,0,0,0,1378,1374,0,1409,1378,1374,0,0,0,0,1102,0
1393,1390,1370,1393,0,0,0,0,1378,1374,0,1409,1378,1374,0,0,0,0,1102,0
1393,1390,1370,1393,0,0,0,0,1378,1374,0,1409,1378,1374,0,1411,0,0,0,0
1393,1390,1370,1393,0,0,0,0,1378,1399,0,1409,1378,1374,0,1411,0,0,0,0
1396,1398,1395,1396,0,0,0,0,1384,1399,0,1418,1384,1374,0,1411,0,0,1411,0
1396,1398,1395,1396,0,0,0,0,1384,1399,0,1418,1384,1374,0,1411,0,0,1411,0
1396,1398,1395,1396,0,0,0,0,1384,1399,0,1418,1384,1399,0,1411,0,0,1411,0
1396,1398,1395,1396,0,0,0,0,1384,1399,0,1418,1384,1399,0,1411,0,0,1411,0
1405,1398,1395,1405,0,0,0,0,1385,1400,0,1418,1385,1399,0,1411,0,0,1411,0
1405,1398,1395,1405,0,0,0,0,1385,1400,0,1418,1385,1399,0,1411,0,0,1411,0
1405,1400,1399,1405,0,0,0,0,1385,1400,0,1419,1385,1399,0,1411,0,0,1411,0
1405,1400,1399,1405,0,0,0,0,1385,1400,0,1419,1385,1399,0,1411,0,0,1411,0
1409,1400,1399,1409,0,0,0,0,1390,1400,0,1419,1390,1400,0,1411,0,0,1411,0
1409,1400,1399,1409,0,0,0,0,1390,1401,0,1419,1390,1400,0,1411,0,0,1411,0
1409,1400,1399,1409,0,0,0,0,1390,1401,0,1419,1390,1400,0,1411,0,0,1411,0
1409,1400,1399,1409,0,0,0,0,1390,1401,0,1419,1390,1400,0,1411,0,0,1411,0
1418,1404,1401,1418,0,0,0,0,1395,1401,0,1420,1395,1400,0,1411,0,0,1411,0
1418,1404,1401,1418,0,0,0,0,1395,1401,0,1420,1395,1400,0,1411,0,0,1411,0
1418,1404,1401,1418,0,0,0,0,1395,1404,0,1420,1395,1401,0,0,0,0,1411,0
1419,1404,1401,1419,0,0,0,0,1395,1404,0,1420,1395,1401,0,0,0,0,1411,0
1419,1404,1401,1419,0,0,0,0,1398,1404,0,1420,1398,1401,0,0,0,0,0,0
1419,1404,1401,1419,0,0,0,0,1398,1404,0,1420,1398,1401,0,0,0,0,0,0
1420,1414,1406,1420,0,0,0,0,1398,1404,0,1421,1398,1401,0,0,0,0,0,0
1420,1414,1406,1420,0,0,0,0,1398,1406,0,1421,1398,1401,0,0,0,0,0,0
1420,1414,1406,1420,0,0,0,0,1414,1406,0,1421,1414,1406,0,0,0,0,0,0
1421,1414,1406,1421,0,0,0,0,1414,1406,0,1421,1414,1406,0,0,0,0,0,0
1421,1414,1406,1421,0,0,0,0,1414,1406,0,1421,1414,1406,0,0,0,0,0,0
1421,1414,1406,1421,0,0,0,0,1414,1406,0,1421,1414,1406,0,0,0,0,0,0