cheetahlb
freqitem
freqitem
cheetahlb
cheetahlb
freqitem
cache
cache
cheetahlb
cheetahlb
freqitem
cache
freqitem
cache
cache
freqitem
cheetahlb
cheetahlb
cheetahlb
cheetahlb
cache
cache
freqitem
cheetahlb
cheetahlb
freqitem
freqitem
cache
cheetahlb
cheetahlb
cheetahlb
freqitem