43,34,28,62,34,28,29,36,71,29,62,36,74,43,46,36,29,34,75,28
43,34,28,62,34,28,29,36,71,29,62,36,74,43,46,36,29,34,75,28
43,34,28,62,34,28,29,36,71,29,62,36,74,43,46,36,29,34,75,28
43,34,28,62,34,28,29,36,71,29,62,36,74,43,46,36,29,34,75,28
43,34,28,62,34,28,29,36,71,29,62,36,74,43,46,36,29,34,75,28
43,34,28,62,34,28,29,36,71,29,62,36,74,43,46,36,29,34,75,28
43,34,28,62,34,28,29,36,71,29,62,36,74,43,46,36,29,34,75,28
43,34,28,62,34,28,29,36,71,29,62,36,74,43,46,36,29,34,75,28
43,34,28,62,34,28,29,36,71,29,62,36,74,43,46,36,29,34,75,28
43,34,28,62,34,28,29,36,71,29,62,36,74,43,46,36,29,34,75,28
43,34,28,62,34,28,29,36,71,29,62,36,74,43,46,36,29,34,75,28
43,34,28,62,34,28,29,36,71,29,62,36,74,43,46,36,29,34,75,28
46,71,53,83,71,53,62,63,102,53,63,64,82,103,63,64,74,43,81,46
46,71,53,83,71,53,62,63,102,53,63,64,82,103,63,64,74,43,81,46
46,71,53,83,71,53,62,63,102,53,63,64,82,103,63,64,74,43,81,46
46,71,53,83,71,53,62,63,102,53,63,64,82,103,63,64,74,43,81,46
46,71,53,83,71,53,62,63,102,53,63,64,82,103,63,64,74,43,81,46
46,71,53,83,71,53,62,63,102,53,63,64,82,103,63,64,74,43,81,46
46,71,53,83,71,53,62,63,102,53,63,64,82,103,63,64,74,43,81,46
46,71,53,83,71,53,62,63,102,53,63,64,82,103,63,64,74,43,81,46
46,71,53,83,71,53,62,63,102,53,63,64,82,103,63,64,74,43,81,46
46,71,53,83,71,53,62,63,102,53,63,64,82,103,63,64,74,43,81,46
46,71,53,83,71,53,62,63,102,53,63,64,82,103,63,64,74,43,81,46
46,71,53,83,71,53,62,63,102,53,63,64,82,103,63,64,74,43,81,46
74,75,61,87,75,61,87,64,108,82,87,91,102,117,100,91,82,103,83,61
74,75,61,87,75,61,87,64,108,82,87,91,102,117,100,91,82,103,83,61
74,75,61,87,75,61,87,64,108,82,87,91,102,117,100,91,82,103,83,61
74,75,61,87,75,61,87,64,108,82,87,91,102,117,100,91,82,103,83,61
74,75,61,87,75,61,87,64,108,82,87,91,102,117,100,91,82,103,83,61
74,75,61,87,75,61,87,64,108,82,87,91,102,117,100,91,82,103,83,61
74,75,61,87,75,61,87,64,108,82,87,91,102,117,100,91,82,103,83,61
74,75,61,87,75,61,87,64,108,82,87,91,102,117,100,91,82,103,83,61
74,75,61,87,75,61,87,64,108,82,87,91,102,117,100,91,82,103,83,61
74,75,61,87,75,61,87,64,108,82,87,91,102,117,100,91,82,103,83,61
74,75,61,87,75,61,87,64,108,82,87,91,102,117,100,91,82,103,83,61
74,75,61,87,75,61,87,64,108,82,87,91,102,117,100,91,82,103,83,61
83,97,81,136,97,81,100,91,124,88,100,107,108,126,110,107,102,117,104,97
83,97,81,136,97,81,100,91,124,88,100,107,108,126,110,107,102,117,104,97
83,97,81,136,97,81,100,91,124,88,100,107,108,126,110,107,102,117,104,97
83,97,81,136,97,81,100,91,124,88,100,107,108,126,110,107,102,117,104,97
83,97,81,136,97,81,100,91,124,88,100,107,108,126,110,107,102,117,104,97
83,97,81,136,97,81,100,91,124,88,100,107,108,126,110,107,102,117,104,97
83,97,81,136,97,81,100,91,124,88,100,107,108,126,110,107,102,117,104,97
83,97,81,136,97,81,100,91,124,88,100,107,108,126,110,107,102,117,104,97
83,97,81,136,97,81,100,91,124,88,100,107,108,126,110,107,102,117,104,97
83,97,81,136,97,81,100,91,124,88,100,107,108,126,110,107,102,117,104,97
83,97,81,136,97,81,100,91,124,88,100,107,108,126,110,107,102,117,104,97
83,97,81,136,97,81,100,91,124,88,100,107,108,126,110,107,102,117,104,97
103,104,88,146,104,88,122,107,125,120,122,123,125,139,117,123,108,126,110,119
103,104,88,146,104,88,122,107,125,120,122,123,125,139,117,123,108,126,110,119
103,104,88,146,104,88,122,107,125,120,122,123,125,139,117,123,108,126,110,119
103,104,88,146,104,88,122,107,125,120,122,123,125,139,117,123,108,126,110,119
103,104,88,146,104,88,122,107,125,120,122,123,125,139,117,123,108,126,110,119
103,104,88,146,104,88,122,107,125,120,122,123,125,139,117,123,108,126,110,119
103,104,88,146,104,88,122,107,125,120,122,123,125,139,117,123,108,126,110,119
103,104,88,146,104,88,122,107,125,120,122,123,125,139,117,123,108,126,110,119
103,104,88,146,104,88,122,107,125,120,122,123,125,139,117,123,108,126,110,119
103,104,88,146,104,88,122,107,125,120,122,123,125,139,117,123,108,126,110,119
103,104,88,146,104,88,122,107,125,120,122,123,125,139,117,123,108,126,110,119
103,104,88,146,104,88,122,107,125,120,122,123,125,139,117,123,108,126,110,119
110,119,120,154,119,120,139,123,134,139,154,124,143,150,122,124,125,136,166,127
110,119,120,154,119,120,139,123,134,139,154,124,143,150,122,124,125,136,166,127
110,119,120,154,119,120,139,123,134,139,154,124,143,150,122,124,125,136,166,127
110,119,120,154,119,120,139,123,134,139,154,124,143,150,122,124,125,136,166,127
110,119,120,154,119,120,139,123,134,139,154,124,143,150,122,124,125,136,166,127
110,119,120,154,119,120,139,123,134,139,154,124,143,150,122,124,125,136,166,127
110,119,120,154,119,120,139,123,134,139,154,124,143,150,122,124,125,136,166,127
110,119,120,154,119,120,139,123,134,139,154,124,143,150,122,124,125,136,166,127
110,119,120,154,119,120,139,123,134,139,154,124,143,150,122,124,125,136,166,127
110,119,120,154,119,120,139,123,134,139,154,124,143,150,122,124,125,136,166,127
110,119,120,154,119,120,139,123,134,139,154,124,143,150,122,124,125,136,166,127
110,119,120,154,119,120,139,123,134,139,154,124,143,150,122,124,125,136,166,127
126,144,127,162,144,127,146,165,141,163,162,134,169,159,159,134,143,144,167,130
126,144,127,162,144,127,146,165,141,163,162,134,169,159,159,134,143,144,167,130
126,144,127,162,144,127,146,165,141,163,162,134,169,159,159,134,143,144,167,130
126,144,127,162,144,127,146,165,141,163,162,134,169,159,159,134,143,144,167,130
126,144,127,162,144,127,146,165,141,163,162,134,169,159,159,134,143,144,167,130
126,144,127,162,144,127,146,165,141,163,162,134,169,159,159,134,143,144,167,130
126,144,127,162,144,127,146,165,141,163,162,134,169,159,159,134,143,144,167,130
126,144,127,162,144,127,146,165,141,163,162,134,169,159,159,134,143,144,167,130
126,144,127,162,144,127,146,165,141,163,162,134,169,159,159,134,143,144,167,130
126,144,127,162,144,127,146,165,141,163,162,134,169,159,159,134,143,144,167,130
126,144,127,162,144,127,146,165,141,163,162,134,169,159,159,134,143,144,167,130
126,144,127,162,144,127,146,165,141,163,162,134,169,159,159,134,143,144,167,130
136,161,130,166,161,130,154,175,148,176,171,141,179,183,169,141,179,150,187,146
136,161,130,166,161,130,154,175,148,176,171,141,179,183,169,141,179,150,187,146
136,161,130,166,161,130,154,175,148,176,171,141,179,183,169,141,179,150,187,146
136,161,130,166,161,130,154,175,148,176,171,141,179,183,169,141,179,150,187,146
136,161,130,166,161,130,154,175,148,176,171,141,179,183,169,141,179,150,187,146
136,161,130,166,161,130,154,175,148,176,171,141,179,183,169,141,179,150,187,146
136,161,130,166,161,130,154,175,148,176,171,141,179,183,169,141,179,150,187,146
136,161,130,166,161,130,154,175,148,176,171,141,179,183,169,141,179,150,187,146
136,161,130,166,161,130,154,175,148,176,171,141,179,183,169,141,179,150,187,146
136,161,130,166,161,130,154,175,148,176,171,141,179,183,169,141,179,150,187,146
136,161,130,166,161,130,154,175,148,176,171,141,179,183,169,141,179,150,187,146
136,161,130,166,161,130,154,175,148,176,171,141,179,183,169,141,179,150,187,146
143,167,151,180,167,151,162,178,161,183,175,148,185,195,175,148,195,159,194,151
143,167,151,180,167,151,162,178,161,183,175,148,185,195,175,148,195,159,194,151
143,167,151,180,167,151,162,178,161,183,175,148,185,195,175,148,195,159,194,151
143,167,151,180,167,151,162,178,161,183,175,148,185,195,175,148,195,159,194,151
143,167,151,180,167,151,162,178,161,183,175,148,185,195,175,148,195,159,194,151
143,167,151,180,167,151,162,178,161,183,175,148,185,195,175,148,195,159,194,151
143,167,151,180,167,151,162,178,161,183,175,148,185,195,175,148,195,159,194,151
143,167,151,180,167,151,162,178,161,183,175,148,185,195,175,148,195,159,194,151
143,167,151,180,167,151,162,178,161,183,175,148,185,195,175,148,195,159,194,151
143,167,151,180,167,151,162,178,161,183,175,148,185,195,175,148,195,159,194,151
143,167,151,180,167,151,162,178,161,183,175,148,185,195,175,148,195,159,194,151
143,167,151,180,167,151,162,178,161,183,175,148,185,195,175,148,195,159,194,151
150,171,153,186,171,153,177,192,174,197,177,165,190,207,177,165,202,169,198,153
150,171,153,186,171,153,177,192,174,197,177,165,190,207,177,165,202,169,198,153
150,171,153,186,171,153,177,192,174,197,177,165,190,207,177,165,202,169,198,153
150,171,153,186,171,153,177,192,174,197,177,165,190,207,177,165,202,169,198,153
150,171,153,186,171,153,177,192,174,197,177,165,190,207,177,165,202,169,198,153
150,171,153,186,171,153,177,192,174,197,177,165,190,207,177,165,202,169,198,153
150,171,153,186,171,153,177,192,174,197,177,165,190,207,177,165,202,169,198,153
150,171,153,186,171,153,177,192,174,197,177,165,190,207,177,165,202,169,198,153
150,171,153,186,171,153,177,192,174,197,177,165,190,207,177,165,202,169,198,153
150,171,153,186,171,153,177,192,174,197,177,165,190,207,177,165,202,169,198,153
150,171,153,186,171,153,177,192,174,197,177,165,190,207,177,165,202,169,198,153
150,171,153,186,171,153,177,192,174,197,177,165,190,207,177,165,202,169,198,153
166,174,163,189,174,163,180,201,185,203,180,178,202,216,194,178,207,183,203,184
166,174,163,189,174,163,180,201,185,203,180,178,202,216,194,178,207,183,203,184
166,174,163,189,174,163,180,201,185,203,180,178,202,216,194,178,207,183,203,184
166,174,163,189,174,163,180,201,185,203,180,178,202,216,194,178,207,183,203,184
166,174,163,189,174,163,180,201,185,203,180,178,202,216,194,178,207,183,203,184
166,174,163,189,174,163,180,201,185,203,180,178,202,216,194,178,207,183,203,184
166,174,163,189,174,163,180,201,185,203,180,178,202,216,194,178,207,183,203,184
166,174,163,189,174,163,180,201,185,203,180,178,202,216,194,178,207,183,203,184
166,174,163,189,174,163,180,201,185,203,180,178,202,216,194,178,207,183,203,184
166,174,163,189,174,163,180,201,185,203,180,178,202,216,194,178,207,183,203,184
166,174,163,189,174,163,180,201,185,203,180,178,202,216,194,178,207,183,203,184
166,174,163,189,174,163,180,201,185,203,180,178,202,216,194,178,207,183,203,184
179,187,176,200,187,176,189,209,190,206,189,184,207,218,198,184,215,186,213,195
179,187,176,200,187,176,189,209,190,206,189,184,207,218,198,184,215,186,213,195
179,187,176,200,187,176,189,209,190,206,189,184,207,218,198,184,215,186,213,195
179,187,176,200,187,176,189,209,190,206,189,184,207,218,198,184,215,186,213,195
179,187,176,200,187,176,189,209,190,206,189,184,207,218,198,184,215,186,213,195
179,187,176,200,187,176,189,209,190,206,189,184,207,218,198,184,215,186,213,195
179,187,176,200,187,176,189,209,190,206,189,184,207,218,198,184,215,186,213,195
179,187,176,200,187,176,189,209,190,206,189,184,207,218,198,184,215,186,213,195
179,187,176,200,187,176,189,209,190,206,189,184,207,218,198,184,215,186,213,195
179,187,176,200,187,176,189,209,190,206,189,184,207,218,198,184,215,186,213,195
179,187,176,200,187,176,189,209,190,206,189,184,207,218,198,184,215,186,213,195
179,187,176,200,187,176,189,209,190,206,189,184,207,218,198,184,215,186,213,195
186,198,185,208,201,190,200,210,202,212,200,192,215,225,203,192,221,216,217,199
186,198,185,208,201,190,200,210,202,212,200,192,215,225,203,192,221,216,217,199
186,198,185,208,201,190,200,210,202,212,200,192,215,225,203,192,221,216,217,199
186,198,185,208,201,190,200,210,202,212,200,192,215,225,203,192,221,216,217,199
186,198,185,208,201,190,200,210,202,212,200,192,215,225,203,192,221,216,217,199
186,198,185,208,201,190,200,210,202,212,200,192,215,225,203,192,221,216,217,199
186,198,185,208,201,190,200,210,202,212,200,192,215,225,203,192,221,216,217,199
186,198,185,208,201,190,200,210,202,212,200,192,215,225,203,192,221,216,217,199
186,198,185,208,201,190,200,210,202,212,200,192,215,225,203,192,221,216,217,199
186,198,185,208,201,190,200,210,202,212,200,192,215,225,203,192,221,216,217,199
186,198,185,208,201,190,200,210,202,212,200,192,215,225,203,192,221,216,217,199
186,198,185,208,201,190,200,210,202,212,200,192,215,225,203,192,221,216,217,199
194,213,197,210,213,197,208,228,215,218,208,201,221,226,216,204,226,230,228,204
194,213,197,210,213,197,208,228,215,218,208,201,221,226,216,204,226,230,228,204
194,213,197,210,213,197,208,228,215,218,208,201,221,226,216,204,226,230,228,204
194,213,197,210,213,197,208,228,215,218,208,201,221,226,216,204,226,230,228,204
194,213,197,210,213,197,208,228,215,218,208,201,221,226,216,204,226,230,228,204
194,213,197,210,213,197,208,228,215,218,208,201,221,226,216,204,226,230,228,204
194,213,197,210,213,197,208,228,215,218,208,201,221,226,216,204,226,230,228,204
194,213,197,210,213,197,208,228,215,218,208,201,221,226,216,204,226,230,228,204
194,213,197,210,213,197,208,228,215,218,208,201,221,226,216,204,226,230,228,204
194,213,197,210,213,197,208,228,215,218,208,201,221,226,216,204,226,230,228,204
194,213,197,210,213,197,208,228,215,218,208,201,221,226,216,204,226,230,228,204
194,213,197,210,213,197,208,228,215,218,208,201,221,226,216,204,226,230,228,204
204,240,199,217,240,199,223,235,221,222,223,209,226,230,223,209,229,237,231,210
204,240,199,217,240,199,223,235,221,222,223,209,226,230,223,209,229,237,231,210
204,240,199,217,240,199,223,235,221,222,223,209,226,230,223,209,229,237,231,210
204,240,199,217,240,199,223,235,221,222,223,209,226,230,223,209,229,237,231,210
204,240,199,217,240,199,223,235,221,222,223,209,226,230,223,209,229,237,231,210
204,240,199,217,240,199,223,235,221,222,223,209,226,230,223,209,229,237,231,210
204,240,199,217,240,199,223,235,221,222,223,209,226,230,223,209,229,237,231,210
204,240,199,217,240,199,223,235,221,222,223,209,226,230,223,209,229,237,231,210
204,240,199,217,240,199,223,235,221,222,223,209,226,230,223,209,229,237,231,210
204,240,199,217,240,199,223,235,221,222,223,209,226,230,223,209,229,237,231,210
204,240,199,217,240,199,223,235,221,222,223,209,226,230,223,209,229,237,231,210
204,240,199,217,240,199,223,235,221,222,223,209,226,230,223,209,229,237,231,210
217,243,206,234,243,206,234,244,229,225,234,228,229,241,231,235,236,241,243,240
217,243,206,234,243,206,234,244,229,225,234,228,229,241,231,235,236,241,243,240
217,243,206,234,243,206,234,244,229,225,234,228,229,241,231,235,236,241,243,240
217,243,206,234,243,206,234,244,229,225,234,228,229,241,231,235,236,241,243,240
217,243,206,234,243,206,234,244,229,225,234,228,229,241,231,235,236,241,243,240
217,243,206,234,243,206,234,244,229,225,234,228,229,241,231,235,236,241,243,240
217,243,206,234,243,206,234,244,229,225,234,228,229,241,231,235,236,241,243,240
217,243,206,234,243,206,234,244,229,225,234,228,229,241,231,235,236,241,243,240
217,243,206,234,243,206,234,244,229,225,234,228,229,241,231,235,236,241,243,240
217,243,206,234,243,206,234,244,229,225,234,228,229,241,231,235,236,241,243,240
217,243,206,234,243,206,234,244,229,225,234,228,229,241,231,235,236,241,243,240
217,243,206,234,243,206,234,244,229,225,234,228,229,241,231,235,236,241,243,240
225,251,212,237,246,212,245,246,236,230,245,235,236,248,241,252,239,248,249,252
225,251,212,237,246,212,245,246,236,230,245,235,236,248,241,252,239,248,249,252
225,251,212,237,246,212,245,246,236,230,245,235,236,248,241,252,239,248,249,252
225,251,212,237,246,212,245,246,236,230,245,235,236,248,241,252,239,248,249,252
225,251,212,237,246,212,245,246,236,230,245,235,236,248,241,252,239,248,249,252
225,251,212,237,246,212,245,246,236,230,245,235,236,248,241,252,239,248,249,252
225,251,212,237,246,212,245,246,236,230,245,235,236,248,241,252,239,248,249,252
225,251,212,237,246,212,245,246,236,230,245,235,236,248,241,252,239,248,249,252
225,251,212,237,246,212,245,246,236,230,245,235,236,248,241,252,239,248,249,252
225,251,212,237,246,212,245,246,236,230,245,235,236,248,241,252,239,248,249,252
225,251,212,237,246,212,245,246,236,230,245,235,236,248,241,252,239,248,249,252
231,274,222,245,251,218,271,246,236,233,271,235,236,248,249,252,239,248,249,252
231,274,222,245,251,218,271,257,239,233,271,244,239,258,249,267,257,253,259,268
231,274,222,245,251,218,271,257,239,233,271,244,239,258,249,267,257,253,259,268
231,274,222,245,251,218,271,257,239,233,271,244,239,258,249,267,257,253,259,268
231,274,222,245,251,218,271,257,239,233,271,244,239,258,249,267,257,253,259,268
231,274,222,245,251,218,271,257,239,233,271,244,239,258,249,267,257,253,259,268
231,274,222,245,251,218,271,257,239,233,271,244,239,258,249,267,257,253,259,268
231,274,222,245,251,218,271,257,239,233,271,244,239,258,249,267,257,253,259,268
231,274,222,245,251,218,271,257,239,233,271,244,239,258,249,267,257,253,259,268
231,274,222,245,251,218,271,257,239,233,271,244,239,258,249,267,257,253,259,268
231,274,222,245,251,218,271,257,239,233,271,244,239,258,249,267,257,253,259,268
237,279,233,271,264,222,272,257,239,248,272,244,239,258,253,267,257,253,259,268
237,279,233,271,264,222,272,257,239,248,272,244,239,258,253,267,257,253,259,268
237,279,233,271,264,222,272,264,251,248,272,246,252,266,253,268,265,258,274,277
237,279,233,271,264,222,272,264,251,248,272,246,252,266,253,268,265,258,274,277
237,279,233,271,264,222,272,264,251,248,272,246,252,266,253,268,265,258,274,277
237,279,233,271,264,222,272,264,251,248,272,246,252,266,253,268,265,258,274,277
237,279,233,271,264,222,272,264,251,248,272,246,252,266,253,268,265,258,274,277
237,279,233,271,264,222,272,264,251,248,272,246,252,266,253,268,265,258,274,277
237,279,233,271,264,222,272,264,251,248,272,246,252,266,253,268,265,258,274,277
237,279,233,271,264,222,272,264,251,248,272,246,252,266,253,268,265,258,274,277
237,279,233,271,264,222,272,264,251,248,272,246,252,266,253,268,265,258,274,277
249,285,244,272,274,233,288,264,251,255,289,246,252,266,259,268,265,258,274,277
249,285,244,272,274,233,288,264,251,255,289,246,252,266,259,268,265,258,274,277
249,285,244,272,274,233,288,264,251,255,289,246,252,266,259,268,265,258,274,277
249,285,244,272,274,233,288,267,258,255,289,253,257,277,259,273,275,266,278,279
249,285,244,272,274,233,288,267,258,255,289,253,257,277,259,273,275,266,278,279
249,285,244,272,274,233,288,267,258,255,289,253,257,277,259,273,275,266,278,279
249,285,244,272,274,233,288,267,258,255,289,253,257,277,259,273,275,266,278,279
249,285,244,272,274,233,288,267,258,255,289,253,257,277,259,273,275,266,278,279
249,285,244,272,274,233,288,267,258,255,289,253,257,277,259,273,275,266,278,279
249,285,244,272,274,233,288,267,258,255,289,253,257,277,259,273,275,266,278,279
249,285,244,272,274,233,288,267,258,255,289,253,257,277,259,273,275,266,278,279
259,286,255,278,279,255,289,267,258,262,299,253,257,277,266,273,275,266,278,279
259,286,255,278,279,255,289,267,258,262,299,253,257,277,266,273,275,266,278,279
259,286,255,278,279,255,289,267,258,262,299,253,257,277,266,273,275,266,278,279
259,286,255,278,279,255,289,267,258,262,299,253,257,277,266,273,275,266,278,279
259,286,255,278,279,255,289,273,265,262,299,264,265,284,266,290,277,284,286,287
259,286,255,278,279,255,289,273,265,262,299,264,265,284,266,290,277,284,286,287
259,286,255,278,279,255,289,273,265,262,299,264,265,284,266,290,277,284,286,287
259,286,255,278,279,255,289,273,265,262,299,264,265,284,266,290,277,284,286,287
259,286,255,278,279,255,289,273,265,262,299,264,265,284,266,290,277,284,286,287
259,286,255,278,279,255,289,273,265,262,299,264,265,284,266,290,277,284,286,287
259,286,255,278,279,255,289,273,265,262,299,264,265,284,266,290,277,284,286,287
268,288,262,289,285,262,291,273,265,270,306,264,265,284,303,290,277,284,286,287
268,288,262,289,285,262,291,273,265,270,306,264,265,284,303,290,277,284,286,287
268,288,262,289,285,262,291,273,265,270,306,264,265,284,303,290,277,284,286,287
268,288,262,289,285,262,291,273,265,270,306,264,265,284,303,290,277,284,286,287
268,288,262,289,285,262,291,273,265,270,306,264,265,284,303,290,277,284,286,287
268,288,262,289,285,262,291,292,275,270,306,267,275,294,303,296,283,285,288,290
268,288,262,289,285,262,291,292,275,270,306,267,275,294,303,296,283,285,288,290
268,288,262,289,285,262,291,292,275,270,306,267,275,294,303,296,283,285,288,290
268,288,262,289,285,262,291,292,275,270,306,267,275,294,303,296,283,285,288,290
268,288,262,289,285,262,291,292,275,270,306,267,275,294,303,296,283,285,288,290
268,288,262,289,285,262,291,292,275,270,306,267,275,294,303,296,283,285,288,290
278,290,270,292,286,270,299,292,275,280,311,267,275,294,308,296,283,285,288,290
278,290,270,292,286,270,299,292,275,280,311,267,275,294,308,296,283,285,288,290
278,290,270,292,286,270,299,292,275,280,311,267,275,294,308,296,283,285,288,290
278,290,270,292,286,270,299,292,275,280,311,267,275,294,308,296,283,285,288,290
278,290,270,292,286,270,299,292,275,280,311,267,275,294,308,296,283,285,288,290
278,290,270,292,286,270,299,292,275,280,311,267,275,294,308,296,283,285,288,290
278,290,270,292,286,270,299,300,283,280,311,273,283,303,308,300,297,294,291,296
278,290,270,292,286,270,299,300,283,280,311,273,283,303,308,300,297,294,291,296
278,290,270,292,286,270,299,300,283,280,311,273,283,303,308,300,297,294,291,296
278,290,270,292,286,270,299,300,283,280,311,273,283,303,308,300,297,294,291,296
278,290,270,292,286,270,299,300,283,280,311,273,283,303,308,300,297,294,291,296
284,297,280,299,293,280,306,300,283,294,324,273,283,303,311,300,297,294,291,296
284,297,280,299,293,280,306,300,283,294,324,273,283,303,311,300,297,294,291,296
284,297,280,299,293,280,306,300,283,294,324,273,283,303,311,300,297,294,291,296
284,297,280,299,293,280,306,300,283,294,324,273,283,303,311,300,297,294,291,296
284,297,280,299,293,280,306,300,283,294,324,273,283,303,311,300,297,294,291,296
284,297,280,299,293,280,306,300,283,294,324,273,283,303,311,300,297,294,291,296
284,297,280,299,293,280,306,300,283,294,324,273,283,303,311,300,297,294,291,296
284,297,280,299,293,280,306,314,293,294,324,292,293,307,311,314,302,301,305,308
284,297,280,299,293,280,306,314,293,294,324,292,293,307,311,314,302,301,305,308
284,297,280,299,293,280,306,314,293,294,324,292,293,307,311,314,302,301,305,308
284,297,280,299,293,280,306,314,293,294,324,292,293,307,311,314,302,301,305,308
296,306,287,305,297,287,308,314,293,298,329,292,293,307,324,314,302,301,305,308
296,306,287,305,297,287,308,314,293,298,329,292,293,307,324,314,302,301,305,308
296,306,287,305,297,287,308,314,293,298,329,292,293,307,324,314,302,301,305,308
296,306,287,305,297,287,308,314,293,298,329,292,293,307,324,314,302,301,305,308
296,306,287,305,297,287,308,314,293,298,329,292,293,307,324,314,302,301,305,308
296,306,287,305,297,287,308,314,293,298,329,292,293,307,324,314,302,301,305,308
296,306,287,305,297,287,308,314,293,298,329,292,293,307,324,314,302,301,305,308
296,306,287,305,297,287,308,314,293,298,329,292,293,307,324,314,302,301,305,308
296,306,287,305,297,287,308,322,301,298,329,300,302,312,324,323,309,303,313,312
296,306,287,305,297,287,308,322,301,298,329,300,302,312,324,323,309,303,313,312
296,306,287,305,297,287,308,322,301,298,329,300,302,312,324,323,309,303,313,312
301,309,291,318,307,298,311,322,301,302,332,300,302,312,334,323,309,303,313,312
301,309,291,318,307,298,311,322,301,302,332,300,302,312,334,323,309,303,313,312
301,309,291,318,307,298,311,322,301,302,332,300,302,312,334,323,309,303,313,312
301,309,291,318,307,298,311,322,301,302,332,300,302,312,334,323,309,303,313,312
301,309,291,318,307,298,311,322,301,302,332,300,302,312,334,323,309,303,313,312
301,309,291,318,307,298,311,322,301,302,332,300,302,312,334,323,309,303,313,312
301,309,291,318,307,298,311,322,301,302,332,300,302,312,334,323,309,303,313,312
301,309,291,318,307,298,311,322,301,302,332,300,302,312,334,323,309,303,313,312
301,309,291,318,307,298,311,322,301,302,332,300,302,312,334,323,309,303,313,312
301,309,291,318,307,298,311,330,315,302,332,314,315,318,334,330,312,318,320,328
301,309,291,318,307,298,311,330,315,302,332,314,315,318,334,330,312,318,320,328
305,320,298,322,309,310,319,330,315,307,334,314,315,318,335,330,312,318,320,328
305,320,298,322,309,310,319,330,315,307,334,314,315,318,335,330,312,318,320,328
305,320,298,322,309,310,319,330,315,307,334,314,315,318,335,330,312,318,320,328
305,320,298,322,309,310,319,330,315,307,334,314,315,318,335,330,312,318,320,328
305,320,298,322,309,310,319,330,315,307,334,314,315,318,335,330,312,318,320,328
305,320,298,322,309,310,319,330,315,307,334,314,315,318,335,330,312,318,320,328
305,320,298,322,309,310,319,330,315,307,334,314,315,318,335,330,312,318,320,328
305,320,298,322,309,310,319,330,315,307,334,314,315,318,335,330,312,318,320,328
305,320,298,322,309,310,319,330,315,307,334,314,315,318,335,330,312,318,320,328
305,320,298,322,309,310,319,330,315,307,334,314,315,318,335,330,312,318,320,328
305,320,298,322,309,310,319,334,317,307,334,323,317,319,335,342,315,326,322,336
325,326,310,329,320,313,329,334,317,310,340,323,317,319,340,342,315,326,322,336
325,326,310,329,320,313,329,334,317,310,340,323,317,319,340,342,315,326,322,336
325,326,310,329,320,313,329,334,317,310,340,323,317,319,340,342,315,326,322,336
325,326,310,329,320,313,329,334,317,310,340,323,317,319,340,342,315,326,322,336
325,326,310,329,320,313,329,334,317,310,340,323,317,319,340,342,315,326,322,336
325,326,310,329,320,313,329,334,317,310,340,323,317,319,340,342,315,326,322,336
325,326,310,329,320,313,329,334,317,310,340,323,317,319,340,342,315,326,322,336
325,326,310,329,320,313,329,334,317,310,340,323,317,319,340,342,315,326,322,336
325,326,310,329,320,313,329,334,317,310,340,323,317,319,340,342,315,326,322,336
325,326,310,329,320,313,329,334,317,310,340,323,317,319,340,342,315,326,322,336
325,326,310,329,320,313,329,334,317,310,340,323,317,319,340,342,315,326,322,336
335,336,313,332,326,327,332,340,323,319,341,330,325,337,341,343,317,337,324,342
335,336,313,332,326,327,332,340,323,319,341,330,325,337,341,343,317,337,324,342
335,336,313,332,326,327,332,340,323,319,341,330,325,337,341,343,317,337,324,342
335,336,313,332,326,327,332,340,323,319,341,330,325,337,341,343,317,337,324,342
335,336,313,332,326,327,332,340,323,319,341,330,325,337,341,343,317,337,324,342
335,336,313,332,326,327,332,340,323,319,341,330,325,337,341,343,317,337,324,342
335,336,313,332,326,327,332,340,323,319,341,330,325,337,341,343,317,337,324,342
335,336,313,332,326,327,332,340,323,319,341,330,325,337,341,343,317,337,324,342
335,336,313,332,326,327,332,340,323,319,341,330,325,337,341,343,317,337,324,342
335,336,313,332,326,327,332,340,323,319,341,330,325,337,341,343,317,337,324,342
335,336,313,332,326,327,332,340,323,319,341,330,325,337,341,343,317,337,324,342
348,343,328,346,336,328,346,341,327,337,346,342,327,348,350,344,325,348,335,344
348,343,328,346,336,328,346,341,327,337,346,342,327,348,350,344,325,348,335,344
348,343,328,346,336,328,346,341,327,337,346,342,327,348,350,344,325,348,335,344
348,343,328,346,336,328,346,341,327,337,346,342,327,348,350,344,325,348,335,344
348,343,328,346,336,328,346,341,327,337,346,342,327,348,350,344,325,348,335,344
348,343,328,346,336,328,346,341,327,337,346,342,327,348,350,344,325,348,335,344
348,343,328,346,336,328,346,341,327,337,346,342,327,348,350,344,325,348,335,344
348,343,328,346,336,328,346,341,327,337,346,342,327,348,350,344,325,348,335,344
348,343,328,346,336,328,346,341,327,337,346,342,327,348,350,344,325,348,335,344
348,343,328,346,336,328,346,341,327,337,346,342,327,348,350,344,325,348,335,344
348,343,328,346,336,328,346,341,327,337,346,342,327,348,350,344,325,348,335,344
351,345,339,351,345,339,356,343,331,339,356,344,331,350,355,347,331,350,345,352
351,345,339,351,345,339,356,343,331,339,356,344,331,350,355,347,331,350,345,352
351,345,339,351,345,339,356,343,331,339,356,344,331,350,355,347,331,350,345,352
351,345,339,351,345,339,356,343,331,339,356,344,331,350,355,347,331,350,345,352
351,345,339,351,345,339,356,343,331,339,356,344,331,350,355,347,331,350,345,352
351,345,339,351,345,339,356,343,331,339,356,344,331,350,355,347,331,350,345,352
351,345,339,351,345,339,356,343,331,339,356,344,331,350,355,347,331,350,345,352
351,345,339,351,345,339,356,343,331,339,356,344,331,350,355,347,331,350,345,352
351,345,339,351,345,339,356,343,331,339,356,344,331,350,355,347,331,350,345,352
351,345,339,351,345,339,356,343,331,339,356,344,331,350,355,347,331,350,345,352
351,345,339,351,345,339,356,343,331,339,356,344,331,350,355,347,331,350,345,352
353,352,354,357,352,354,357,347,349,354,357,347,349,355,356,353,349,355,351,353
353,352,354,357,352,354,357,347,349,354,357,347,349,355,356,353,349,355,351,353
353,352,354,357,352,354,357,347,349,354,357,347,349,355,356,353,349,355,351,353
353,352,354,357,352,354,357,347,349,354,357,347,349,355,356,353,349,355,351,353
353,352,354,357,352,354,357,347,349,354,357,347,349,355,356,353,349,355,351,353
353,352,354,357,352,354,357,347,349,354,357,347,349,355,356,353,349,355,351,353
353,352,354,357,352,354,357,347,349,354,357,347,349,355,356,353,349,355,351,353
353,352,354,357,352,354,357,347,349,354,357,347,349,355,356,353,349,355,351,353
353,352,354,357,352,354,357,347,349,354,357,347,349,355,356,353,349,355,351,353
353,352,354,357,352,354,357,347,349,354,357,347,349,355,356,353,349,355,351,353
353,352,354,357,352,354,357,347,349,354,357,347,349,355,356,353,349,355,351,353