99,636,770,99,477,0,983,1008,795,957,0,445,0,0,0,842,1072,396,1014,51
99,636,770,99,477,0,983,1008,795,957,0,445,0,0,0,842,1072,396,1014,51
99,636,770,99,1043,992,985,798,51,603,0,445,0,0,0,842,1072,396,1017,517
100,636,770,100,1043,992,985,798,51,603,0,445,0,0,0,842,1072,396,1017,517
100,636,770,100,358,995,0,741,843,851,0,445,0,0,0,842,1072,396,1019,734
100,636,770,100,358,995,0,741,843,851,0,445,0,0,0,842,1072,396,1019,734
125,636,770,125,979,996,199,1023,1013,621,912,445,445,0,0,842,1072,396,1022,966
125,636,770,125,979,996,199,1023,1013,621,912,445,445,0,0,842,1072,396,1022,966
125,636,770,125,675,1050,485,726,971,650,0,445,445,0,0,842,1072,396,1026,0
131,636,770,131,675,1050,485,726,971,650,0,445,445,0,0,842,1072,396,1026,0
131,636,770,131,753,1062,998,1025,979,99,0,445,445,0,0,842,1072,396,1028,540
131,636,770,131,753,1062,998,1025,979,99,0,445,445,0,0,842,1072,396,1028,540
165,636,770,165,51,1037,1022,559,1050,99,0,445,445,0,0,842,1072,396,1038,0
165,636,770,165,51,1037,1022,559,1050,99,0,445,445,0,0,842,1072,396,1038,0
165,636,770,165,998,1037,1024,745,929,955,0,445,445,0,0,842,1072,396,0,708
280,636,770,280,998,1037,1024,745,929,955,0,445,445,0,0,842,1072,396,0,708
280,636,770,280,1074,900,0,704,793,1005,0,844,445,700,658,1043,830,438,741,0
280,636,770,280,1074,900,0,704,793,1005,0,844,445,700,658,1043,830,438,741,0
282,636,770,282,1052,880,752,735,888,446,0,0,445,711,658,1044,903,446,921,926
282,636,770,282,1052,880,752,735,888,446,0,0,445,711,658,1044,903,446,921,926
282,636,770,282,741,776,957,1039,865,764,825,0,445,0,658,1044,273,447,0,926
288,636,770,288,741,776,957,1039,865,764,825,0,445,0,658,1044,273,447,0,926
288,636,770,288,570,1046,0,754,820,872,1073,51,0,0,658,1044,965,507,1040,926
288,636,770,288,570,1046,0,754,820,872,1073,51,0,0,658,1044,965,507,1040,926
297,636,770,297,517,1046,0,950,396,653,1073,979,396,0,658,1044,388,0,0,926
297,651,770,297,517,1046,0,950,396,653,1073,979,396,0,658,1044,388,0,0,926
297,651,770,297,971,780,227,990,396,1006,1073,0,396,0,658,1044,931,0,0,926
305,651,770,305,971,780,227,990,396,1006,1073,0,396,0,658,1044,931,0,0,926
305,651,770,305,965,0,781,992,396,1012,1073,780,396,237,658,1044,1035,478,0,926
305,651,770,305,965,0,781,992,396,1012,1073,780,396,237,658,1044,1035,478,0,926
337,651,770,337,758,888,965,996,396,899,1073,783,396,237,658,1044,1062,891,445,926
337,651,773,337,758,888,965,996,396,899,1073,783,396,237,658,1044,1062,891,445,926
337,651,773,337,391,883,0,1026,396,783,1073,798,396,237,957,1044,933,0,445,926
366,651,773,366,391,883,0,1026,396,783,1073,798,396,237,957,1044,933,0,445,926
366,651,773,366,432,154,293,1035,396,794,1073,811,396,237,0,0,0,0,445,992
366,651,773,366,432,154,293,1035,396,794,1073,811,396,237,0,0,0,0,445,992
380,651,773,380,966,154,1004,1052,396,878,1073,813,396,237,976,0,616,950,445,995
380,651,773,380,966,154,1004,1052,396,878,1073,813,396,237,976,0,616,950,445,995
380,651,773,380,446,154,0,1042,396,1016,0,0,396,237,603,396,653,990,445,998
402,651,773,402,446,154,0,1042,396,1016,0,0,396,237,603,396,653,990,445,998
402,651,773,402,1076,154,465,461,988,808,0,867,0,237,604,396,934,1007,445,1006
402,651,773,402,1076,154,465,461,988,808,0,867,0,237,604,396,934,1007,445,1006
417,651,773,417,434,154,565,1055,700,904,0,869,1013,237,606,396,391,1007,445,1021
417,651,773,417,434,154,565,1055,700,904,0,869,1013,237,606,396,391,1007,445,1021
417,651,773,417,931,154,612,851,911,281,0,870,1027,254,606,396,1064,1007,445,1024
420,651,773,420,931,154,612,851,911,281,0,870,1027,254,606,396,1064,1007,445,1024
420,651,773,420,577,154,765,1069,708,283,0,872,1050,254,606,396,979,1007,446,1028
420,651,773,420,577,154,765,1069,708,283,0,872,1050,254,606,396,979,1007,446,1028
426,651,773,426,763,154,865,853,898,917,515,0,1054,254,606,396,1066,1007,661,1047
426,651,773,426,763,154,865,853,898,917,515,0,1054,254,606,396,1066,1007,661,1047
426,659,773,426,199,1048,966,854,101,515,515,878,0,254,606,396,661,1007,833,0
428,659,773,428,199,1048,966,854,101,515,515,878,0,254,606,396,661,1007,833,0
428,659,773,428,1070,1048,1013,900,101,515,515,899,0,254,606,396,663,1007,1054,710
428,659,773,428,1070,1048,1013,900,101,515,515,899,0,254,606,396,663,1007,1054,710
439,659,773,439,737,792,0,903,101,515,515,911,0,254,606,0,783,1007,0,0
439,659,773,439,737,792,0,903,101,515,515,911,0,254,606,0,783,1007,0,0
439,659,773,439,661,793,388,905,101,515,515,971,851,254,606,293,818,0,924,199
441,659,773,441,661,793,388,905,101,515,515,971,851,254,606,293,818,0,924,199
441,659,773,441,843,794,974,934,101,515,515,0,0,254,763,871,983,437,0,0
441,659,773,441,843,794,974,934,101,515,515,0,0,254,763,871,983,437,0,0
443,659,773,443,754,800,1019,707,101,515,515,888,854,530,0,0,1067,461,388,612
443,659,773,443,754,800,1019,707,101,515,515,888,854,530,0,0,1067,461,388,612
443,659,774,443,227,0,0,1075,101,515,515,0,0,1074,869,878,475,0,391,753
460,659,774,460,227,0,0,1075,101,515,515,0,0,1074,869,878,475,0,391,753
460,659,774,460,589,903,432,800,101,515,254,904,865,0,888,0,0,0,933,0
460,659,774,460,589,903,432,800,101,515,254,904,865,0,888,0,0,0,933,0
462,659,774,462,783,562,692,709,334,447,254,0,0,0,948,924,671,853,0,955
462,659,774,462,783,562,692,709,334,447,254,0,0,0,948,924,671,853,0,955
462,659,774,462,1045,0,693,753,335,570,254,0,0,0,643,950,0,856,707,0
488,659,774,488,1045,0,693,753,335,570,254,0,0,0,643,950,0,856,707,0
488,659,774,488,1047,254,693,818,710,980,254,237,0,0,0,0,101,856,0,0
488,659,774,488,1047,254,693,818,710,980,254,237,0,0,0,0,101,856,0,0
494,659,774,494,933,254,693,909,838,950,254,237,0,0,811,992,101,856,329,675
494,659,774,494,933,254,693,909,838,950,254,237,0,0,811,992,101,856,329,675
494,659,774,494,603,254,693,1069,478,921,254,237,515,0,813,995,101,856,434,836
497,682,774,497,603,254,693,1069,478,921,254,237,515,0,813,995,101,856,434,836
497,682,774,497,1061,254,693,823,610,1018,254,237,515,0,870,996,101,856,0,980
497,682,774,497,1061,254,693,823,610,1018,254,237,515,0,870,996,101,856,0,980
502,682,774,502,795,254,693,999,933,819,254,237,515,0,0,998,101,856,711,0
502,682,774,502,795,254,693,999,933,819,254,237,515,0,0,998,101,856,711,0
502,682,774,502,833,254,693,999,719,932,281,237,515,0,0,0,101,856,0,719
508,682,774,508,833,254,693,999,719,932,281,237,515,0,0,0,101,856,0,719
508,682,774,508,273,254,693,995,1021,1072,283,237,515,856,101,1006,101,856,101,1050
508,682,774,508,273,254,693,995,1021,1072,283,237,515,856,101,1006,101,856,101,1050
516,682,774,516,281,254,988,0,273,1072,961,237,515,856,101,0,101,281,101,0
516,682,774,516,281,254,988,0,273,1072,961,237,515,856,101,0,101,281,101,0
516,682,774,516,283,307,0,1028,1051,1072,961,734,515,856,101,0,823,283,101,667
519,682,774,519,283,307,0,1028,1051,1072,961,734,515,856,101,0,823,283,101,667
519,682,774,519,437,307,438,1045,1031,1072,961,792,515,856,101,0,0,0,101,667
519,682,774,519,437,307,438,1045,1031,1072,961,792,515,856,101,0,0,0,101,667
525,682,774,525,990,307,0,1066,867,1072,961,808,0,856,101,0,358,0,101,667
525,682,774,525,990,307,0,1066,867,1072,961,808,0,856,101,0,358,0,101,667
525,682,774,525,293,307,507,125,671,1072,961,917,606,856,101,0,1052,329,101,667
528,682,788,528,293,307,507,125,671,1072,961,917,606,856,101,0,1052,329,101,667
528,682,788,528,909,307,616,404,721,1072,961,0,606,856,101,227,0,0,101,667
528,682,788,528,909,307,616,404,721,1072,961,0,606,856,101,227,0,0,101,667
529,682,788,529,465,307,721,758,870,1072,961,0,606,856,101,0,915,692,101,667
529,682,788,529,465,307,721,758,870,1072,961,0,606,856,101,0,915,692,101,667
529,682,788,529,734,307,872,759,939,1030,961,101,606,485,0,0,0,693,606,667
533,682,788,533,734,307,872,759,939,1030,961,101,606,485,0,0,0,693,606,667
533,810,788,533,485,307,1027,0,1024,934,1020,101,606,493,667,0,432,693,606,667
533,810,788,533,485,307,1027,0,1024,934,1020,101,606,493,667,0,432,693,606,667
536,810,788,536,980,819,0,763,948,780,1020,101,606,0,667,154,985,693,606,0
536,810,788,536,980,819,0,763,948,780,1020,101,606,0,667,154,985,693,606,0
536,810,788,536,854,820,142,764,475,825,1020,101,606,693,667,154,0,693,606,721
554,810,788,554,854,820,142,764,475,825,1020,101,606,693,667,154,0,693,606,721
554,810,788,554,663,830,142,830,1054,938,1020,101,606,693,667,154,692,693,606,765
554,810,788,554,663,830,142,830,1054,938,1020,101,606,693,667,154,692,693,606,765
568,810,788,568,388,835,142,839,530,704,1020,101,752,693,667,154,693,693,606,971
568,810,788,568,388,835,142,839,530,704,1020,101,752,693,667,154,693,693,606,971
568,810,788,568,438,838,142,776,880,726,1020,101,1040,693,667,154,693,693,606,1051
586,810,788,586,438,838,142,776,880,726,1020,101,1040,693,667,154,693,693,606,1051
586,810,788,586,329,0,142,912,891,835,1020,101,0,693,667,154,693,693,606,0
586,810,788,586,329,0,142,912,891,835,1020,101,0,693,667,154,693,693,606,0
588,810,788,588,1017,853,142,946,924,985,1020,1044,0,693,667,154,693,710,0,603
588,810,788,588,1017,853,142,946,924,985,1020,1044,0,693,667,154,693,710,0,603
588,810,788,588,0,0,142,434,976,237,0,1044,0,693,578,154,693,0,227,608
613,810,788,613,0,0,142,434,976,237,0,1044,0,693,578,154,693,0,227,608
613,810,788,613,881,210,142,0,540,237,154,1044,0,693,578,1074,693,0,988,0
613,810,788,613,881,210,142,0,540,237,154,1044,0,693,578,1074,693,0,988,0
617,810,788,617,334,210,917,589,541,237,154,1044,154,0,578,0,693,0,1035,610
617,810,788,617,334,210,917,589,541,237,154,1044,154,0,578,0,693,0,1035,610
617,810,788,617,335,210,920,592,591,237,154,1044,154,704,578,0,693,675,1067,0
618,810,788,618,335,210,920,592,591,237,154,1044,154,704,578,0,693,675,1067,0
618,810,791,618,785,210,1051,592,1027,237,154,1044,154,939,578,0,517,719,0,843
618,994,791,618,785,210,1051,592,1027,237,154,1044,154,939,578,0,517,719,0,843
664,994,791,664,1006,210,0,592,612,237,154,1044,154,0,578,0,917,0,835,0
664,994,791,664,1006,210,0,592,612,237,154,1044,154,0,578,0,917,0,835,0
664,994,791,664,920,210,437,592,1034,237,154,1044,154,0,578,0,0,0,0,334
666,994,791,666,920,210,437,592,1034,237,154,1044,154,0,578,0,0,0,0,334
666,994,791,666,1004,210,948,592,675,237,154,693,154,0,578,0,541,199,154,335
666,994,791,666,1004,210,948,592,675,237,154,693,154,0,578,0,541,199,154,335
668,994,791,668,404,210,1038,592,765,1037,154,693,154,0,0,0,0,311,154,0
668,994,791,668,404,210,1038,592,765,1037,154,693,154,0,0,0,0,311,154,0
668,994,791,668,798,667,0,592,1038,477,0,693,154,0,0,1015,559,311,154,477
676,994,791,676,798,667,0,592,1038,477,0,693,154,0,0,1015,559,311,154,477
676,994,791,676,447,667,218,592,329,1046,818,693,0,0,726,1015,0,311,154,0
676,994,791,676,447,667,218,592,329,1046,818,693,0,0,726,1015,0,311,154,0
678,994,791,678,461,667,218,792,1049,912,1072,693,358,445,0,1015,709,311,154,616
678,994,791,678,461,667,218,792,1049,912,1072,693,358,445,0,1015,709,311,154,616
678,994,791,678,1021,667,218,1014,577,1048,1072,693,735,445,871,1015,883,311,154,745
679,994,791,679,1021,667,218,1014,577,1048,1072,693,735,445,871,1015,883,311,154,745
679,994,791,679,585,667,218,1015,1056,604,1072,693,764,445,905,1015,0,311,154,0
679,994,791,679,585,667,218,1015,1056,604,1072,693,764,445,905,1015,0,311,154,0
681,994,791,681,671,667,218,1015,732,616,1072,693,982,445,0,1015,334,311,154,142
681,994,791,681,671,667,218,1015,732,616,1072,693,982,445,0,1015,334,311,154,142
681,994,791,681,939,667,218,1015,1059,643,1072,0,982,445,142,1015,335,311,475,142
687,994,791,687,939,667,218,1015,1059,643,1072,0,982,445,142,1015,335,311,475,142
687,994,791,687,1022,667,218,1015,585,1053,1072,0,982,445,142,1015,336,721,0,142
687,994,791,687,1022,667,218,1015,585,1053,1072,0,982,445,142,1015,336,721,0,142
705,1000,791,705,759,898,218,1015,1060,707,1072,438,982,445,142,1073,336,0,737,142
705,1000,791,705,759,898,218,1015,1060,707,1072,438,982,445,142,1073,336,0,737,142
705,1000,791,705,475,0,785,1015,608,735,1072,819,982,445,142,1073,336,0,839,142
724,1000,791,724,475,0,785,1015,608,735,1072,819,982,445,142,1073,336,0,839,142
724,1000,791,724,478,540,0,1015,1063,839,0,820,982,1072,142,1073,336,293,0,142
724,1000,997,724,478,540,0,1015,1063,839,0,820,982,1072,142,1073,336,293,0,142
725,1000,997,725,983,1053,833,1015,691,883,0,822,982,1072,142,1073,336,307,477,142
725,1000,997,725,983,1053,833,1015,691,883,0,822,982,1072,142,1073,336,307,477,142
725,1000,997,725,493,1053,836,842,1047,931,0,822,982,1072,142,1073,336,307,983,142
733,1000,997,733,493,1053,836,842,1047,931,0,822,982,1072,142,1073,336,307,983,142
733,1000,997,733,844,559,845,842,1065,100,0,822,1051,1072,142,1073,336,307,0,254
733,1000,997,733,844,559,845,842,1065,100,0,822,1051,1072,142,1073,336,307,0,254
746,1000,997,746,691,818,0,842,358,100,0,822,0,1072,254,1073,336,307,142,254
746,1000,997,746,691,818,0,842,358,100,0,822,0,1072,254,1073,336,307,142,254
746,1000,997,746,608,0,878,842,1068,915,0,822,0,1072,254,1073,434,307,142,254
750,1000,997,750,608,0,878,842,1068,915,0,822,0,1072,254,1073,434,307,142,254
750,1000,997,750,565,311,1054,842,391,1071,1007,822,0,1072,254,836,1076,307,142,254
750,1000,997,750,565,311,1054,842,391,1071,1007,822,0,1072,254,836,1076,307,142,254
755,1000,997,755,530,311,0,842,1057,709,1007,822,0,1072,254,845,0,307,142,254
755,1000,997,755,530,311,0,842,1057,709,1007,822,0,1072,254,845,0,307,142,254
755,1000,997,755,974,311,493,842,1058,737,1007,822,307,0,254,881,0,307,142,254
756,1000,997,756,974,311,493,842,1058,737,1007,822,307,0,254,881,0,307,142,254
756,1000,997,756,507,311,929,842,1061,844,1007,921,307,1004,254,1004,604,658,142,254
756,1000,997,756,507,311,929,842,1061,844,1007,921,307,1004,254,1004,604,658,142,254
766,1000,997,766,915,311,1043,445,1062,1014,1007,0,307,1007,254,0,610,658,142,254
766,1003,997,766,915,311,1043,445,1062,1014,1007,0,307,1007,254,0,610,658,142,254
766,1003,997,766,921,311,1044,445,1064,1017,1007,0,307,1007,254,0,612,658,142,691
779,1003,997,779,921,311,1044,445,1064,1017,1007,0,307,1007,254,0,612,658,142,691
779,1003,997,779,932,311,1044,445,1067,1019,1007,142,307,1007,336,0,0,658,461,844
779,1003,997,779,932,311,1044,445,1067,1019,1007,142,307,1007,336,0,0,658,461,844
796,1003,997,796,541,311,1044,445,297,1040,1007,142,307,1007,336,0,753,658,0,0
796,1003,997,796,541,311,1044,445,297,1040,1007,142,307,1007,336,0,753,658,0,0
796,1003,997,796,604,0,1044,445,297,1066,929,142,307,1007,336,0,822,658,465,478
799,1003,997,799,604,0,1044,445,380,1066,929,142,307,1007,336,0,822,658,465,478
799,1003,997,799,1026,938,1044,445,380,131,1044,142,307,1007,336,0,822,658,754,819
799,1003,997,799,1026,938,1044,445,380,131,1044,142,307,1007,336,0,822,658,754,819
803,1003,1002,803,808,955,1044,445,562,131,1044,142,947,1007,336,589,822,658,0,822
803,1003,1002,803,808,955,1044,445,562,131,1044,142,947,1007,336,589,822,658,0,822
803,1003,1002,803,0,0,1044,445,692,280,1044,142,947,1007,336,592,822,667,493,822
806,1003,1002,806,0,0,1044,445,692,280,1044,142,947,1007,336,592,822,667,493,822
806,1003,1002,806,700,1057,1044,1074,752,280,1044,142,947,0,336,592,822,667,1057,822
806,1003,1002,806,700,1057,1044,1074,752,280,1044,142,947,0,336,592,822,667,1057,822
807,1003,1002,807,911,1030,0,1076,1070,282,1044,142,947,0,336,592,822,667,1058,822
807,1003,1002,807,911,1030,0,1076,1070,282,1044,142,947,0,336,592,822,667,1058,822
807,1003,1002,807,708,1030,881,125,336,661,1044,307,947,307,820,592,822,667,1061,822
814,1003,1002,814,708,1030,881,125,336,661,1044,307,947,307,820,592,822,667,1061,822
814,1003,1002,814,710,1030,1058,125,336,663,1044,307,947,307,822,592,822,667,1062,822
814,1003,1002,814,710,1030,1058,125,336,663,1044,307,947,307,822,592,822,667,1062,822
828,1003,1002,828,811,578,0,125,336,0,1044,307,947,307,822,592,843,667,1064,822
828,1003,1002,828,811,578,0,165,336,0,1044,307,947,307,822,592,843,667,1064,822
828,1016,1002,828,719,578,517,165,336,711,589,307,947,307,822,592,0,667,1066,822
829,1016,1002,829,719,578,517,165,336,711,589,307,947,307,822,592,0,667,1066,822
829,1016,1002,829,924,578,1067,165,336,0,591,307,0,307,822,592,754,667,0,570
829,1016,1002,829,924,578,1067,165,336,0,591,307,0,307,822,592,754,667,0,570
840,1016,1002,840,781,578,0,1008,336,847,592,307,0,307,822,1072,798,0,0,0
840,1016,1002,840,781,578,0,1008,336,847,592,307,0,307,822,1072,798,0,0,0
840,1016,1002,840,1036,578,621,856,336,770,592,307,929,307,822,1072,835,465,931,0
849,1016,1002,849,1036,578,621,856,336,770,592,307,929,307,822,1072,835,465,931,0
849,1016,1002,849,745,578,732,856,336,606,592,307,1043,307,822,1072,0,845,938,847
849,1016,1002,849,745,578,732,856,336,606,592,307,1043,307,822,1072,0,845,938,847
855,1016,1002,855,905,578,811,856,426,606,592,1073,1045,396,822,1072,562,0,0,909
855,1016,1002,855,905,578,811,856,426,606,592,1073,1045,396,822,1072,562,0,0,909
855,1016,1002,855,1064,578,0,856,426,606,592,1073,1047,396,650,1072,570,0,485,0
857,1016,1002,857,1064,578,0,856,428,606,592,1073,1047,396,650,1072,570,0,485,0
857,1016,1002,857,813,658,813,856,428,606,592,1073,1052,396,0,1072,0,210,0,0
857,1016,1002,857,813,658,813,856,428,606,592,1073,1052,396,0,1072,0,210,0,0
858,1016,1002,858,823,658,0,856,494,606,592,1073,0,396,735,1072,726,210,0,565
858,1016,1005,858,823,658,0,856,494,606,592,1073,0,396,735,1072,726,210,0,565
858,1016,1005,858,899,658,867,856,494,606,592,1073,0,396,847,1072,0,210,865,621
859,1016,1005,859,899,658,867,856,516,606,592,1073,0,396,847,1072,0,210,865,621
859,1016,1005,859,825,658,869,856,516,606,0,1073,0,396,872,0,621,210,0,891
859,1016,1005,859,825,658,869,856,516,606,0,1073,0,396,872,0,621,210,0,891
860,1016,1005,860,836,658,870,947,519,606,0,1073,0,396,909,0,0,210,939,0
860,1016,1005,860,836,658,870,947,519,606,0,1073,0,396,909,0,0,210,939,0
860,1034,1005,860,845,658,871,947,519,1020,0,1073,591,396,920,0,741,210,0,210
862,1034,1005,862,845,658,871,947,525,1020,0,1073,591,396,920,0,741,210,0,210
862,1034,1005,862,847,658,891,947,525,1020,0,0,592,1044,965,0,0,210,273,210
862,1034,1005,862,847,658,891,947,525,1020,0,0,592,1044,965,0,0,210,273,210
874,1034,1005,874,976,658,0,947,528,1020,0,0,592,1044,0,0,565,210,883,210
874,1034,1005,874,976,658,0,947,528,1020,0,0,592,1044,0,0,565,210,883,210
874,1034,1005,874,869,822,0,947,528,1020,210,0,592,1044,709,218,920,976,0,210
876,1034,1005,876,869,822,0,947,529,1020,210,0,592,1044,709,218,920,976,0,210
876,1034,1005,876,871,822,591,947,529,1020,210,540,592,1044,752,218,0,0,903,210
876,1034,1005,876,871,822,591,947,529,1020,210,540,592,1044,752,218,0,0,903,210
882,1034,1005,882,1028,822,0,947,533,1020,210,0,592,1044,966,218,737,0,932,210
882,1034,1005,882,1028,822,0,947,533,1020,210,0,592,1044,966,218,737,0,932,210
882,1034,1005,882,904,822,610,947,533,1020,210,643,592,1044,0,218,0,606,1073,210
884,1034,1005,884,904,822,610,947,536,1020,210,643,592,1044,0,218,0,606,1073,210
884,1034,1005,884,1035,822,0,288,536,1020,210,0,592,1044,911,218,237,606,1073,210
884,1034,1005,884,1035,822,0,288,536,1020,210,0,592,1044,911,218,237,606,1073,210
885,1034,1005,885,0,822,0,288,554,282,210,653,592,1044,0,218,237,606,1073,899
885,1034,1005,885,0,822,0,288,554,282,210,653,592,1044,0,218,237,606,1073,899
885,1034,1005,885,1040,822,643,288,554,282,210,776,1017,218,210,218,237,606,1073,0
893,1034,1005,893,1040,822,643,305,586,282,210,776,1017,218,210,218,237,606,1073,0
893,1034,1005,893,636,822,0,305,586,337,210,0,1019,218,210,218,237,606,1073,507
893,1034,1005,893,636,822,0,305,586,337,210,0,1019,218,210,218,237,606,1073,507
894,1034,1005,894,636,926,0,305,617,337,658,781,1020,218,210,515,237,606,1073,904
894,1034,1005,894,636,926,0,305,617,337,658,781,1020,218,210,515,237,606,1073,904
894,1053,1030,894,636,926,650,402,617,366,658,793,1020,218,210,515,237,606,1073,1022
897,1053,1030,897,636,926,650,402,618,366,658,793,1020,218,210,515,237,606,1073,1022
897,1053,1030,897,636,926,0,402,618,366,658,898,1020,218,210,515,237,606,1073,1026
897,1053,1030,897,636,926,0,402,618,366,658,898,1020,218,210,515,237,606,1073,1026
901,1053,1030,901,636,926,653,402,636,439,658,1038,1020,218,210,515,237,671,0,1036
901,1053,1030,901,636,926,653,417,636,439,658,1038,1020,218,210,515,237,671,0,1036
901,1053,1030,901,636,926,711,417,636,439,658,0,1020,218,210,515,833,691,0,0
908,1053,1030,908,651,926,711,417,666,439,658,0,1020,218,210,515,833,691,0,0
908,1053,1030,908,651,926,734,417,666,441,658,0,1020,218,210,515,838,1015,0,0
908,1053,1030,908,651,926,734,417,666,441,658,0,1020,218,210,515,838,1015,0,0
910,1053,1030,910,651,926,1036,420,668,441,658,218,1020,0,842,515,0,1015,218,957
910,1053,1030,910,651,926,1036,420,668,441,658,218,1020,0,842,515,0,1015,218,957
910,1053,1030,910,651,926,1073,420,668,488,658,218,1020,562,842,515,947,1015,218,0
914,1053,1030,914,651,926,1073,420,676,488,658,218,1020,562,842,515,947,1015,218,0
914,1053,1030,914,651,1007,1073,443,676,488,667,218,758,585,842,1076,947,1015,218,0
914,1053,1030,914,651,1007,1073,443,676,488,667,218,758,585,842,1076,947,1015,218,0
919,1053,1030,919,651,1007,1073,443,678,497,667,218,759,732,842,0,947,1015,218,577
919,1053,1030,919,651,1007,1073,443,678,497,667,218,759,732,842,0,947,1015,218,577
919,1053,1030,919,659,1007,1073,460,678,497,667,218,0,795,842,0,947,1015,218,578
927,1053,1030,927,659,1007,1073,460,679,497,667,218,0,795,842,0,947,1015,218,578
927,1053,1030,927,659,1007,1073,460,679,502,667,218,763,800,842,0,947,1015,218,578
927,1053,1030,927,659,1007,1073,460,679,502,667,218,763,800,842,0,947,1015,218,578
928,1053,1030,928,659,1007,1073,462,682,502,667,218,0,808,842,0,947,1015,218,578
928,1053,1030,928,659,1007,1073,462,682,502,667,218,0,808,842,0,947,1015,218,578
928,1056,1030,928,659,1007,1073,462,682,508,667,218,880,961,842,0,947,1020,218,578
935,1056,1030,935,659,1007,1073,462,687,508,667,218,880,961,842,0,947,1020,218,578
935,1056,1030,935,659,1007,1073,568,687,508,667,947,881,961,758,0,947,1020,237,578
935,1056,1030,935,659,1007,1073,568,687,508,667,947,881,961,758,0,947,1020,237,578
936,1056,1030,936,659,1007,0,568,705,613,667,947,900,961,759,0,0,1020,237,578
936,1056,1030,936,682,1007,0,568,705,613,667,947,900,961,759,0,0,1020,237,578
936,1056,1037,936,682,770,0,588,705,613,800,947,905,961,0,982,608,1020,237,578
941,1056,1037,941,682,770,0,588,746,613,800,947,905,961,0,982,608,1020,237,578
941,1056,1037,941,682,770,961,588,746,651,823,947,0,961,764,982,974,1020,237,578
941,1056,1037,941,682,770,961,588,746,651,823,947,0,961,764,982,974,1020,237,578
942,1056,1037,942,682,770,961,724,750,651,839,947,948,961,867,982,988,1020,237,0
942,1056,1037,942,682,770,961,724,750,651,839,947,948,961,867,982,988,1020,237,0
942,1056,1037,942,682,770,961,724,750,659,0,947,1014,961,880,982,1045,1020,237,842
944,1056,1037,944,682,770,961,724,779,659,0,947,1014,961,880,982,1045,1020,237,842
944,1056,1037,944,682,770,961,755,779,659,0,947,1015,961,912,982,1057,1020,237,842
944,1056,1037,944,682,773,961,755,779,659,0,947,1015,961,912,982,1057,1020,237,842
946,1056,1037,946,810,773,961,755,796,664,0,947,1015,0,1015,982,0,0,237,842
946,1056,1037,946,810,773,961,755,796,664,0,947,1015,0,1015,982,0,0,237,842
946,1056,1037,946,810,773,961,756,796,664,0,785,1015,541,1015,982,898,0,0,842
952,1056,1037,952,810,773,961,756,799,664,0,785,1015,541,1015,982,898,0,0,842
952,1056,1037,952,810,773,961,756,799,681,0,0,1015,559,1015,982,0,0,947,842
952,1056,1037,952,810,773,961,756,799,681,0,0,1015,559,1015,982,0,0,947,842
958,1056,1037,958,810,773,961,766,803,681,0,0,1015,707,1015,311,437,0,947,842
958,1056,1037,958,810,773,961,766,803,681,0,0,1015,707,1015,311,437,0,947,842
958,1065,1037,958,810,774,982,766,803,725,0,794,1015,955,1015,311,1058,432,947,842
960,1065,1037,960,810,774,982,766,810,725,0,794,1015,955,1015,311,1058,432,947,842
960,1065,1037,960,810,774,982,807,810,725,0,830,1015,0,1015,311,0,708,947,842
960,1065,1037,960,1003,774,982,807,810,725,0,830,1015,0,1015,311,0,708,947,842
962,1065,1037,962,1003,774,982,807,814,733,0,932,1015,0,1015,311,900,0,947,985
962,1065,1037,962,1003,774,982,807,814,733,0,932,1015,0,1015,311,900,0,947,985
962,1065,1037,962,1003,774,982,828,814,733,0,0,0,0,1015,311,0,0,947,0
968,1065,1037,968,1003,774,982,828,840,770,0,0,0,0,1015,311,0,0,947,0
968,1065,1037,968,1003,774,982,828,840,770,0,0,0,0,0,311,776,0,947,0
968,1065,1037,968,1003,788,982,828,840,770,0,0,0,0,0,311,776,0,947,0
969,1065,1037,969,1003,788,982,829,857,773,0,577,0,311,980,311,1061,515,947,530
969,1065,1037,969,1003,788,982,829,857,773,0,577,0,311,980,311,1061,515,947,530
970,1065,1046,970,1003,788,982,829,857,773,0,578,0,311,0,311,0,515,663,934
970,1065,1046,970,1003,788,982,829,858,774,0,578,0,311,0,311,0,515,663,934
972,1065,1046,972,1016,788,982,849,858,774,982,578,842,311,0,851,780,515,0,0
972,1065,1046,972,1016,788,982,849,858,774,982,578,842,311,0,851,780,515,0,0
973,1065,1046,973,1016,788,0,849,860,788,982,578,842,311,765,853,781,515,0,0
973,1065,1046,973,1016,788,0,849,860,788,982,578,842,311,765,853,781,515,0,0
977,1065,1046,977,1016,791,0,855,860,788,982,578,842,311,0,854,785,515,404,658
977,1065,1046,977,1016,791,0,855,862,791,982,578,842,311,0,854,785,515,404,658
978,1065,1046,978,1016,791,0,855,862,791,982,578,842,311,0,856,0,515,915,658
978,1065,1046,978,1016,791,0,855,862,791,982,578,842,311,0,856,0,515,915,658
981,1065,1046,981,1016,791,0,874,884,806,982,578,842,311,792,856,982,515,990,658
981,1065,1046,981,1016,791,0,874,884,806,982,578,842,311,792,856,982,515,990,658
984,1068,1046,984,1016,791,0,874,884,806,982,578,842,311,793,856,982,515,0,658
984,1068,1046,984,1034,791,0,874,893,859,982,578,842,311,793,856,982,515,0,658
986,1068,1046,986,1034,791,0,876,893,859,982,578,842,592,794,856,982,926,996,658
986,1068,1046,986,1034,994,0,876,893,859,982,578,842,592,794,856,982,926,996,658
987,1068,1046,987,1034,994,0,876,897,882,982,732,842,592,0,856,982,926,1013,658
987,1068,1046,987,1034,994,0,876,897,882,982,732,842,592,0,856,982,926,1013,658
989,1068,1046,989,1034,994,0,885,897,882,311,0,926,592,0,856,982,926,1021,658
989,1068,1046,989,1034,994,0,885,901,942,311,0,926,592,0,856,982,926,1021,658
993,1068,1046,993,1034,994,0,885,901,942,311,795,926,592,825,856,982,926,1024,658
993,1068,1046,993,1034,994,0,885,901,942,311,795,926,592,825,856,982,926,1024,658
999,1068,1046,999,1034,994,0,894,908,958,311,838,926,592,0,856,982,926,1027,974
999,1068,1046,999,1034,994,0,894,908,958,311,838,926,592,0,856,982,926,1027,974
1008,1068,1046,1008,1056,997,0,894,908,958,311,938,926,592,0,0,982,926,1036,0
1008,1068,1046,1008,1056,997,0,894,914,962,311,938,926,592,0,0,982,926,1036,0
1009,1068,1046,1009,1056,997,0,910,914,962,311,0,926,592,0,0,0,926,0,0
1009,1068,1046,1009,1056,997,0,910,914,962,311,0,926,592,0,0,0,926,0,0
1012,1068,1046,1012,1056,997,0,910,919,968,311,0,926,592,0,0,0,926,0,447
1012,1068,1046,1012,1056,997,0,910,919,968,311,0,926,592,0,0,0,926,0,447
1018,1068,1048,1018,1056,997,0,927,919,968,311,926,926,336,1020,0,0,0,961,700
1018,1068,1048,1018,1056,997,0,927,928,972,311,926,926,336,1020,0,0,0,961,700
1023,1068,1048,1023,1056,997,0,927,928,972,311,926,926,336,1020,0,404,0,961,0
1023,1068,1048,1023,1056,1000,0,927,928,972,311,926,926,336,1020,0,404,0,961,0
1025,1068,1048,1025,1056,1000,0,941,935,978,856,926,961,336,1020,1007,0,578,961,0
1025,1068,1048,1025,1065,1000,0,941,935,978,856,926,961,336,1020,1007,0,578,961,0
1029,1070,1048,1029,1065,1000,0,941,935,978,856,926,961,336,1020,1007,650,578,961,585
1029,1070,1048,1029,1065,1000,0,941,936,981,856,926,961,336,1020,1007,650,578,961,585
1031,1070,1048,1031,1065,1000,0,944,936,981,856,926,961,336,1020,1007,745,578,961,704
1031,1070,1048,1031,1065,1000,0,944,936,981,856,926,961,336,1020,1007,745,578,961,704
1039,1070,1048,1039,1065,1000,0,944,952,986,856,926,961,336,1020,1007,0,578,961,0
1039,1070,1048,1039,1065,1000,0,944,952,986,856,926,961,336,1020,1007,0,578,961,0
1042,1070,1048,1042,1065,1002,0,946,952,986,856,926,961,336,1020,1007,0,578,961,0
1042,1070,1048,1042,1065,1002,0,946,960,987,856,926,961,336,1020,1007,0,578,961,0
1049,1070,1048,1049,1065,1002,0,946,960,987,856,926,961,336,1020,1007,0,578,961,336
1049,1070,1048,1049,1065,1002,0,946,960,987,856,926,961,336,1020,1007,0,578,961,336
1055,1070,1048,1055,1068,1002,0,984,969,994,856,0,961,0,0,1007,0,578,0,336
1055,1070,1048,1055,1068,1002,0,984,969,994,856,0,961,0,0,1007,0,578,0,336
1059,1070,1048,1059,1068,1002,0,984,970,994,856,0,961,0,0,1007,0,578,0,336
1059,1070,1048,1059,1068,1002,0,984,970,997,856,0,961,0,0,1007,0,578,0,336
1060,1070,1048,1060,1068,1002,0,989,973,997,0,0,0,0,0,0,0,0,0,336
1060,1070,1048,1060,1068,1005,0,989,973,997,0,0,0,0,0,0,0,0,0,336
1063,1070,1048,1063,1068,1005,0,989,977,1000,0,0,0,0,0,0,0,0,0,336
1063,1070,1048,1063,1068,1005,0,989,977,1000,0,0,0,0,0,0,0,0,0,336
1069,1070,1048,1069,1068,1005,0,993,1003,1000,0,0,0,0,0,0,0,0,0,336
1069,1070,1048,1069,1068,1005,0,993,1003,1002,0,0,0,0,0,0,0,0,0,336
1071,1070,1048,1071,1068,1005,0,993,1009,1002,0,0,0,0,0,0,0,0,0,336
1071,1070,1048,1071,1070,1005,0,993,1009,1002,0,0,0,0,0,0,0,0,0,336
1075,1070,1048,1075,1070,1005,0,0,1029,0,0,0,0,0,0,0,0,0,0,336
1075,1070,1048,1075,1070,1005,0,0,1029,0,0,0,0,0,0,0,0,0,0,336