63,51,0,63,7,263,161,0,0,135,0,0,97,0,260,0,199,0,0,154
63,51,0,63,7,263,161,0,0,135,0,0,97,0,260,0,199,0,0,154
63,51,0,63,79,263,0,0,7,249,194,105,97,0,260,0,199,104,104,154
63,51,0,63,79,263,0,0,7,249,194,105,97,0,260,0,199,104,104,154
63,51,0,63,129,263,0,225,167,0,249,247,97,0,260,127,199,135,0,154
63,51,0,63,129,263,0,225,167,0,249,247,97,0,260,127,199,135,0,154
63,51,0,63,130,263,104,0,212,39,0,0,97,0,260,245,199,167,0,154
63,51,0,63,130,263,104,0,212,39,0,0,97,0,260,245,199,167,0,154
63,51,0,63,179,263,105,0,0,39,0,0,97,179,260,285,199,179,0,154
72,51,0,72,179,263,105,0,0,39,0,0,97,179,260,285,199,179,0,154
72,51,0,72,244,263,198,127,248,39,0,0,97,190,260,0,199,234,0,154
72,51,0,72,244,263,198,127,248,39,0,0,97,190,260,0,199,234,0,154
72,51,0,72,273,263,273,129,254,39,0,0,97,190,260,0,199,251,105,154
72,51,0,72,273,263,273,129,254,39,0,0,97,190,260,0,199,251,105,154
72,51,0,72,256,263,0,130,269,39,0,0,97,190,260,0,199,271,0,154
72,51,0,72,256,263,0,130,269,39,0,0,97,190,260,0,199,271,0,154
72,51,0,72,167,0,0,0,285,39,0,7,39,190,39,0,39,0,7,39
72,51,0,72,167,0,0,0,285,39,0,7,39,190,39,0,39,0,7,39
91,51,0,91,0,0,154,133,286,39,45,195,39,190,39,45,39,0,263,39
91,51,0,91,0,0,154,133,286,39,45,195,39,190,39,45,39,0,263,39
91,51,0,91,161,37,154,152,286,39,45,195,39,190,39,45,39,0,263,39
91,51,0,91,161,37,154,152,286,39,45,195,39,190,39,45,39,0,263,39
91,51,0,91,285,37,154,152,190,45,45,195,39,190,39,45,39,0,263,39
91,51,0,91,285,37,154,152,190,45,45,195,39,190,39,45,39,0,263,39
91,51,0,91,245,37,154,152,190,45,45,195,39,190,39,45,39,190,263,39
91,51,0,91,245,37,154,152,190,45,45,195,39,190,39,45,39,190,263,39
91,51,0,91,225,37,154,152,190,45,45,195,39,0,39,45,39,190,263,39
96,51,0,96,225,37,154,152,190,45,45,195,39,0,39,45,39,190,263,39
96,51,0,96,227,37,154,152,190,45,45,195,39,0,39,45,39,190,263,39
96,51,0,96,227,37,154,152,190,45,45,195,39,0,39,45,39,190,263,39
96,51,0,96,269,37,154,152,190,45,45,195,39,0,39,45,39,190,263,39
96,51,0,96,269,37,154,152,190,45,45,195,39,0,39,45,39,190,263,39
96,51,0,96,247,37,154,152,190,45,45,195,190,0,0,45,154,190,263,0
96,51,0,96,247,37,154,152,190,45,45,195,190,0,0,45,154,190,263,0
96,51,0,96,212,37,60,152,190,45,0,37,190,152,37,0,154,190,37,37
96,51,0,96,212,37,60,152,190,45,0,37,190,152,37,0,154,190,37,37
106,51,0,106,104,195,60,0,190,45,135,37,190,152,37,155,154,190,37,37
106,51,0,106,104,195,60,0,190,45,135,37,190,152,37,155,154,190,37,37
106,51,0,106,89,195,60,0,258,183,155,37,190,152,37,155,154,190,37,37
106,51,0,106,89,195,60,0,258,183,155,37,190,152,37,155,154,190,37,37
106,51,0,106,105,195,60,0,258,184,155,37,190,152,37,155,154,0,37,37
106,51,0,106,105,195,60,0,258,184,155,37,190,152,37,155,154,0,37,37
106,51,0,106,271,195,60,70,122,194,155,37,190,152,37,155,154,212,37,37
106,51,0,106,271,195,60,70,122,194,155,37,190,152,37,155,154,212,37,37
106,51,0,106,251,195,60,70,122,0,155,37,190,152,37,155,154,213,37,37
112,51,0,112,251,195,60,70,122,0,155,37,190,152,37,155,154,213,37,37
112,51,0,112,281,195,60,70,122,244,155,37,190,152,37,155,154,213,37,37
112,51,0,112,281,195,60,70,122,244,155,37,190,152,37,155,154,213,37,37
112,51,0,112,127,195,60,70,122,245,155,37,248,152,37,155,0,213,37,37
112,51,0,112,127,195,60,70,122,245,155,37,248,152,37,155,0,213,37,37
112,51,0,112,194,195,0,70,122,247,155,60,0,154,213,155,60,213,259,152
112,51,0,112,194,195,0,70,122,247,155,60,0,154,213,155,60,213,259,152
112,51,0,112,133,213,79,70,122,276,155,60,0,154,213,198,60,213,259,152
112,51,0,112,133,213,79,70,122,276,155,60,0,154,213,198,60,213,259,152
114,51,0,114,135,213,0,70,122,276,0,60,89,154,213,273,60,213,259,152
114,51,0,114,135,213,0,70,122,276,0,60,89,154,213,273,60,213,259,152
114,51,0,114,183,213,271,70,122,89,0,60,231,154,213,0,60,213,259,152
114,51,0,114,183,213,271,70,122,89,0,60,231,154,213,0,60,213,259,152
114,51,0,114,282,213,0,97,0,155,0,60,231,154,213,0,60,213,259,152
114,51,0,114,282,213,0,97,0,155,0,60,231,154,213,0,60,213,259,152
114,51,0,114,184,213,0,97,179,155,0,60,231,154,213,0,60,254,259,152
114,51,0,114,184,213,0,97,179,155,0,60,231,154,213,0,60,254,259,152
114,51,0,114,181,213,0,97,0,155,0,60,231,154,213,0,60,0,259,152
126,51,0,126,181,213,0,97,0,155,0,60,231,154,213,0,60,0,259,152
126,51,0,126,229,213,219,97,181,155,0,60,231,154,213,0,60,0,259,152
126,51,0,126,229,213,219,97,181,155,0,60,231,154,213,0,60,0,259,152
126,51,0,126,198,213,219,97,234,155,89,154,231,0,60,60,155,0,45,226
126,51,0,126,198,213,219,97,234,155,89,154,231,0,60,60,155,0,45,226
126,51,0,126,234,226,219,97,251,155,171,154,231,0,60,60,155,0,45,226
126,51,0,126,234,226,219,97,251,155,171,154,231,0,60,60,155,0,45,226
126,51,0,126,248,226,219,97,256,155,171,154,231,0,60,60,155,0,45,226
126,51,0,126,248,226,219,97,256,155,171,154,231,0,60,60,155,0,45,226
141,51,0,141,249,226,219,97,282,155,171,154,161,45,60,60,155,0,45,226
141,51,0,141,249,226,219,97,282,155,171,154,161,45,60,60,155,0,45,226
141,52,0,141,254,226,219,173,284,137,171,154,212,45,60,60,155,183,45,226
141,52,0,141,254,226,219,173,284,137,171,154,212,45,60,60,155,183,45,226
141,52,0,141,51,226,219,173,284,137,171,154,213,45,60,60,155,184,45,226
141,52,0,141,51,226,219,173,284,137,171,154,213,45,60,60,155,184,45,226
141,52,0,141,51,226,219,173,284,137,171,154,213,45,60,60,155,185,45,226
141,52,0,141,51,226,219,173,284,137,171,154,213,45,60,60,155,185,45,226
141,52,0,141,51,226,237,173,193,137,171,154,213,45,60,60,155,185,45,226
159,52,0,159,51,226,237,173,193,137,171,154,213,45,60,60,155,185,45,226
159,52,0,159,51,226,237,173,193,137,171,0,213,45,0,185,0,185,194,0
159,52,0,159,51,226,237,173,193,137,171,0,213,45,0,185,0,185,194,0
159,52,0,159,51,149,237,173,193,137,70,0,213,45,122,185,79,185,225,0
159,52,0,159,51,149,237,173,193,137,70,0,213,45,122,185,79,185,225,0
159,52,0,159,51,149,237,173,193,137,70,70,213,45,122,185,70,185,273,213
159,52,0,159,51,149,237,173,193,137,70,70,213,45,122,185,70,185,273,213
159,52,0,159,51,149,237,173,193,137,70,70,213,183,122,185,70,185,0,213
159,52,0,159,51,149,237,173,193,137,70,70,213,183,122,185,70,185,0,213
160,52,0,160,51,149,237,227,193,177,70,70,213,184,122,185,70,185,0,213
160,52,0,160,51,149,237,227,193,177,70,70,213,184,122,185,70,185,0,213
160,52,0,160,51,149,237,0,193,177,70,70,241,281,122,185,70,185,0,213
160,52,0,160,51,149,237,0,193,177,70,70,241,281,122,185,70,185,0,213
160,52,0,160,51,149,237,229,193,177,70,70,241,282,122,185,70,0,0,213
160,52,0,160,51,149,237,229,193,177,70,70,241,282,122,185,70,0,0,213
160,52,0,160,51,149,171,281,185,177,70,70,241,0,122,185,70,0,0,213
160,52,0,160,51,149,171,281,185,177,70,70,241,0,122,185,70,0,0,213
160,52,0,160,51,149,171,280,185,177,70,70,241,0,122,263,70,0,127,213
164,52,0,164,51,149,171,280,185,177,70,70,241,0,122,263,70,0,127,213
164,52,0,164,51,230,171,280,185,177,190,70,241,0,79,263,70,129,129,213
164,52,0,164,51,230,171,280,185,177,190,70,241,0,79,263,70,129,129,213
164,52,0,164,51,230,171,280,185,177,190,0,241,0,264,263,0,130,130,0
164,52,0,164,51,230,171,280,185,177,190,0,241,0,264,263,0,130,130,0
164,52,0,164,51,230,171,280,185,177,190,173,241,122,264,263,264,133,0,181
164,52,0,164,51,230,171,280,185,177,190,173,241,122,264,263,264,133,0,181
164,52,0,164,51,230,171,199,185,222,190,173,241,122,264,263,264,181,133,229
164,52,0,164,51,230,171,199,185,222,190,173,241,122,264,263,264,181,133,229
168,52,0,168,51,230,171,199,185,222,190,173,245,122,264,263,264,0,0,248
168,52,0,168,51,230,171,199,185,222,190,173,245,122,264,263,264,0,0,248
168,52,0,168,51,230,171,199,185,222,190,173,249,122,264,263,264,0,0,0
168,52,0,168,51,230,171,199,185,222,190,173,249,122,264,263,264,0,0,0
168,52,0,168,51,230,261,199,264,222,190,173,0,122,264,263,264,198,0,0
168,52,0,168,51,230,261,199,264,222,190,173,0,122,264,263,264,198,0,0
168,52,0,168,51,230,261,199,264,222,190,173,0,122,264,0,264,199,0,0
168,52,0,168,51,230,261,199,264,222,190,173,0,122,264,0,264,199,0,0
168,52,0,168,51,232,261,199,264,222,195,173,70,122,264,0,264,199,122,0
189,52,0,189,51,232,261,199,264,222,195,173,70,122,264,0,264,199,122,0
189,52,0,189,51,232,261,199,264,222,195,173,70,122,152,0,264,199,122,0
189,52,0,189,51,232,261,199,264,222,195,173,70,122,152,0,264,199,122,0
189,52,0,189,51,232,261,199,264,222,195,0,70,97,152,171,152,199,122,97
189,52,0,189,51,232,261,199,264,222,195,0,70,97,152,171,152,199,122,97
189,52,0,189,51,232,261,231,264,255,195,226,70,97,152,171,152,199,122,97
189,52,0,189,51,232,261,231,264,255,195,226,70,97,152,171,152,199,122,97
189,52,0,189,51,232,261,231,264,255,195,226,70,97,152,171,152,199,122,97
189,52,0,189,51,232,261,231,264,255,195,226,70,97,152,171,152,199,122,97
192,52,0,192,51,232,261,231,264,255,195,226,70,97,152,171,152,199,122,97
192,52,0,192,51,232,261,231,264,255,195,226,70,97,152,171,152,199,122,97
192,52,0,192,51,232,235,231,242,255,195,226,70,97,152,171,152,199,122,97
192,52,0,192,51,232,235,231,242,255,195,226,70,97,152,171,152,199,122,97
192,52,0,192,51,232,235,231,242,255,195,226,70,97,152,171,152,0,122,97
192,52,0,192,51,232,235,231,242,255,195,226,70,97,152,171,152,0,122,97
192,52,0,192,51,243,235,231,242,255,167,226,173,97,152,171,152,97,227,97
192,52,0,192,51,243,235,231,242,255,167,226,173,97,152,171,152,97,227,97
192,52,0,192,51,243,235,231,242,255,219,226,173,97,155,171,152,97,269,97
200,52,0,200,52,243,235,231,242,255,219,226,173,97,155,171,152,97,269,97
200,52,0,200,52,243,235,231,242,255,219,226,173,173,155,0,0,97,281,227
200,52,0,200,52,243,235,231,242,255,219,226,173,173,155,0,0,97,281,227
200,52,0,200,52,243,235,241,242,266,219,244,173,173,155,0,0,97,0,234
200,52,0,200,52,243,235,241,242,266,219,244,173,173,155,0,0,97,0,234
200,52,0,200,52,243,235,241,242,266,219,256,173,173,155,0,247,97,0,251
200,52,0,200,52,243,235,241,242,266,219,256,173,173,155,0,247,97,0,251
200,52,0,200,52,243,235,241,242,266,219,0,173,173,155,0,256,97,0,0
200,52,0,200,52,243,235,241,242,266,219,0,173,173,155,0,256,97,0,0
201,52,0,201,52,243,240,241,260,266,219,0,173,173,155,0,0,97,0,0
201,52,0,201,52,243,240,241,260,266,219,0,173,173,155,0,0,97,0,0
201,52,0,201,52,243,240,241,260,266,219,0,173,173,155,122,0,97,0,0
201,52,0,201,52,243,240,241,260,266,219,0,173,173,155,122,0,97,0,0
201,220,0,201,52,259,240,241,260,266,219,0,235,173,155,122,0,231,161,0
201,220,0,201,52,259,240,241,260,266,219,0,235,173,155,122,0,231,161,0
201,220,0,201,52,259,240,241,260,266,269,0,235,173,137,122,0,231,229,0
201,220,0,201,52,259,240,241,260,266,269,0,235,173,137,122,0,231,229,0
201,220,0,201,52,259,240,241,260,266,0,219,235,263,137,122,0,231,282,222
203,220,0,203,52,259,240,241,260,266,0,219,235,263,137,122,0,231,282,222
203,220,0,203,52,259,240,253,260,278,0,219,235,263,137,122,193,231,0,222
203,220,0,203,52,259,240,253,260,278,0,219,235,263,137,122,193,231,0,222
203,220,0,203,52,259,240,253,260,278,0,219,235,263,137,122,193,231,0,222
203,220,0,203,52,259,240,253,260,278,0,219,235,263,137,122,193,231,0,222
203,220,0,203,52,259,240,253,260,278,0,219,235,263,137,122,193,231,0,222
203,220,0,203,52,259,240,253,260,278,0,219,235,263,137,122,193,231,0,222
203,220,0,203,52,259,250,253,272,278,0,219,235,263,137,122,193,231,0,222
203,220,0,203,52,259,250,253,272,278,0,219,235,263,137,122,193,231,0,222
204,220,0,204,52,259,250,253,272,278,0,219,235,263,137,219,193,231,0,222
204,220,0,204,52,259,250,253,272,278,0,219,235,263,137,219,193,231,0,222
204,220,0,204,52,270,250,253,272,278,137,219,264,263,137,219,193,137,149,222
204,220,0,204,52,270,250,253,272,278,137,219,264,263,137,219,193,137,149,222
204,220,0,204,52,270,250,253,272,278,137,219,264,263,193,219,193,137,149,222
204,220,0,204,52,270,250,253,272,278,137,219,264,263,193,219,193,137,149,222
204,220,0,204,52,270,250,253,272,278,137,237,264,149,193,219,193,137,149,240
204,220,0,204,52,270,250,253,272,278,137,237,264,149,193,219,193,137,149,240
204,220,0,204,52,270,250,268,272,72,137,237,264,149,193,219,0,137,149,240
205,220,0,205,52,270,250,268,272,72,137,237,264,149,193,219,0,137,149,240
205,220,0,205,52,270,250,268,272,72,137,237,264,149,193,219,225,137,149,240
205,220,0,205,52,270,250,268,272,72,137,237,264,149,193,219,225,137,149,240
205,220,0,205,52,270,250,268,272,72,137,237,264,149,193,219,0,137,149,240
205,220,0,205,52,270,250,268,272,72,137,237,264,149,193,219,0,137,149,240
205,220,0,205,52,270,274,268,51,72,137,237,264,149,193,219,0,137,149,240
205,220,0,205,52,270,274,268,51,72,137,237,264,149,193,219,0,137,149,240
205,220,0,205,52,270,274,268,51,72,137,237,264,149,193,137,0,137,149,240
205,220,0,205,52,270,274,268,51,72,137,237,264,149,193,137,0,137,149,240
207,220,0,207,52,0,274,268,51,72,263,237,177,149,193,137,0,149,237,240
207,220,0,207,52,0,274,268,51,72,263,237,177,149,193,137,0,149,237,240
207,220,0,207,52,0,274,268,51,91,263,237,177,149,177,137,0,149,237,240
207,220,0,207,52,0,274,268,51,91,263,237,177,149,177,137,0,149,237,240
207,220,0,207,52,0,274,268,51,91,263,171,177,226,177,137,173,149,237,177
207,220,0,207,52,0,274,268,51,91,263,171,177,226,177,137,173,149,237,177
207,220,0,207,52,0,274,283,51,91,263,171,177,226,177,137,173,149,237,177
207,220,0,207,52,0,274,283,52,91,263,171,177,226,177,137,173,149,237,177
207,220,0,207,52,0,274,283,52,91,263,171,177,226,177,137,173,149,237,177
208,220,0,208,52,0,274,283,52,91,263,171,177,226,177,137,173,149,237,177
208,220,0,208,52,0,274,283,52,91,263,171,177,226,177,137,173,149,237,177
208,220,0,208,52,0,274,283,52,91,263,171,177,226,177,137,173,149,237,177
208,220,0,208,52,0,0,283,52,91,263,171,177,226,177,137,173,149,237,177
208,220,0,208,52,0,0,283,52,91,263,171,177,226,177,137,173,149,237,177
208,220,0,208,220,0,0,283,52,106,263,171,177,226,177,193,173,149,237,177
208,220,0,208,220,0,0,283,52,106,263,171,177,226,177,193,173,149,237,177
208,220,0,208,220,0,0,283,52,106,149,171,185,226,177,193,173,264,171,177
208,220,0,208,220,0,0,283,52,106,149,171,185,226,177,193,173,264,171,177
209,220,0,209,220,0,0,283,96,106,149,171,185,226,199,193,173,264,171,177
209,220,0,209,220,0,0,283,96,106,149,171,185,226,199,193,173,264,171,177
209,220,0,209,220,0,0,283,96,106,149,230,185,185,199,193,226,264,171,193
209,220,0,209,220,0,0,283,96,106,149,230,185,185,199,193,226,264,171,193
209,220,0,209,220,0,0,63,96,106,149,230,185,185,199,193,226,264,171,193
209,220,0,209,220,0,0,63,96,106,149,230,185,185,199,193,226,264,171,193
209,220,0,209,220,0,0,63,96,106,149,230,185,185,199,193,226,264,171,193
209,220,0,209,220,0,0,63,96,106,149,230,185,185,199,193,226,264,171,193
209,220,0,209,220,0,0,63,96,189,149,230,185,185,199,193,226,264,171,193
211,220,0,211,220,0,0,63,96,189,149,230,185,185,199,193,226,264,171,193
211,220,0,211,220,0,0,63,96,189,149,230,185,185,199,193,226,264,171,193
211,220,0,211,220,0,0,63,141,189,149,230,185,185,199,193,226,264,171,193
211,220,0,211,220,0,0,63,141,189,149,230,185,185,199,230,226,264,171,193
211,220,0,211,220,0,0,63,141,189,149,230,185,185,199,230,226,264,171,193
211,220,0,211,220,0,0,63,141,189,230,230,199,185,199,230,226,177,0,193
211,220,0,211,220,0,0,63,141,189,230,230,199,185,199,230,226,177,0,193
211,220,0,211,220,0,0,63,141,189,230,230,199,185,222,230,226,177,271,193
211,220,0,211,220,0,0,63,141,189,230,230,199,185,222,230,226,177,271,193
215,220,0,215,220,0,0,63,141,189,230,240,199,195,222,230,232,177,285,0
215,220,0,215,220,0,0,63,141,189,230,240,199,195,222,230,232,177,285,0
215,220,0,215,220,0,0,63,141,192,230,240,199,195,222,230,232,177,0,244
215,220,0,215,220,0,0,63,141,192,230,240,199,195,222,230,232,177,0,244
215,220,0,215,220,0,0,63,159,192,230,240,199,195,222,230,232,177,0,254
215,220,0,215,220,0,0,63,159,192,230,240,199,195,222,230,232,177,0,254
215,224,0,215,220,0,0,63,159,192,230,240,199,195,222,230,232,177,0,0
215,224,0,215,220,0,0,63,159,192,230,240,199,195,222,230,232,177,0,0
215,224,0,215,220,0,0,63,159,192,230,240,199,195,222,230,232,177,0,0
216,224,0,216,220,0,0,63,159,192,230,240,199,195,222,230,232,177,0,0
216,224,0,216,220,0,0,112,159,192,230,240,199,195,222,237,232,177,0,0
216,224,0,216,220,0,0,112,159,192,230,240,199,195,222,237,232,177,0,0
216,224,0,216,220,0,0,112,159,192,237,240,222,195,222,237,232,222,195,0
216,224,0,216,220,0,0,112,159,192,237,240,222,195,222,237,232,222,195,0
216,224,0,216,220,0,0,112,159,200,237,240,222,195,240,237,232,222,195,0
216,224,0,216,220,0,0,112,160,200,237,240,222,195,240,237,232,222,195,0
216,224,0,216,220,0,0,112,160,200,237,232,222,231,240,237,240,222,195,231
216,224,0,216,220,0,0,112,160,200,237,232,222,231,240,237,240,222,195,231
217,224,0,217,220,0,0,112,160,200,237,232,222,231,240,237,240,222,195,231
217,224,0,217,220,0,0,112,160,200,237,232,222,231,240,237,240,222,195,231
217,224,0,217,220,0,0,112,160,200,237,232,222,231,240,237,240,222,195,231
217,224,0,217,220,0,0,112,160,200,237,232,222,231,240,237,240,222,195,231
217,224,0,217,220,0,0,112,160,200,237,232,222,231,240,237,240,222,195,231
217,224,0,217,220,0,0,112,160,200,237,232,222,231,240,237,240,222,195,231
217,224,0,217,220,0,0,112,160,200,237,232,222,231,240,237,240,222,195,231
217,224,0,217,220,0,0,112,160,200,237,232,222,231,240,237,240,222,195,231
217,224,0,217,220,0,0,112,164,201,237,232,222,231,240,232,240,222,195,231
218,224,0,218,220,0,0,112,164,201,237,232,222,231,240,232,240,222,195,231
218,224,0,218,220,0,0,112,164,201,241,232,250,231,240,232,240,235,219,231
218,224,0,218,220,0,0,112,164,201,241,232,250,231,240,232,240,235,219,231
218,224,0,218,220,0,0,112,164,201,241,232,250,231,242,232,240,235,219,231
218,224,0,218,220,0,0,112,164,201,241,232,250,231,242,232,240,235,219,231
218,224,0,218,220,0,0,112,164,201,241,242,250,235,242,232,242,235,219,235
218,224,0,218,220,0,0,112,164,201,241,242,250,235,242,232,242,235,219,235
218,224,0,218,220,0,0,114,164,201,241,242,250,235,242,232,242,235,219,235
218,224,0,218,220,0,0,114,164,201,241,242,250,235,242,232,242,235,219,235
221,224,0,221,220,0,0,114,164,201,241,242,250,235,242,232,242,235,219,235
221,224,0,221,224,0,0,114,168,201,241,242,250,235,242,232,242,235,219,235
221,224,0,221,224,0,0,114,168,204,241,242,250,235,242,232,242,235,219,235
221,224,0,221,224,0,0,114,168,204,241,242,250,235,242,232,242,235,219,235
221,224,0,221,224,0,0,114,168,204,241,242,250,235,242,232,242,235,219,235
221,224,0,221,224,0,0,114,168,204,241,242,250,235,242,232,242,235,219,235
221,224,0,221,224,0,0,114,168,204,241,242,250,235,242,241,242,235,219,235
221,224,0,221,224,0,0,114,168,204,241,242,250,235,242,241,242,235,219,235
221,224,0,221,224,0,0,114,168,204,243,242,255,235,242,241,242,243,230,235
236,224,0,236,224,0,0,114,168,204,243,242,255,235,242,241,242,243,230,235
236,224,0,236,224,0,0,114,168,204,243,242,255,235,253,241,242,243,230,235
236,224,0,236,224,0,0,114,168,204,243,242,255,235,253,241,242,243,230,235
236,224,0,236,224,0,0,114,203,204,243,250,255,243,253,241,250,243,230,242
236,224,0,236,224,0,0,114,203,204,243,250,255,243,253,241,250,243,230,242
236,224,0,236,224,0,0,114,203,215,243,250,255,243,253,241,250,243,230,242
236,224,0,236,224,0,0,114,203,215,243,250,255,243,253,241,250,243,230,242
236,224,0,236,224,0,0,114,203,215,243,250,255,243,253,241,250,243,230,242
236,224,0,236,224,0,0,114,203,215,243,250,255,243,253,241,250,243,230,242
252,224,0,252,224,0,0,114,203,215,243,250,255,243,253,241,250,243,230,242
252,224,0,252,224,0,0,114,203,215,243,250,255,243,253,241,250,243,230,242
252,224,0,252,224,0,0,114,203,215,243,250,255,243,253,241,250,243,230,242
252,224,0,252,224,0,0,114,203,215,243,250,255,243,253,241,250,243,230,242
252,224,0,252,224,0,0,126,203,215,243,250,255,243,253,250,250,243,230,242
252,224,0,252,224,0,0,126,205,215,243,250,255,243,253,250,250,243,230,242
252,224,0,252,224,0,0,126,205,215,253,250,261,243,253,250,250,255,232,242
252,224,0,252,224,0,0,126,205,216,253,250,261,243,253,250,250,255,232,242
252,224,0,252,224,0,0,126,205,216,253,250,261,243,266,250,250,255,232,242
257,224,0,257,224,0,0,126,205,216,253,250,261,243,266,250,250,255,232,242
257,224,0,257,224,0,0,126,205,216,253,259,261,253,266,250,259,255,232,255
257,224,0,257,224,0,0,126,205,216,253,259,261,253,266,250,259,255,232,255
257,224,0,257,224,0,0,126,205,216,253,259,261,253,266,250,259,255,232,255
257,224,0,257,224,0,0,126,205,216,253,259,261,253,266,250,259,255,232,255
257,224,0,257,224,0,0,126,205,216,253,259,261,253,266,250,259,255,232,255
257,224,0,257,224,0,0,126,205,216,253,259,261,253,266,250,259,255,232,255
257,224,0,257,224,0,0,126,207,216,253,259,261,253,266,250,259,255,232,255
257,224,0,257,224,0,0,126,207,216,253,259,261,253,266,250,259,255,232,255
258,224,0,258,224,0,0,126,207,217,253,259,261,253,266,250,259,255,232,255
258,224,0,258,224,0,0,126,207,217,253,259,261,253,266,250,259,255,232,255
258,224,0,258,224,0,0,126,207,217,253,259,261,253,266,255,259,255,232,255
258,224,0,258,224,0,0,126,207,217,253,259,261,253,266,255,259,255,232,255
258,224,0,258,224,0,0,126,207,217,259,259,268,253,266,255,259,261,241,255
258,224,0,258,224,0,0,126,207,217,259,259,268,253,266,255,259,261,241,255
258,224,0,258,224,0,0,126,207,217,259,259,268,253,272,255,259,261,241,255
258,262,0,258,224,0,0,126,207,217,259,259,268,253,272,255,259,261,241,255
258,262,0,258,224,0,0,126,207,217,259,261,268,260,272,255,266,261,241,260
265,262,0,265,224,0,0,126,208,217,259,261,268,260,272,255,266,261,241,260
265,262,0,265,224,0,0,265,208,217,259,261,268,260,272,255,266,261,241,260
265,262,0,265,224,0,0,265,208,218,259,261,268,260,272,255,266,261,241,260
265,262,0,265,224,0,0,265,208,218,259,261,268,260,272,255,266,261,241,260
265,262,0,265,224,0,0,265,208,218,259,261,268,260,272,255,266,261,241,260
265,262,0,265,224,0,0,265,208,218,259,261,268,260,272,255,266,261,241,260
265,262,0,265,224,0,0,265,208,218,259,261,268,260,272,255,266,261,241,260
265,262,0,265,224,0,0,265,208,218,259,261,268,260,272,255,266,261,241,260
265,262,0,265,224,0,0,265,208,218,259,261,268,260,272,255,266,261,241,260
275,262,0,275,224,0,0,265,208,218,259,261,268,260,272,260,266,261,241,260
275,262,0,275,224,0,0,265,208,218,259,261,268,260,272,260,266,261,241,260
275,262,0,275,224,0,0,265,209,218,261,261,272,260,272,260,266,268,243,260
275,262,0,275,224,0,0,265,209,218,261,261,272,260,272,260,266,268,243,260
275,262,0,275,224,0,0,265,209,220,261,261,272,260,278,260,266,268,243,260
275,262,0,275,224,0,0,265,209,220,261,261,272,260,278,260,266,268,243,260
275,262,0,275,262,0,0,265,209,220,261,270,272,266,278,260,270,268,243,266
275,262,0,275,262,0,0,265,209,220,261,270,272,266,278,260,270,268,243,266
275,262,0,275,262,0,0,265,209,220,261,270,272,266,278,260,270,268,243,266
276,262,0,276,262,0,0,265,209,220,261,270,272,266,278,260,270,268,243,266
276,262,0,276,262,0,0,265,209,220,261,270,272,266,278,260,270,268,243,266
276,262,0,276,262,0,0,265,209,220,261,270,272,266,278,260,270,268,243,266
276,262,0,276,262,0,0,265,209,220,261,270,272,266,278,260,270,268,243,266
276,262,0,276,262,0,0,265,211,220,261,270,272,266,278,260,270,268,243,266
276,262,0,276,262,0,0,265,211,220,261,270,272,266,278,260,270,268,243,266
276,262,0,276,262,0,0,265,211,221,261,270,272,266,278,260,270,268,243,266
276,262,0,276,262,0,0,277,211,221,261,270,272,266,278,268,270,268,243,266
276,262,0,276,262,0,0,277,211,221,261,270,272,266,278,268,270,268,243,266
277,262,0,277,262,0,0,277,211,221,270,270,278,266,278,268,270,272,253,266
277,262,0,277,262,0,0,277,211,221,270,270,278,266,278,268,270,272,253,266
277,262,0,277,262,0,0,277,211,221,270,270,278,266,283,268,270,272,253,266
277,262,0,277,262,0,0,277,211,221,270,270,278,266,283,268,270,272,253,266
277,262,0,277,262,0,0,277,211,221,270,274,278,272,283,268,278,272,253,270
277,262,0,277,262,0,0,277,211,221,270,274,278,272,283,268,278,272,253,270
277,262,0,277,262,0,0,277,224,221,270,274,278,272,283,268,278,272,253,270
277,262,0,277,262,0,0,277,224,221,270,274,278,272,283,268,278,272,253,270
277,262,0,277,262,0,0,277,224,252,270,274,278,272,283,268,278,272,253,270
279,262,0,279,262,0,0,277,224,252,270,274,278,272,283,268,278,272,253,270
279,262,0,279,262,0,0,277,224,252,270,274,278,272,283,268,278,272,253,270
279,262,0,279,262,0,0,277,224,252,270,274,278,272,283,268,278,272,253,270
279,262,0,279,262,0,0,277,224,252,270,274,278,272,283,268,278,272,253,270
279,262,0,279,262,0,0,277,224,252,270,274,278,272,283,268,278,272,253,270
279,262,0,279,262,0,0,277,224,252,270,274,278,272,283,274,278,272,253,270
279,262,0,279,262,0,0,277,224,252,270,274,278,272,283,274,278,272,253,270
279,262,0,279,262,0,0,277,236,252,274,274,0,272,283,274,278,278,268,270
279,262,0,279,262,0,0,277,236,252,274,274,0,272,283,274,278,278,268,270
280,262,0,280,262,0,0,277,236,252,274,274,0,272,0,274,278,278,268,270
280,262,0,280,262,0,0,277,236,262,274,274,0,272,0,274,278,278,268,270
280,262,0,280,262,0,0,277,236,262,274,283,0,283,0,274,283,278,268,274
280,262,0,280,262,0,0,277,236,262,274,283,0,283,0,274,283,278,268,274
280,262,0,280,262,0,0,279,236,262,274,283,0,283,0,274,283,278,268,274
280,262,0,280,262,0,0,279,236,262,274,283,0,283,0,274,283,278,268,274
280,262,0,280,262,0,0,279,236,262,274,283,0,283,0,274,283,278,268,274
280,262,0,280,262,0,0,279,236,262,274,283,0,283,0,274,283,278,268,274
280,262,0,280,262,0,0,279,257,262,274,283,0,283,0,274,283,278,268,274
284,262,0,284,262,0,0,279,257,262,274,283,0,283,0,274,283,278,268,274
284,262,0,284,262,0,0,279,257,262,274,283,0,283,0,274,283,278,268,274
284,262,0,284,262,0,0,279,257,262,274,283,0,283,0,274,283,278,268,274
284,262,0,284,262,0,0,279,257,275,274,283,0,283,0,0,283,278,268,274
284,262,0,284,262,0,0,279,257,275,274,283,0,283,0,0,283,278,268,274
284,262,0,284,262,0,0,279,257,275,0,283,0,283,0,0,283,0,0,274
284,262,0,284,262,0,0,279,257,275,0,283,0,283,0,0,283,0,0,274
284,262,0,284,262,0,0,279,257,275,0,283,0,283,0,0,283,0,0,274
284,262,0,284,262,0,0,279,257,275,0,283,0,283,0,0,283,0,0,274
286,262,0,286,262,0,0,279,258,275,0,0,0,0,0,0,0,0,0,0
286,262,0,286,262,0,0,279,258,275,0,0,0,0,0,0,0,0,0,0
286,262,0,286,262,0,0,279,258,275,0,0,0,0,0,0,0,0,0,0
286,262,0,286,262,0,0,279,258,275,0,0,0,0,0,0,0,0,0,0
286,262,0,286,262,0,0,279,258,275,0,0,0,0,0,0,0,0,0,0
286,262,0,286,262,0,0,279,258,0,0,0,0,0,0,0,0,0,0,0
286,262,0,286,262,0,0,279,258,0,0,0,0,0,0,0,0,0,0,0
286,262,0,286,262,0,0,279,258,0,0,0,0,0,0,0,0,0,0,0