39,27,164,39,139,157,112,39,27,225,187,139,27,112,0,0,0,0,0,0
39,27,164,39,139,157,112,39,27,225,187,139,27,112,0,0,0,0,0,0
39,27,164,39,139,157,112,39,27,225,187,139,27,112,0,0,0,0,0,0
152,199,281,112,313,281,187,139,152,226,281,257,152,225,0,0,0,0,0,0
152,199,281,112,313,281,187,139,152,226,281,257,152,225,0,0,0,0,0,0
152,199,281,112,313,281,187,139,152,226,281,257,152,225,0,0,0,0,0,0
257,261,283,187,341,283,226,257,157,261,289,276,157,226,0,0,0,0,0,0
257,261,283,187,341,283,226,257,157,261,289,276,157,226,0,0,0,0,0,0
257,261,283,187,341,283,226,257,157,261,289,276,157,226,0,0,0,0,0,0
284,276,316,225,350,291,280,276,164,280,359,313,164,261,0,0,0,0,0,0
284,276,316,225,350,291,280,276,164,280,359,313,164,261,0,0,0,0,0,0
284,276,316,225,350,291,280,276,164,280,359,313,164,261,0,0,0,0,0,0
345,341,351,289,395,316,289,284,199,283,373,350,199,280,0,0,0,0,0,0
345,341,351,289,395,316,289,284,199,283,373,350,199,280,0,0,0,0,0,0
345,341,351,289,395,316,289,284,199,283,373,350,199,280,0,0,0,0,0,0
349,350,376,359,397,345,359,313,291,351,433,376,284,316,0,0,0,0,0,0
349,350,376,359,397,345,359,313,291,351,433,376,284,316,0,0,0,0,0,0
349,350,376,359,397,345,359,313,291,351,433,376,284,316,0,0,0,0,0,0
367,355,382,373,404,351,373,386,341,381,468,395,291,381,0,0,0,0,0,0
367,355,382,373,404,351,373,386,341,381,468,395,291,381,0,0,0,0,0,0
367,355,382,373,404,351,373,386,341,381,468,395,291,381,0,0,0,0,0,0
402,381,403,386,413,376,433,395,349,382,510,402,345,386,0,0,0,0,0,0
402,381,403,386,413,376,433,395,349,382,510,402,345,386,0,0,0,0,0,0
402,381,403,386,413,376,433,395,349,382,510,402,345,386,0,0,0,0,0,0
416,397,486,416,435,382,468,402,355,410,512,403,349,397,0,0,0,0,0,0
416,397,486,416,435,382,468,402,355,410,512,403,349,397,0,0,0,0,0,0
416,397,486,416,435,382,468,402,355,410,512,403,349,397,0,0,0,0,0,0
426,437,489,433,445,410,487,403,367,426,528,416,355,410,0,0,0,0,0,0
426,437,489,433,445,410,487,403,367,426,528,416,355,410,0,0,0,0,0,0
426,437,489,433,445,410,487,403,367,426,528,416,355,410,0,0,0,0,0,0
430,445,514,468,480,489,500,430,404,437,534,430,367,426,0,0,0,0,0,0
430,445,514,468,480,489,500,430,404,437,534,430,367,426,0,0,0,0,0,0
430,445,514,468,480,489,500,430,404,437,534,430,367,426,0,0,0,0,0,0
512,454,526,481,493,502,503,435,413,445,546,435,404,437,0,0,0,0,0,0
512,454,526,481,493,502,503,435,413,445,546,435,404,437,0,0,0,0,0,0
512,454,526,481,493,502,503,435,413,445,546,435,404,437,0,0,0,0,0,0
524,461,538,487,508,514,528,454,465,461,557,454,413,461,0,0,0,0,0,0
524,461,538,487,508,514,528,454,465,461,557,454,413,461,0,0,0,0,0,0
524,461,538,487,508,514,528,454,465,461,557,454,413,461,0,0,0,0,0,0
534,465,550,500,510,526,546,486,481,489,568,486,465,487,0,0,0,0,0,0
534,465,550,500,510,526,546,486,481,489,568,486,465,487,0,0,0,0,0,0
534,465,550,500,510,526,546,486,481,489,568,486,465,487,0,0,0,0,0,0
540,480,574,512,530,538,557,505,524,502,572,505,480,493,0,0,0,0,0,0
540,480,574,512,530,538,557,505,524,502,572,505,480,493,0,0,0,0,0,0
540,480,574,512,530,538,557,505,524,502,572,505,480,493,0,0,0,0,0,0
557,493,587,528,534,550,564,540,530,503,573,540,481,500,0,0,0,0,0,0
557,493,587,528,534,550,564,540,530,503,573,540,481,500,0,0,0,0,0,0
557,493,587,528,534,550,564,540,530,503,573,540,481,500,0,0,0,0,0,0
565,505,590,546,582,556,573,565,579,514,575,565,524,502,0,0,0,0,0,0
565,505,590,546,582,556,573,565,579,514,575,565,524,502,0,0,0,0,0,0
565,505,590,546,582,556,573,565,579,514,575,565,524,502,0,0,0,0,0,0
568,508,597,568,586,574,575,582,583,525,585,574,579,503,0,0,0,0,0,0
568,508,597,568,586,574,575,582,583,525,585,574,579,503,0,0,0,0,0,0
568,508,597,568,586,574,575,582,583,525,585,574,579,503,0,0,0,0,0,0
572,510,622,572,594,583,584,589,586,526,588,582,583,508,0,0,0,0,0,0
572,510,622,572,594,583,584,589,586,526,588,582,583,508,0,0,0,0,0,0
572,510,622,572,594,583,584,589,586,526,588,582,583,508,0,0,0,0,0,0
579,525,634,575,599,587,588,599,594,538,598,589,590,525,0,0,0,0,0,0
579,525,634,575,599,587,588,599,594,538,598,589,590,525,0,0,0,0,0,0
579,525,634,575,599,587,588,599,594,538,598,589,590,525,0,0,0,0,0,0
585,530,648,585,624,590,598,632,623,550,624,599,630,556,0,0,0,0,0,0
585,530,648,585,624,590,598,632,623,550,624,599,630,556,0,0,0,0,0,0
585,530,648,585,624,590,598,632,623,550,624,599,630,556,0,0,0,0,0,0
588,573,652,598,640,601,611,638,630,556,637,632,640,564,0,0,0,0,0,0
588,573,652,598,640,601,611,638,630,556,637,632,640,564,0,0,0,0,0,0
588,573,652,598,640,601,611,638,630,556,637,632,640,564,0,0,0,0,0,0
623,586,664,611,644,622,615,644,655,564,639,636,655,584,0,0,0,0,0,0
623,586,664,611,644,622,615,644,655,564,639,636,655,584,0,0,0,0,0,0
623,586,664,611,644,622,615,644,655,564,639,636,655,584,0,0,0,0,0,0
632,589,666,615,647,630,636,659,660,584,647,638,660,597,0,0,0,0,0,0
632,589,666,615,647,630,636,659,660,584,647,638,660,597,0,0,0,0,0,0
632,589,666,615,647,630,636,659,660,584,647,638,660,597,0,0,0,0,0,0
638,594,690,636,659,634,637,674,679,587,653,644,679,611,0,0,0,0,0,0
638,594,690,636,659,634,637,674,679,587,653,644,679,611,0,0,0,0,0,0
638,594,690,636,659,634,637,674,679,587,653,644,679,611,0,0,0,0,0,0
655,601,704,637,711,648,639,711,691,597,664,659,691,615,0,0,0,0,0,0
655,601,704,637,711,648,639,711,691,597,664,659,691,615,0,0,0,0,0,0
655,601,704,637,711,648,639,711,691,597,664,659,691,615,0,0,0,0,0,0
660,624,715,639,719,652,653,724,746,601,676,674,746,623,0,0,0,0,0,0
660,624,715,639,719,652,653,724,746,601,676,674,746,623,0,0,0,0,0,0
674,624,715,639,719,652,653,724,746,601,676,674,746,623,0,0,0,0,0,0
674,640,722,653,729,666,664,729,748,622,684,698,748,652,0,0,0,0,0,0
679,640,722,653,729,666,664,729,748,622,684,698,748,652,0,0,0,0,0,0
679,640,722,653,729,666,664,729,748,622,684,698,748,652,0,0,0,0,0,0
684,647,731,663,734,690,676,735,771,634,697,711,771,663,0,0,0,0,0,0
684,647,731,663,734,690,676,735,771,634,697,711,771,663,0,0,0,0,0,0
697,691,750,676,735,697,680,770,771,648,702,724,771,680,0,0,0,0,0,0
697,691,750,676,735,697,680,770,774,648,702,724,774,680,0,0,0,0,0,0
698,719,761,680,740,704,684,773,774,663,705,729,774,701,0,0,0,0,0,0
698,719,761,680,740,704,684,773,774,663,705,729,774,701,0,0,0,0,0,0
702,730,763,698,771,715,701,780,781,666,716,735,780,722,0,0,0,0,0,0
702,730,763,698,771,715,701,780,781,666,716,735,780,722,0,0,0,0,0,0
705,734,778,702,781,722,705,783,782,690,719,770,782,730,0,0,0,0,0,0
705,734,778,702,781,722,705,783,782,690,719,770,782,730,0,0,0,0,0,0
724,740,779,716,784,731,716,788,784,701,720,773,786,734,0,0,0,0,0,0
724,740,779,716,784,731,716,788,784,701,720,773,786,734,0,0,0,0,0,0
760,746,780,720,797,750,720,814,786,704,723,779,789,740,0,0,0,0,0,0
760,746,780,720,797,750,720,814,786,704,723,779,789,740,0,0,0,0,0,0
770,748,795,723,810,761,723,824,789,715,725,783,813,762,0,0,0,0,0,0
770,748,795,723,810,761,723,824,789,715,725,783,813,762,0,0,0,0,0,0
773,781,796,725,813,763,725,852,813,730,732,788,817,772,0,0,0,0,0,0
773,781,796,725,813,763,725,852,813,730,732,788,817,772,0,0,0,0,0,0
774,783,811,732,852,778,732,853,817,731,745,814,825,784,0,0,0,0,0,0
774,783,811,732,852,778,732,853,817,731,745,814,825,784,0,0,0,0,0,0
782,788,822,745,905,779,745,886,825,750,753,824,833,790,0,0,0,0,0,0
782,788,822,745,905,779,745,886,825,750,753,824,833,790,0,0,0,0,0,0
790,789,826,753,913,786,753,908,833,763,756,852,845,791,0,0,0,0,0,0
790,789,826,753,913,786,753,908,833,763,756,852,845,791,0,0,0,0,0,0
807,797,829,756,915,811,756,914,845,772,760,853,848,796,0,0,0,0,0,0
807,797,829,756,915,811,756,914,845,772,760,853,848,796,0,0,0,0,0,0
824,810,858,760,921,817,762,916,848,778,761,892,855,797,0,0,0,0,0,0
824,810,858,760,921,817,762,916,848,778,761,892,855,797,0,0,0,0,0,0
833,825,871,762,929,822,764,921,855,790,764,908,863,811,0,0,0,0,0,0
833,825,871,762,929,822,764,921,855,790,764,908,863,811,0,0,0,0,0,0
845,870,885,764,931,829,768,932,863,791,768,914,868,826,0,0,0,0,0,0
845,870,885,764,931,829,768,932,863,791,768,914,868,826,0,0,0,0,0,0
853,873,896,768,932,848,772,933,868,822,775,916,870,829,0,0,0,0,0,0
853,873,896,768,932,848,772,933,868,822,775,916,870,829,0,0,0,0,0,0
855,884,904,775,933,857,775,963,870,857,795,921,873,857,0,0,0,0,0,0
855,884,904,775,933,857,775,963,870,857,795,921,873,857,0,0,0,0,0,0
863,901,909,812,935,858,791,972,873,858,807,932,874,871,0,0,0,0,0,0
863,901,909,812,935,858,791,972,873,858,807,932,874,871,0,0,0,0,0,0
0,906,914,814,957,874,795,977,874,0,810,935,884,0,0,0,0,0,0,0
0,906,914,814,957,874,795,977,874,0,810,935,884,0,0,0,0,0,0,0
886,908,925,843,967,885,796,994,884,904,812,963,890,885,0,0,0,0,0,0
886,908,925,843,967,885,796,994,884,904,812,963,890,885,0,0,0,0,0,0
887,911,930,851,977,896,807,996,890,905,843,967,901,896,0,0,0,0,0,0
887,911,930,851,977,896,807,996,890,905,843,967,901,896,0,0,0,0,0,0
890,931,936,866,986,906,812,1003,901,906,851,972,913,904,0,0,0,0,0,0
890,931,936,866,986,906,812,1003,901,906,851,972,913,904,0,0,0,0,0,0
907,935,940,868,996,909,826,1006,911,907,866,977,915,905,0,0,0,0,0,0
907,935,940,868,996,909,826,1006,911,907,866,977,915,905,0,0,0,0,0,0
916,957,953,872,1003,925,843,1014,913,909,872,994,928,907,0,0,0,0,0,0
916,957,953,872,1003,925,843,1014,913,909,872,994,928,907,0,0,0,0,0,0
923,967,960,886,1009,928,851,1035,915,923,887,996,933,911,0,0,0,0,0,0
923,967,960,886,1009,928,851,1035,915,923,887,996,933,911,0,0,0,0,0,0
929,986,963,887,1022,930,866,1037,928,925,897,1003,951,923,0,0,0,0,0,0
929,986,963,887,1022,930,866,1037,928,925,897,1003,951,923,0,0,0,0,0,0
946,990,980,892,1024,936,871,1041,965,930,912,1006,965,929,0,0,0,0,0,0
946,990,980,892,1024,936,871,1041,965,930,912,1006,965,929,0,0,0,0,0,0
950,1005,983,897,1028,953,872,1047,969,940,920,1014,969,936,0,0,0,0,0,0
950,1005,983,897,1028,953,872,1047,969,940,920,1014,969,936,0,0,0,0,0,0
966,1008,994,912,1035,960,892,1051,978,946,926,1023,978,940,0,0,0,0,0,0
966,1008,994,912,1035,960,892,1051,978,946,926,1023,978,940,0,0,0,0,0,0
969,1009,1013,920,1041,965,897,1057,990,953,931,1035,990,946,0,0,0,0,0,0
969,1009,1013,920,1041,965,897,1057,990,953,931,1035,990,946,0,0,0,0,0,0
972,1018,1016,926,1051,980,912,1062,1008,966,941,1037,1016,960,0,0,0,0,0,0
972,1018,1016,926,1051,980,912,1062,1008,966,941,1037,1016,960,0,0,0,0,0,0
978,1024,1049,941,1062,983,920,1064,1009,980,950,1041,1018,966,0,0,0,0,0,0
978,1024,1049,941,1062,983,920,1064,1009,980,950,1041,1018,966,0,0,0,0,0,0
1014,1028,1057,950,1063,1013,926,1068,1018,983,957,1057,1021,986,0,0,0,0,0,0
1014,1028,1057,950,1063,1013,926,1068,1018,983,957,1057,1021,986,0,0,0,0,0,0
1021,1032,1068,951,1064,1016,941,1106,1021,1005,961,1059,1022,1005,0,0,0,0,0,0
1021,1032,1068,951,1064,1016,941,1106,1021,1005,961,1059,1022,1005,0,0,0,0,0,0
1023,1048,1076,961,1079,1023,951,1108,1022,1032,971,1062,1029,1008,0,0,0,0,0,0
1023,1048,1076,961,1079,1023,951,1108,1022,1032,971,1062,1029,1008,0,0,0,0,0,0
1031,1063,1080,971,1086,1027,961,1109,1024,1048,975,1064,1031,1013,0,0,0,0,0,0
1031,1063,1080,971,1086,1027,961,1109,1024,1048,975,1064,1031,1013,0,0,0,0,0,0
1045,1075,1095,975,1103,1029,971,1111,1027,1049,984,1068,1045,1027,0,0,0,0,0,0
1045,1075,1095,975,1103,1029,971,1111,1027,1049,984,1068,1045,1027,0,0,0,0,0,0
1047,1079,1104,984,1112,1049,975,1120,1028,1079,995,1104,1047,1032,0,0,0,0,0,0
1047,1079,1104,984,1112,1049,975,1120,1028,1079,995,1104,1047,1032,0,0,0,0,0,0
1056,1086,1118,995,1114,1080,984,1130,1029,1085,1002,1106,1075,1048,0,0,0,0,0,0
1056,1086,1118,995,1114,1080,984,1130,1029,1085,1002,1106,1075,1048,0,0,0,0,0,0
1067,1090,1127,1002,1125,1090,995,1151,1031,1090,1012,1108,1076,1051,0,0,0,0,0,0
1067,1090,1127,1002,1125,1090,995,1151,1031,1090,1012,1108,1076,1051,0,0,0,0,0,0
1085,1094,1132,1006,1129,1095,1002,1155,1045,1102,1020,1109,1080,1056,0,0,0,0,0,0
1085,1094,1132,1006,1129,1095,1002,1155,1045,1102,1020,1109,1080,1056,0,0,0,0,0,0
1091,1103,1134,1012,1130,1104,1012,1171,1056,1118,1043,1111,1091,1085,0,0,0,0,0,0
1091,1103,1134,1012,1130,1104,1012,1171,1056,1118,1043,1111,1091,1085,0,0,0,0,0,0
1101,1106,1142,1020,1150,1118,1020,1176,1063,1127,1058,1120,1094,1095,0,0,0,0,0,0
1101,1106,1142,1020,1150,1118,1020,1176,1063,1127,1058,1120,1094,1095,0,0,0,0,0,0
1102,1108,1144,1037,1162,1127,1043,1196,1075,1132,1061,1130,1101,1102,0,0,0,0,0,0
1102,1108,1144,1037,1162,1127,1043,1196,1075,1132,1061,1130,1101,1102,0,0,0,0,0,0
1109,1114,1149,1043,1167,1132,1058,1200,1076,1133,1065,1151,1112,1133,0,0,0,0,0,0
1109,1114,1149,1043,1167,1132,1058,1200,1076,1133,1065,1151,1112,1133,0,0,0,0,0,0
1120,1123,1155,1058,1176,1134,1059,1210,1091,1134,1067,1155,1121,1142,0,0,0,0,0,0
1120,1123,1155,1058,1176,1134,1059,1210,1091,1134,1067,1155,1121,1142,0,0,0,0,0,0
1121,1125,1157,1059,1182,1149,1061,1211,1094,1142,1086,1171,1123,1144,0,0,0,0,0,0
1121,1125,1157,1059,1182,1149,1061,1211,1094,1142,1086,1171,1123,1144,0,0,0,0,0,0
1131,1126,1163,1061,1185,1157,1065,1215,1101,1144,1099,1176,1126,1147,0,0,0,0,0,0
1131,1126,1163,1061,1185,1157,1065,1215,1101,1144,1099,1176,1126,1147,0,0,0,0,0,0
1151,1129,1170,1065,1188,1163,1099,1219,1112,1147,1103,1196,1129,1157,0,0,0,0,0,0
1151,1129,1170,1065,1188,1163,1099,1219,1112,1147,1103,1196,1129,1157,0,0,0,0,0,0
1156,1133,1173,1067,1193,1170,1116,1226,1121,1149,1114,1210,1131,1167,0,0,0,0,0,0
1156,1133,1173,1067,1193,1170,1116,1226,1121,1149,1114,1210,1131,1167,0,0,0,0,0,0
1160,1147,1179,1099,1200,1173,1119,1228,1123,1163,1116,1211,1152,1173,0,0,0,0,0,0
1160,1147,1179,1099,1200,1173,1119,1228,1123,1163,1116,1211,1152,1173,0,0,0,0,0,0
1166,1150,1189,1111,1202,1179,1135,1230,1125,1170,1119,1215,1156,1178,0,0,0,0,0,0
1166,1150,1189,1111,1202,1179,1135,1230,1125,1170,1119,1215,1156,1178,0,0,0,0,0,0
1171,1152,1190,1116,1211,1189,1137,1239,1126,1178,1135,1219,1160,0,0,0,0,0,0,0
1171,1152,1190,1116,1211,1189,1137,1239,1126,1178,1135,1219,1160,0,0,0,0,0,0,0
1177,1162,1194,1119,1219,1190,1139,1244,1131,1179,1137,1226,1166,1186,0,0,0,0,0,0
1177,1162,1194,1119,1219,1190,1139,1244,1131,1179,1137,1226,1166,1186,0,0,0,0,0,0
1187,1167,1195,1135,1228,1194,1143,1248,1150,1186,1139,1228,1172,1191,0,0,0,0,0,0
1187,1167,1195,1135,1228,1194,1143,1248,1150,1186,1139,1228,1172,1191,0,0,0,0,0,0
1201,1172,1197,1137,1230,1195,1158,1252,1152,1189,1143,1230,1177,1195,0,0,0,0,0,0
1201,1172,1197,1137,1230,1195,1158,1252,1152,1189,1143,1230,1177,1195,0,0,0,0,0,0
1210,1178,1198,1139,1232,1198,1164,1254,1156,1190,1158,1239,1185,1197,0,0,0,0,0,0
1210,1178,1198,1139,1232,1198,1164,1254,1156,1190,1158,1239,1185,1197,0,0,0,0,0,0
1215,1182,1208,1143,1239,1213,1169,1256,1160,1191,1162,1244,1200,1198,0,0,0,0,0,0
1215,1182,1208,1143,1239,1213,1169,1256,1160,1191,1162,1244,1200,1198,0,0,0,0,0,0
1221,1188,1217,1158,1244,1217,0,1261,1166,1194,1164,1248,1206,1201,0,0,0,0,0,0
1221,1188,1217,1158,1244,1217,0,1261,1166,1194,1164,1248,1206,1201,0,0,0,0,0,0
1231,1193,1223,1164,1246,1223,1184,1267,1172,1197,1169,1252,1207,1208,0,0,0,0,0,0
1231,1193,1223,1164,1246,1223,1184,1267,1172,1197,1169,1252,1207,1208,0,0,0,0,0,0
1245,1196,1233,1169,1251,1233,1186,1273,1177,1201,1184,1254,1217,1213,0,0,0,0,0,0
1245,1196,1233,1169,1251,1233,1186,1273,1177,1201,1184,1254,1217,1213,0,0,0,0,0,0
1247,1202,1242,0,1252,1242,1191,1278,1182,1208,1187,1255,1221,1222,0,0,0,0,0,0
1247,1202,1242,0,1252,1242,1191,1278,1182,1208,1187,1255,1221,1222,0,0,0,0,0,0
1251,1206,1255,1184,1254,1255,1204,1283,1185,1213,1193,1256,1231,1232,0,0,0,0,0,0
1251,1206,1255,1184,1254,1255,1204,1283,1185,1213,1193,1256,1231,1232,0,0,0,0,0,0
1253,1207,1258,1187,1256,1258,1218,1288,1188,1222,1202,1261,1236,1241,0,0,0,0,0,0
1253,1207,1258,1187,1256,1258,1218,1288,1188,1222,1202,1261,1236,1241,0,0,0,0,0,0
1260,1222,1265,1204,1261,1265,1224,1292,1206,1223,1204,1267,1253,1250,0,0,0,0,0,0
1260,1222,1265,1204,1261,1265,1224,1292,1206,1223,1204,1267,1253,1250,0,0,0,0,0,0
1262,1226,1270,1218,1267,1270,1227,1297,1207,1233,1218,1273,1260,1263,0,0,0,0,0,0
1262,1226,1270,1218,1267,1270,1227,1297,1207,1233,1218,1273,1260,1263,0,0,0,0,0,0
1264,1232,1275,1224,1269,1275,1238,1303,1221,1241,1224,1278,1262,1269,0,0,0,0,0,0
1264,1232,1275,1224,1269,1275,1238,1303,1221,1241,1224,1278,1262,1269,0,0,0,0,0,0
1268,1236,1281,1227,1278,1281,1243,1304,1231,1242,1227,1283,1268,1275,0,0,0,0,0,0
1268,1236,1281,1227,1278,1281,1243,1304,1231,1242,1227,1283,1268,1275,0,0,0,0,0,0
1273,1241,1290,1238,1283,1290,1247,1305,1236,1263,1238,1288,1274,1280,0,0,0,0,0,0
1273,1241,1290,1238,1283,1290,1247,1305,1236,1263,1238,1288,1274,1280,0,0,0,0,0,0
1276,1246,1295,1243,1285,1295,1250,1316,1245,1265,1243,1292,1276,1285,0,0,0,0,0,0
1276,1246,1295,1243,1285,1295,1250,1316,1245,1265,1243,1292,1276,1285,0,0,0,0,0,0
1279,1248,1301,1245,1292,1301,1259,1319,1246,1270,1247,1297,1279,1290,0,0,0,0,0,0
1279,1248,1301,1245,1292,1301,1259,1319,1246,1270,1247,1297,1279,1290,0,0,0,0,0,0
1284,1263,1307,1250,1297,1310,1264,1328,1251,1280,1258,1304,1284,1294,0,0,0,0,0,0
1284,1263,1307,1250,1297,1310,1264,1328,1251,1280,1258,1304,1284,1294,0,0,0,0,0,0
1288,1269,1317,1259,1303,1315,1271,1335,1253,1281,1259,1305,1289,1303,0,0,0,0,0,0
1288,1269,1317,1259,1303,1315,1271,1335,1253,1281,1259,1305,1289,1303,0,0,0,0,0,0
1293,1274,1322,1271,1304,1317,1277,1338,1260,1294,1264,1316,1293,1307,0,0,0,0,0,0
1293,1274,1322,1271,1304,1317,1277,1338,1260,1294,1264,1316,1293,1307,0,0,0,0,0,0
1298,1280,1324,1277,1305,1322,1287,1342,1262,1295,1271,1319,1298,1310,0,0,0,0,0,0
1298,1280,1324,1277,1305,1322,1287,1342,1262,1295,1271,1319,1298,1310,0,0,0,0,0,0
1299,1285,1326,1287,1309,1324,1291,1346,1268,1301,1277,1328,1308,1312,0,0,0,0,0,0
1299,1285,1326,1287,1309,1324,1291,1346,1268,1301,1277,1328,1308,1312,0,0,0,0,0,0
1308,1289,1331,1291,1319,1326,1296,1350,1274,1310,1287,1335,1317,1315,0,0,0,0,0,0
1308,1289,1331,1291,1319,1326,1296,1350,1274,1310,1287,1335,1317,1315,0,0,0,0,0,0
1309,1294,1332,1296,1328,1331,1302,1354,1276,1315,1291,1338,1320,1321,0,0,0,0,0,0
1309,1294,1332,1296,1328,1331,1302,1354,1276,1315,1291,1338,1320,1321,0,0,0,0,0,0
1311,1312,1344,1299,1330,1332,1311,1358,1279,1321,1296,1342,1329,1330,0,0,0,0,0,0
1311,1312,1344,1299,1330,1332,1311,1358,1279,1321,1296,1342,1329,1330,0,0,0,0,0,0
1320,1316,1352,1302,1338,1344,1312,1363,1284,1322,1299,1346,1331,1344,0,0,0,0,0,0
1320,1316,1352,1302,1338,1344,1312,1363,1284,1322,1299,1346,1331,1344,0,0,0,0,0,0
1329,1321,1359,1314,1346,1352,1314,1365,1289,1324,1302,1354,1336,1349,0,0,0,0,0,0
1329,1321,1359,1314,1346,1352,1314,1365,1289,1324,1302,1354,1336,1349,0,0,0,0,0,0
1335,1330,1371,1318,1350,1367,1318,1366,1293,1326,1311,1358,1343,1350,0,0,0,0,0,0
1335,1330,1371,1318,1350,1367,1318,1366,1293,1326,1311,1358,1343,1350,0,0,0,0,0,0
1342,1336,1378,1327,1354,1371,1327,1374,1298,1332,1314,1363,1347,1351,0,0,0,0,0,0
1342,1336,1378,1327,1354,1371,1327,1374,1298,1332,1314,1363,1347,1351,0,0,0,0,0,0
1343,1348,1380,1333,1356,1380,1333,1375,1307,1349,1318,1365,1348,1356,0,0,0,0,0,0
1343,1348,1380,1333,1356,1380,1333,1375,1307,1349,1318,1365,1348,1356,0,0,0,0,0,0
1347,1349,1385,1345,1365,1389,1345,1377,1308,1351,1327,1366,1355,1369,0,0,0,0,0,0
1347,1349,1385,1345,1365,1389,1345,1377,1308,1351,1327,1366,1355,1369,0,0,0,0,0,0
1355,1356,1391,1353,1366,1391,1351,1378,1309,1352,1333,1374,1359,1380,0,0,0,0,0,0
1355,1356,1391,1353,1366,1391,1351,1378,1309,1352,1333,1374,1359,1380,0,0,0,0,0,0
1363,1370,1395,1358,1370,1395,1353,1383,1320,1369,1345,1375,1367,1385,0,0,0,0,0,0
1363,1370,1395,1358,1370,1395,1353,1383,1320,1369,1345,1375,1367,1385,0,0,0,0,0,0
1369,1375,1396,1361,1376,1396,1361,1388,1329,1371,1353,1377,1376,1386,0,0,0,0,0,0
1369,1375,1396,1361,1376,1396,1361,1388,1329,1371,1353,1377,1376,1386,0,0,0,0,0,0
1374,1376,1403,1368,1382,1403,1368,1398,1336,1385,1361,1378,1379,1390,0,0,0,0,0,0
1374,1376,1403,1368,1382,1403,1368,1398,1336,1385,1361,1378,1379,1390,0,0,0,0,0,0
1377,1379,1408,1372,1386,1414,1372,1406,1343,1390,1368,1382,1389,1396,0,0,0,0,0,0
1377,1379,1408,1372,1386,1414,1372,1406,1343,1390,1368,1382,1389,1396,0,0,0,0,0,0
1383,1382,1418,1381,1388,1416,1381,1412,1347,1395,1372,1383,1399,1403,0,0,0,0,0,0
1383,1382,1418,1381,1388,1416,1381,1412,1347,1395,1372,1383,1399,1403,0,0,0,0,0,0
1390,1386,1421,1387,1392,1418,1387,1415,1348,1408,1381,1388,1400,1408,0,0,0,0,0,0
1390,1386,1421,1387,1392,1418,1387,1415,1348,1408,1381,1388,1400,1408,0,0,0,0,0,0
1398,1392,1425,1393,1400,1421,1393,1423,1355,1417,1387,1391,1402,1419,0,0,0,0,0,0
1398,1392,1425,1393,1400,1421,1393,1423,1355,1417,1387,1391,1402,1419,0,0,0,0,0,0
1402,1399,1430,1397,1412,1425,1397,1427,1359,1421,1393,1398,1407,1425,0,0,0,0,0,0
1402,1399,1430,1397,1412,1425,1397,1427,1359,1421,1393,1398,1407,1425,0,0,0,0,0,0
1406,1400,1432,1405,1415,1430,1405,1434,1367,1429,1397,1406,1410,1429,0,0,0,0,0,0
1406,1400,1432,1405,1415,1430,1405,1434,1367,1429,1397,1406,1410,1429,0,0,0,0,0,0
1414,1407,1433,1409,1417,1432,1409,1446,1370,1430,1405,1412,1411,1438,0,0,0,0,0,0
1414,1407,1433,1409,1417,1432,1409,1446,1370,1430,1405,1412,1411,1438,0,0,0,0,0,0
1423,1410,1436,1413,1419,1435,1426,1454,1379,1432,1409,1414,1413,1439,0,0,0,0,0,0
1423,1410,1436,1413,1419,1435,1426,1454,1379,1432,1409,1414,1413,1439,0,0,0,0,0,0
1428,1411,1440,1426,1427,1436,1438,1456,1389,1436,1426,1415,1416,1446,0,0,0,0,0,0
1428,1411,1440,1426,1427,1436,1438,1456,1389,1436,1426,1415,1416,1446,0,0,0,0,0,0
1431,1417,1444,1431,1442,1439,1441,1458,1392,1439,1431,1423,1418,1452,0,0,0,0,0,0
1431,1417,1444,1431,1442,1439,1441,1458,1392,1439,1431,1423,1418,1452,0,0,0,0,0,0
1448,1419,1450,1434,1446,1440,1445,1459,1399,1444,1440,1427,1424,1460,0,0,0,0,0,0
1448,1419,1450,1434,1446,1440,1445,1459,1399,1444,1440,1427,1424,1460,0,0,0,0,0,0
1457,1424,1452,1438,1449,1444,1452,1463,1402,1450,1441,1449,1428,1465,0,0,0,0,0,0
1457,1424,1452,1438,1449,1444,1452,1463,1402,1450,1441,1449,1428,1465,0,0,0,0,0,0
1464,1429,1453,1441,1451,1450,1455,1471,1407,1453,1445,1454,1433,1469,0,0,0,0,0,0
1464,1429,1453,1441,1451,1450,1455,1471,1407,1453,1445,1454,1433,1469,0,0,0,0,0,0
1466,1449,1461,1445,1456,1453,1462,1474,1410,1460,1451,1456,1434,1470,0,0,0,0,0,0
1466,1449,1461,1445,1456,1453,1462,1474,1410,1460,1451,1456,1434,1470,0,0,0,0,0,0
1472,1451,1468,1454,1459,1461,1465,1482,1411,1465,1455,1458,1435,1472,0,0,0,0,0,0
1472,1451,1468,1454,1459,1461,1465,1482,1411,1465,1455,1458,1435,1472,0,0,0,0,0,0
1474,1458,1469,1455,1463,1468,1477,1483,1413,1468,1461,1459,1442,1479,0,0,0,0,0,0
1474,1458,1469,1455,1463,1468,1477,1483,1413,1468,1461,1459,1442,1479,0,0,0,0,0,0
1483,1460,1471,1462,1467,1469,1478,1489,1416,1472,1462,1463,1448,1480,0,0,0,0,0,0
1483,1460,1471,1462,1467,1469,1478,1489,1416,1472,1462,1463,1448,1480,0,0,0,0,0,0
1485,1467,1473,1466,1475,1470,1488,1496,1424,1473,1466,1474,1457,1486,0,0,0,0,0,0
1485,1467,1473,1466,1475,1470,1488,1496,1424,1473,1466,1474,1457,1486,0,0,0,0,0,0
1489,1470,1476,1478,1479,1473,1493,1499,1428,1476,1475,1482,1464,1491,0,0,0,0,0,0
1489,1470,1476,1478,1479,1473,1493,1499,1428,1476,1475,1482,1464,1491,0,0,0,0,0,0
1497,1475,1477,1488,1482,1476,1495,1503,1433,1487,1477,1489,1471,1494,0,0,0,0,0,0
1497,1475,1477,1488,1482,1476,1495,1503,1433,1487,1477,1489,1471,1494,0,0,0,0,0,0
1503,1479,1487,1493,1486,1480,1498,1504,1435,1494,1478,1496,1483,1500,0,0,0,0,0,0
1503,1479,1487,1493,1486,1480,1498,1504,1435,1494,1478,1496,1483,1500,0,0,0,0,0,0
1506,1480,1491,1495,1496,1487,1502,1511,1442,1500,1488,1499,1485,1504,0,0,0,0,0,0
1506,1480,1491,1495,1496,1487,1502,1511,1442,1500,1488,1499,1485,1504,0,0,0,0,0,0
1511,1486,1501,1498,1499,1491,1505,1515,1448,1501,1493,1503,1490,1505,0,0,0,0,0,0
1511,1486,1501,1498,1499,1491,1505,1515,1448,1501,1493,1503,1490,1505,0,0,0,0,0,0
1515,1490,1509,1502,1504,1501,1510,1516,1457,1505,1495,1508,1492,1514,0,0,0,0,0,0
1515,1490,1509,1502,1504,1501,1510,1516,1457,1505,1495,1508,1492,1514,0,0,0,0,0,0
1520,1492,1514,1510,1508,1509,1517,1518,1464,1509,1498,1511,1497,1522,0,0,0,0,0,0
1520,1492,1514,1510,1508,1509,1517,1518,1464,1509,1498,1511,1497,1522,0,0,0,0,0,0
1526,1494,1521,1517,1516,1513,1524,1519,1467,1521,1502,1515,1506,1527,0,0,0,0,0,0
1526,1494,1521,1517,1516,1513,1524,1519,1467,1521,1502,1515,1506,1527,0,0,0,0,0,0
1529,1500,1523,1524,1518,1514,1534,1525,1485,1522,1510,1516,1507,1536,0,0,0,0,0,0
1529,1500,1523,1524,1518,1514,1534,1525,1485,1522,1510,1516,1507,1536,0,0,0,0,0,0
1531,1507,1528,1529,1525,1521,1535,1530,1490,1523,1517,1518,1512,1547,0,0,0,0,0,0
1531,1507,1528,1529,1525,1521,1535,1530,1490,1523,1517,1518,1512,1547,0,0,0,0,0,0
1534,1508,1539,1532,1527,1523,1538,1531,1492,1528,1524,1519,1513,1551,0,0,0,0,0,0
1534,1508,1539,1532,1527,1523,1538,1531,1492,1528,1524,1519,1513,1551,0,0,0,0,0,0
1537,1512,1540,1535,1530,1528,1539,1532,1497,1540,1534,1525,1520,1552,0,0,0,0,0,0
1537,1512,1540,1535,1530,1528,1539,1532,1497,1540,1534,1525,1520,1552,0,0,0,0,0,0
1543,1519,1541,1536,1533,1540,1542,1533,1506,1541,1538,1530,1526,1553,0,0,0,0,0,0
1543,1519,1541,1536,1533,1540,1542,1533,1506,1541,1538,1530,1526,1553,0,0,0,0,0,0
1550,1522,1546,1537,1545,1541,1548,1536,1507,1546,1539,1532,1529,1557,0,0,0,0,0,0
1550,1522,1546,1537,1545,1541,1548,1536,1507,1546,1539,1532,1529,1557,0,0,0,0,0,0
1557,1527,1547,1538,1549,1546,1560,1543,1512,1551,1542,1533,1531,1560,0,0,0,0,0,0
1557,1527,1547,1538,1549,1546,1560,1543,1512,1551,1542,1533,1531,1560,0,0,0,0,0,0
1558,1544,1551,1542,1556,1547,1565,1549,1513,1553,1548,1537,1535,1561,0,0,0,0,0,0
1558,1544,1551,1542,1556,1547,1565,1549,1513,1553,1548,1537,1535,1561,0,0,0,0,0,0
1559,1545,1552,1548,1558,1552,1570,1556,1520,1554,1563,1543,1544,1566,0,0,0,0,0,0
1559,1545,1552,1548,1558,1552,1570,1556,1520,1554,1563,1543,1544,1566,0,0,0,0,0,0
1561,1553,1554,1560,1563,1554,1574,1562,1526,1561,1565,1545,1550,1568,0,0,0,0,0,0
1561,1553,1554,1560,1563,1554,1574,1562,1526,1561,1565,1545,1550,1568,0,0,0,0,0,0
1562,1563,1564,1565,1575,1564,1591,1566,1544,1564,1570,1549,1559,1569,0,0,0,0,0,0
1562,1563,1564,1565,1575,1564,1591,1566,1544,1564,1570,1549,1559,1569,0,0,0,0,0,0
1566,1568,1569,1570,1581,1569,1593,1567,1550,1578,1574,1556,1572,1573,0,0,0,0,0,0
1566,1568,1569,1570,1581,1569,1593,1567,1550,1578,1574,1556,1572,1573,0,0,0,0,0,0
1567,1572,1573,1574,1587,1573,1596,1568,1557,1579,1591,1562,1576,1578,0,0,0,0,0,0
1567,1572,1573,1574,1587,1573,1596,1568,1557,1579,1591,1562,1576,1578,0,0,0,0,0,0
1571,1578,1576,1591,1590,1579,1597,1571,1558,1588,1593,1567,1577,1584,0,0,0,0,0,0
1571,1578,1576,1591,1590,1579,1597,1571,1558,1588,1593,1567,1577,1584,0,0,0,0,0,0
1577,1585,1579,1593,1592,1582,1598,1575,1559,1605,1596,1571,1583,1587,0,0,0,0,0,0
1577,1585,1579,1593,1592,1582,1598,1575,1559,1605,1596,1571,1583,1587,0,0,0,0,0,0
1584,1587,1582,1596,1599,1583,1600,1581,1572,1608,1597,1575,1586,1604,0,0,0,0,0,0
1584,1587,1582,1596,1599,1583,1600,1581,1572,1608,1597,1575,1586,1604,0,0,0,0,0,0
1586,1592,1588,1597,1601,1584,1602,1585,1576,1611,1598,1581,1590,1608,0,0,0,0,0,0
1586,1592,1588,1597,1601,1584,1602,1585,1576,1611,1598,1581,1590,1608,0,0,0,0,0,0
1594,1599,1589,1598,1603,1588,1606,1589,1577,1616,1600,1582,1592,1610,0,0,0,0,0,0
1594,1599,1589,1598,1603,1588,1606,1589,1577,1616,1600,1582,1592,1610,0,0,0,0,0,0
1602,1603,1595,1600,1604,1595,1612,1594,1583,1617,1602,1585,1595,1616,0,0,0,0,0,0
1602,1603,1595,1600,1604,1595,1612,1594,1583,1617,1602,1585,1595,1616,0,0,0,0,0,0
1609,1604,1605,1606,1608,1605,1613,1601,1586,1621,1606,1589,1603,1620,0,0,0,0,0,0
1609,1604,1605,1606,1608,1605,1613,1601,1586,1621,1606,1589,1603,1620,0,0,0,0,0,0
1613,1607,1611,1609,1610,1611,1618,1614,1590,1622,1612,1594,1607,1621,0,0,0,0,0,0
1613,1607,1611,1609,1610,1611,1618,1614,1590,1622,1612,1594,1607,1621,0,0,0,0,0,0
1621,1610,1617,1612,1615,1617,1619,1620,1599,1624,1613,1601,1609,1622,0,0,0,0,0,0
1621,1610,1617,1612,1615,1617,1619,1620,1599,1624,1613,1601,1609,1622,0,0,0,0,0,0
1625,1614,1619,1618,1620,1623,1624,1625,1607,1627,1618,1614,1615,1624,0,0,0,0,0,0
1625,1614,1619,1618,1620,1623,1624,1625,1607,1627,1618,1614,1615,1624,0,0,0,0,0,0
1629,1616,1627,1628,1622,1627,1628,1629,1615,1632,1619,1625,1623,1631,0,0,0,0,0,0
1629,1616,1627,1628,1622,1627,1628,1629,1615,1632,1619,1625,1623,1631,0,0,0,0,0,0
1634,1626,1631,1632,1626,1631,1633,1634,1623,1633,1628,1629,1626,1632,0,0,0,0,0,0
1634,1626,1631,1632,1626,1631,1633,1634,1623,1633,1628,1629,1626,1632,0,0,0,0,0,0
1637,1630,1635,1634,1636,1635,1637,1636,1630,1635,1637,1636,1630,1633,0,0,0,0,0,0
1637,1630,1635,1634,1636,1635,1637,1636,1630,1635,1637,1636,1630,1633,0,0,0,0,0,0