39,27,91,39,114,91,112,39,27,91,128,114,27,112,0,0,0,0,0,0
39,27,91,39,114,91,112,39,27,91,128,114,27,112,0,0,0,0,0,0
39,27,91,39,114,91,112,39,27,91,128,114,27,112,0,0,0,0,0,0
39,27,91,39,114,91,112,39,27,91,128,114,27,112,0,0,0,0,0,0
39,27,91,39,114,91,112,39,27,91,128,114,27,112,0,0,0,0,0,0
147,162,128,112,139,128,147,114,152,225,147,139,152,225,0,0,0,0,0,0
147,162,128,112,139,128,147,114,152,225,147,139,152,225,0,0,0,0,0,0
147,162,128,112,139,128,147,114,152,225,147,139,152,225,0,0,0,0,0,0
147,162,128,112,139,128,147,114,152,225,147,139,152,225,0,0,0,0,0,0
147,162,128,112,139,128,147,114,152,225,147,139,152,225,0,0,0,0,0,0
152,199,164,187,162,157,187,139,157,226,187,162,157,226,0,0,0,0,0,0
152,199,164,187,162,157,187,139,157,226,187,162,157,226,0,0,0,0,0,0
152,199,164,187,162,157,187,139,157,226,187,162,157,226,0,0,0,0,0,0
152,199,164,187,162,157,187,139,157,226,187,162,157,226,0,0,0,0,0,0
152,199,164,187,162,157,187,139,157,226,187,162,157,226,0,0,0,0,0,0
200,205,268,215,205,281,211,227,164,261,211,227,164,234,0,0,0,0,0,0
200,205,268,215,205,281,211,227,164,261,211,227,164,234,0,0,0,0,0,0
200,205,268,215,205,281,211,227,164,261,211,227,164,234,0,0,0,0,0,0
200,205,268,215,205,281,211,227,164,261,211,227,164,234,0,0,0,0,0,0
200,205,268,215,205,281,211,227,164,261,211,227,164,234,0,0,0,0,0,0
211,213,281,225,234,283,215,257,199,280,215,257,199,261,0,0,0,0,0,0
211,213,281,225,234,283,215,257,199,280,215,257,199,261,0,0,0,0,0,0
211,213,281,225,234,283,215,257,199,280,215,257,199,261,0,0,0,0,0,0
211,213,281,225,234,283,215,257,199,280,215,257,199,261,0,0,0,0,0,0
211,213,281,225,234,283,215,257,199,280,215,257,199,261,0,0,0,0,0,0
234,227,283,289,254,287,226,276,200,283,281,276,200,280,0,0,0,0,0,0
234,227,283,289,254,287,226,276,200,283,281,276,200,280,0,0,0,0,0,0
234,227,283,289,254,287,226,276,200,283,281,276,200,280,0,0,0,0,0,0
234,227,283,289,254,287,226,276,200,283,281,276,200,280,0,0,0,0,0,0
234,227,283,289,254,287,226,276,200,283,281,276,200,280,0,0,0,0,0,0
235,254,287,298,293,288,280,284,205,287,289,293,213,301,0,0,0,0,0,0
235,254,287,298,293,288,280,284,205,287,289,293,213,301,0,0,0,0,0,0
235,254,287,298,293,288,280,284,205,287,289,293,213,301,0,0,0,0,0,0
235,254,287,298,293,288,280,284,205,287,289,293,213,301,0,0,0,0,0,0
235,254,287,298,293,288,280,284,205,287,289,293,213,301,0,0,0,0,0,0
257,261,288,303,306,291,289,293,213,288,298,313,235,306,0,0,0,0,0,0
257,261,288,303,306,291,289,293,213,288,298,313,235,306,0,0,0,0,0,0
257,261,288,303,306,291,289,293,213,288,298,313,235,306,0,0,0,0,0,0
257,261,288,303,306,291,289,293,213,288,298,313,235,306,0,0,0,0,0,0
257,261,288,303,306,291,289,293,213,288,298,313,235,306,0,0,0,0,0,0
284,276,316,321,313,316,298,313,235,301,303,318,254,316,0,0,0,0,0,0
284,276,316,321,313,316,298,313,235,301,303,318,254,316,0,0,0,0,0,0
284,276,316,321,313,316,298,313,235,301,303,318,254,316,0,0,0,0,0,0
284,276,316,321,313,316,298,313,235,301,303,318,254,316,0,0,0,0,0,0
284,276,316,321,313,316,298,313,235,301,303,318,254,316,0,0,0,0,0,0
300,301,351,359,318,345,303,318,268,321,359,328,268,321,0,0,0,0,0,0
300,301,351,359,318,345,303,318,268,321,359,328,268,321,0,0,0,0,0,0
300,301,351,359,318,345,303,318,268,321,359,328,268,321,0,0,0,0,0,0
300,301,351,359,318,345,303,318,268,321,359,328,268,321,0,0,0,0,0,0
300,301,351,359,318,345,303,318,268,321,359,328,268,321,0,0,0,0,0,0
345,306,372,365,328,351,359,328,291,351,365,350,284,381,0,0,0,0,0,0
345,306,372,365,328,351,359,328,291,351,365,350,284,381,0,0,0,0,0,0
345,306,372,365,328,351,359,328,291,351,365,350,284,381,0,0,0,0,0,0
345,306,372,365,328,351,359,328,291,351,365,350,284,381,0,0,0,0,0,0
345,306,372,365,328,351,359,328,291,351,365,350,284,381,0,0,0,0,0,0
349,311,376,373,341,372,365,386,300,381,373,376,291,386,0,0,0,0,0,0
349,311,376,373,341,372,365,386,300,381,373,376,291,386,0,0,0,0,0,0
349,311,376,373,341,372,365,386,300,381,373,376,291,386,0,0,0,0,0,0
349,311,376,373,341,372,365,386,300,381,373,376,291,386,0,0,0,0,0,0
349,311,376,373,341,372,365,386,300,381,373,376,291,386,0,0,0,0,0,0
367,341,382,386,350,376,373,395,311,382,399,395,300,397,0,0,0,0,0,0
367,341,382,386,350,376,373,395,311,382,399,395,300,397,0,0,0,0,0,0
367,341,382,386,350,376,373,395,311,382,399,395,300,397,0,0,0,0,0,0
367,341,382,386,350,376,373,395,311,382,399,395,300,397,0,0,0,0,0,0
367,341,382,386,350,376,373,395,311,382,399,395,300,397,0,0,0,0,0,0
396,350,393,399,395,382,399,402,341,393,401,402,311,405,0,0,0,0,0,0
396,350,393,399,395,382,399,402,341,393,401,402,311,405,0,0,0,0,0,0
396,350,393,399,395,382,399,402,341,393,401,402,311,405,0,0,0,0,0,0
396,350,393,399,395,382,399,402,341,393,401,402,311,405,0,0,0,0,0,0
396,350,393,399,395,382,399,402,341,393,401,402,311,405,0,0,0,0,0,0
402,355,403,401,397,393,401,403,349,408,427,403,345,408,0,0,0,0,0,0
402,355,403,401,397,393,401,403,349,408,427,403,345,408,0,0,0,0,0,0
402,355,403,401,397,393,401,403,349,408,427,403,345,408,0,0,0,0,0,0
402,355,403,401,397,393,401,403,349,408,427,403,345,408,0,0,0,0,0,0
402,355,403,401,397,393,401,403,349,408,427,403,345,408,0,0,0,0,0,0
416,381,405,416,404,405,433,421,355,410,433,416,349,410,0,0,0,0,0,0
416,381,405,416,404,405,433,421,355,410,433,416,349,410,0,0,0,0,0,0
416,381,405,416,404,405,433,421,355,410,433,416,349,410,0,0,0,0,0,0
416,381,405,416,404,405,433,421,355,410,433,416,349,410,0,0,0,0,0,0
416,381,405,416,404,405,433,421,355,410,433,416,349,410,0,0,0,0,0,0
426,397,408,433,413,410,444,430,367,420,456,421,355,426,0,0,0,0,0,0
426,397,408,433,413,410,444,430,367,420,456,421,355,426,0,0,0,0,0,0
426,397,408,433,413,410,444,430,367,420,456,421,355,426,0,0,0,0,0,0
426,397,408,433,413,410,444,430,367,420,456,421,355,426,0,0,0,0,0,0
426,397,408,433,413,410,444,430,367,420,456,421,355,426,0,0,0,0,0,0
430,421,420,444,427,420,468,435,396,426,468,430,367,437,0,0,0,0,0,0
430,421,420,444,427,420,468,435,396,426,468,430,367,437,0,0,0,0,0,0
430,421,420,444,427,420,468,435,396,426,468,430,367,437,0,0,0,0,0,0
430,421,420,444,427,420,468,435,396,426,468,430,367,437,0,0,0,0,0,0
430,421,420,444,427,420,468,435,396,426,468,430,367,437,0,0,0,0,0,0
440,427,438,468,435,438,475,440,404,437,475,435,372,440,0,0,0,0,0,0
440,427,438,468,435,438,475,440,404,437,475,435,372,440,0,0,0,0,0,0
440,427,438,468,435,438,475,440,404,437,475,435,372,440,0,0,0,0,0,0
440,427,438,468,435,438,475,440,404,437,475,435,372,440,0,0,0,0,0,0
440,427,438,468,435,438,475,440,404,437,475,435,372,440,0,0,0,0,0,0
470,437,455,475,445,455,476,454,413,438,476,454,396,444,0,0,0,0,0,0
470,437,455,475,445,455,476,454,413,438,476,454,396,444,0,0,0,0,0,0
470,437,455,475,445,455,476,454,413,438,476,454,396,444,0,0,0,0,0,0
470,437,455,475,445,455,476,454,413,438,476,454,396,444,0,0,0,0,0,0
470,437,455,475,445,455,476,454,413,438,476,454,396,444,0,0,0,0,0,0
512,445,456,481,447,456,487,459,465,445,510,459,404,461,0,0,0,0,0,0
512,445,456,481,447,456,487,459,465,445,510,459,404,461,0,0,0,0,0,0
512,445,456,481,447,456,487,459,465,445,510,459,404,461,0,0,0,0,0,0
512,445,456,481,447,456,487,459,465,445,510,459,404,461,0,0,0,0,0,0
524,447,466,487,447,466,500,459,465,455,512,459,404,461,0,0,0,0,0,0
524,447,466,487,459,466,500,486,470,455,512,486,413,487,0,0,0,0,0,0
524,447,466,487,459,466,500,486,470,455,512,486,413,487,0,0,0,0,0,0
524,447,466,487,459,466,500,486,470,455,512,486,413,487,0,0,0,0,0,0
534,454,474,500,459,474,503,486,470,461,513,486,413,487,0,0,0,0,0,0
534,454,474,500,459,474,503,486,470,461,513,486,413,487,0,0,0,0,0,0
534,454,474,500,480,474,503,495,479,461,513,495,447,493,0,0,0,0,0,0
534,454,474,500,480,474,503,495,479,461,513,495,447,493,0,0,0,0,0,0
540,461,476,512,480,489,528,495,479,466,528,495,447,493,0,0,0,0,0,0
540,461,476,512,480,489,528,495,479,466,528,495,447,493,0,0,0,0,0,0
540,461,476,512,480,489,528,495,479,466,528,495,447,493,0,0,0,0,0,0
540,461,476,512,493,489,528,498,481,466,528,498,465,500,0,0,0,0,0,0
543,465,486,521,493,494,536,498,481,474,534,498,465,500,0,0,0,0,0,0
543,465,486,521,493,494,536,498,481,474,534,498,465,500,0,0,0,0,0,0
543,465,486,521,493,494,536,498,481,474,534,498,465,500,0,0,0,0,0,0
543,465,486,521,493,494,536,498,481,474,534,498,465,500,0,0,0,0,0,0
548,479,489,528,508,496,539,505,499,489,536,505,470,502,0,0,0,0,0,0
548,479,489,528,508,496,539,505,499,489,536,505,470,502,0,0,0,0,0,0
548,479,489,528,508,496,539,505,499,489,536,505,470,502,0,0,0,0,0,0
548,479,489,528,508,496,539,505,499,489,536,505,470,502,0,0,0,0,0,0
557,480,494,533,510,502,546,509,517,494,539,522,479,503,0,0,0,0,0,0
557,480,494,533,510,502,546,509,517,494,539,522,479,503,0,0,0,0,0,0
557,480,494,533,510,502,546,509,517,494,539,522,479,503,0,0,0,0,0,0
557,480,494,533,510,502,546,509,517,494,539,522,479,503,0,0,0,0,0,0
558,493,495,536,522,513,557,522,524,496,546,523,480,508,0,0,0,0,0,0
558,493,495,536,522,513,557,522,524,496,546,523,480,508,0,0,0,0,0,0
558,493,495,536,522,513,557,522,524,496,546,523,480,508,0,0,0,0,0,0
558,493,495,536,522,513,557,522,524,496,546,523,480,508,0,0,0,0,0,0
559,498,496,539,529,514,564,523,530,502,557,529,481,509,0,0,0,0,0,0
559,498,496,539,529,514,564,523,530,502,557,529,481,509,0,0,0,0,0,0
559,498,496,539,529,514,564,523,530,502,557,529,481,509,0,0,0,0,0,0
559,498,496,539,529,514,564,523,530,502,557,529,481,509,0,0,0,0,0,0
565,505,499,546,530,518,573,529,533,503,568,540,499,518,0,0,0,0,0,0
565,505,499,546,530,518,573,529,533,503,568,540,499,518,0,0,0,0,0,0
565,505,499,546,530,518,573,529,533,503,568,540,499,518,0,0,0,0,0,0
565,505,499,546,530,518,573,529,533,503,568,540,499,518,0,0,0,0,0,0
566,508,513,558,534,526,575,540,548,514,569,543,517,521,0,0,0,0,0,0
566,508,513,558,534,526,575,540,548,514,569,543,517,521,0,0,0,0,0,0
566,508,513,558,534,526,575,540,548,514,569,543,517,521,0,0,0,0,0,0
566,508,513,558,534,526,575,540,548,514,569,543,517,521,0,0,0,0,0,0
568,509,514,568,547,538,584,543,559,521,572,547,524,525,0,0,0,0,0,0
568,509,514,568,547,538,584,543,559,521,572,547,524,525,0,0,0,0,0,0
568,509,514,568,547,538,584,543,559,521,572,547,524,525,0,0,0,0,0,0
568,509,514,568,547,538,584,543,559,521,572,547,524,525,0,0,0,0,0,0
569,510,518,569,554,545,588,547,579,525,573,562,533,545,0,0,0,0,0,0
569,510,518,569,554,545,588,547,579,525,573,562,533,545,0,0,0,0,0,0
569,510,518,569,554,545,588,547,579,525,573,562,533,545,0,0,0,0,0,0
569,510,518,569,554,545,588,547,579,525,573,562,533,545,0,0,0,0,0,0
572,517,523,572,559,550,598,554,581,526,575,565,548,554,0,0,0,0,0,0
572,517,523,572,559,550,598,554,581,526,575,565,548,554,0,0,0,0,0,0
572,517,523,572,559,550,598,554,581,526,575,565,548,554,0,0,0,0,0,0
572,517,523,572,559,550,598,554,581,526,575,565,548,554,0,0,0,0,0,0
579,525,526,575,562,556,608,565,583,538,585,566,558,556,0,0,0,0,0,0
579,525,526,575,562,556,608,565,583,538,585,566,558,556,0,0,0,0,0,0
579,525,526,575,562,556,608,565,583,538,585,566,558,556,0,0,0,0,0,0
579,525,526,575,562,556,608,565,583,538,585,566,558,556,0,0,0,0,0,0
585,530,538,581,582,570,611,566,586,550,588,574,579,564,0,0,0,0,0,0
585,530,538,581,582,570,611,566,586,550,588,574,579,564,0,0,0,0,0,0
585,530,538,581,582,570,611,566,586,550,588,574,579,564,0,0,0,0,0,0
585,530,538,581,582,570,611,566,586,550,588,574,579,564,0,0,0,0,0,0
588,562,545,585,586,574,615,582,591,556,598,582,583,581,0,0,0,0,0,0
588,562,545,585,586,574,615,582,591,556,598,582,583,581,0,0,0,0,0,0
588,562,545,585,586,574,615,582,591,556,598,582,583,581,0,0,0,0,0,0
588,562,545,585,586,574,615,582,591,556,598,582,583,581,0,0,0,0,0,0
602,573,550,591,594,583,618,589,594,564,605,589,590,584,0,0,0,0,0,0
602,573,550,591,594,583,618,589,594,564,605,589,590,584,0,0,0,0,0,0
602,573,550,591,594,583,618,589,594,564,605,589,590,584,0,0,0,0,0,0
602,573,550,591,594,583,618,589,594,564,605,589,590,584,0,0,0,0,0,0
605,586,570,598,599,587,636,595,610,570,608,595,591,597,0,0,0,0,0,0
605,586,570,598,599,587,636,595,610,570,608,595,591,597,0,0,0,0,0,0
605,586,570,598,599,587,636,595,610,570,608,595,591,597,0,0,0,0,0,0
605,586,570,598,599,587,636,595,610,570,608,595,591,597,0,0,0,0,0,0
608,589,574,605,606,590,637,599,613,584,614,599,606,611,0,0,0,0,0,0
608,589,574,605,606,590,637,599,613,584,614,599,606,611,0,0,0,0,0,0
608,589,574,605,606,590,637,599,613,584,614,599,606,611,0,0,0,0,0,0
608,589,574,605,606,590,637,599,613,584,614,599,606,611,0,0,0,0,0,0
623,594,587,611,624,601,639,602,620,587,618,602,610,615,0,0,0,0,0,0
623,594,587,611,624,601,639,602,620,587,618,602,610,615,0,0,0,0,0,0
623,594,587,611,624,601,639,602,620,587,618,602,610,615,0,0,0,0,0,0
623,594,587,611,624,601,639,602,620,587,618,602,610,615,0,0,0,0,0,0
626,601,590,615,629,607,642,609,623,597,624,609,613,623,0,0,0,0,0,0
626,601,590,615,629,607,642,609,623,597,624,609,613,623,0,0,0,0,0,0
626,601,590,615,629,607,642,609,623,597,624,609,613,623,0,0,0,0,0,0
626,601,590,615,629,607,642,609,623,597,624,609,613,623,0,0,0,0,0,0
632,606,595,618,633,614,645,626,630,601,637,629,620,626,0,0,0,0,0,0
632,606,595,618,633,614,645,626,630,601,637,629,620,626,0,0,0,0,0,0
632,606,595,618,633,614,645,626,630,601,637,629,620,626,0,0,0,0,0,0
632,606,595,618,633,614,645,626,630,601,637,629,620,626,0,0,0,0,0,0
638,609,597,636,640,620,653,629,633,607,639,632,630,627,0,0,0,0,0,0
638,609,597,636,640,620,653,629,633,607,639,632,630,627,0,0,0,0,0,0
638,609,597,636,640,620,653,629,633,607,639,632,630,627,0,0,0,0,0,0
638,609,597,636,640,620,653,629,633,607,639,632,630,627,0,0,0,0,0,0
642,613,607,637,644,622,664,632,646,622,642,636,640,641,0,0,0,0,0,0
642,613,607,637,644,622,664,632,646,622,642,636,640,641,0,0,0,0,0,0
642,613,607,637,644,622,664,632,646,622,642,636,640,641,0,0,0,0,0,0
642,613,607,637,644,622,664,632,646,622,642,636,640,641,0,0,0,0,0,0
643,624,610,639,647,630,667,638,651,627,647,638,646,643,0,0,0,0,0,0
643,624,610,639,647,630,667,638,651,627,647,638,646,643,0,0,0,0,0,0
643,624,610,639,647,630,667,638,651,627,647,638,646,643,0,0,0,0,0,0
643,624,610,639,647,630,667,638,651,627,647,638,646,643,0,0,0,0,0,0
646,633,614,643,654,634,671,644,655,634,653,644,651,645,0,0,0,0,0,0
646,633,614,643,654,634,671,644,655,634,653,644,651,645,0,0,0,0,0,0
646,633,614,643,654,634,671,644,655,634,653,644,651,645,0,0,0,0,0,0
646,633,614,643,654,634,671,644,655,634,653,644,651,645,0,0,0,0,0,0
650,640,622,653,659,635,673,650,660,635,664,650,655,652,0,0,0,0,0,0
650,640,622,653,659,635,673,650,660,635,664,650,655,652,0,0,0,0,0,0
650,640,622,653,659,635,673,650,660,635,664,650,655,652,0,0,0,0,0,0
650,640,622,653,659,635,673,650,660,635,664,650,655,652,0,0,0,0,0,0
655,647,627,662,677,641,676,654,669,645,667,654,660,656,0,0,0,0,0,0
655,647,627,662,677,641,676,654,669,645,667,654,660,656,0,0,0,0,0,0
655,647,627,662,677,641,676,654,669,645,667,654,660,656,0,0,0,0,0,0
655,647,627,662,677,641,676,654,669,645,667,654,660,656,0,0,0,0,0,0
660,651,634,663,687,648,680,659,678,648,671,659,669,663,0,0,0,0,0,0
660,651,634,663,687,648,680,659,678,648,671,659,669,663,0,0,0,0,0,0
660,651,634,663,687,648,680,659,678,648,671,659,669,663,0,0,0,0,0,0
660,651,634,663,687,648,680,659,678,648,671,659,669,663,0,0,0,0,0,0
668,656,635,665,699,652,684,662,679,656,673,662,678,680,0,0,0,0,0,0
668,656,635,665,699,652,684,662,679,656,673,662,678,680,0,0,0,0,0,0
668,656,635,665,699,652,684,662,679,656,673,662,678,680,0,0,0,0,0,0
668,656,635,665,699,652,684,662,679,656,673,662,678,680,0,0,0,0,0,0
671,669,641,667,707,657,686,665,688,657,676,665,679,696,0,0,0,0,0,0
671,669,641,667,707,657,686,665,688,657,676,665,679,696,0,0,0,0,0,0
671,669,641,667,707,657,686,665,688,657,676,665,679,696,0,0,0,0,0,0
671,669,641,667,707,657,686,665,688,657,676,665,679,696,0,0,0,0,0,0
674,691,648,672,711,666,694,668,691,663,684,668,688,701,0,0,0,0,0,0
674,691,648,672,711,666,694,668,691,663,684,668,688,701,0,0,0,0,0,0
674,691,648,672,711,666,694,668,691,663,684,668,688,701,0,0,0,0,0,0
674,691,648,672,711,666,694,668,691,663,684,668,688,701,0,0,0,0,0,0
678,695,652,673,714,690,701,672,692,666,686,672,691,707,0,0,0,0,0,0
678,695,652,673,714,690,701,672,692,666,686,672,691,707,0,0,0,0,0,0
678,695,652,673,714,690,701,672,692,666,686,672,691,707,0,0,0,0,0,0
678,695,652,673,714,690,701,672,692,666,686,672,691,707,0,0,0,0,0,0
679,707,657,676,719,693,705,674,693,690,694,674,692,708,0,0,0,0,0,0
679,707,657,676,719,693,705,674,693,690,694,674,692,708,0,0,0,0,0,0
679,707,657,676,719,693,705,674,693,690,694,674,692,708,0,0,0,0,0,0
679,707,657,676,719,693,705,674,693,690,694,674,692,708,0,0,0,0,0,0
684,714,664,680,726,696,708,677,700,701,697,677,693,722,0,0,0,0,0,0
684,714,664,680,726,696,708,677,700,701,697,677,693,722,0,0,0,0,0,0
684,714,664,680,726,696,708,677,700,701,697,677,693,722,0,0,0,0,0,0
684,714,664,680,726,696,708,677,700,701,697,677,693,722,0,0,0,0,0,0
688,719,666,686,729,697,716,687,714,704,702,687,700,730,0,0,0,0,0,0
688,719,666,686,729,697,716,687,714,704,702,687,700,730,0,0,0,0,0,0
688,719,666,686,729,697,716,687,714,704,702,687,700,730,0,0,0,0,0,0
688,719,666,686,729,697,716,687,714,704,702,687,700,730,0,0,0,0,0,0
694,721,690,692,734,700,720,695,721,708,705,695,713,734,0,0,0,0,0,0
694,721,690,692,734,700,720,695,721,708,705,695,713,734,0,0,0,0,0,0
694,721,690,692,734,700,720,695,721,708,705,695,713,734,0,0,0,0,0,0
694,721,690,692,734,700,720,695,721,708,705,695,713,734,0,0,0,0,0,0
697,730,696,698,735,704,723,699,736,715,716,698,721,740,0,0,0,0,0,0
697,730,696,698,735,704,723,699,736,715,716,698,721,740,0,0,0,0,0,0
697,730,696,698,735,704,723,699,736,715,716,698,721,740,0,0,0,0,0,0
697,730,696,698,735,704,723,699,736,715,716,698,721,740,0,0,0,0,0,0
698,734,704,702,740,715,725,711,737,718,719,699,736,744,0,0,0,0,0,0
698,734,704,702,740,715,725,711,737,718,719,699,736,744,0,0,0,0,0,0
698,734,704,702,740,715,725,711,737,718,719,699,736,744,0,0,0,0,0,0
698,734,704,702,740,715,725,711,737,718,719,699,736,744,0,0,0,0,0,0
702,740,715,716,744,718,732,713,742,730,720,711,737,755,0,0,0,0,0,0
702,740,715,716,744,718,732,713,742,730,720,711,737,755,0,0,0,0,0,0
702,740,715,716,744,718,732,713,742,730,720,711,737,755,0,0,0,0,0,0
702,740,715,716,744,718,732,713,742,730,720,711,737,755,0,0,0,0,0,0
705,744,718,720,752,722,745,717,746,731,723,717,742,762,0,0,0,0,0,0
705,744,718,720,752,722,745,717,746,731,723,717,742,762,0,0,0,0,0,0
705,744,718,720,752,722,745,717,746,731,723,717,742,762,0,0,0,0,0,0
705,744,718,720,752,722,745,717,746,731,723,717,742,762,0,0,0,0,0,0
713,746,722,723,758,731,753,724,748,733,725,724,746,772,0,0,0,0,0,0
713,746,722,723,758,731,753,724,748,733,725,724,746,772,0,0,0,0,0,0
713,746,722,723,758,731,753,724,748,733,725,724,746,772,0,0,0,0,0,0
713,746,722,723,758,731,753,724,748,733,725,724,746,772,0,0,0,0,0,0
717,748,731,725,766,733,754,726,752,741,732,726,748,777,0,0,0,0,0,0
717,748,731,725,766,733,754,726,752,741,732,726,748,777,0,0,0,0,0,0
717,748,731,725,766,733,754,726,752,741,732,726,748,777,0,0,0,0,0,0
717,748,731,725,766,733,754,726,752,741,732,726,748,777,0,0,0,0,0,0
724,752,733,732,769,737,755,729,758,750,745,729,766,784,0,0,0,0,0,0
724,752,733,732,769,737,755,729,758,750,745,729,766,784,0,0,0,0,0,0
724,752,733,732,769,737,755,729,758,750,745,729,766,784,0,0,0,0,0,0
724,752,733,732,769,737,755,729,758,750,745,729,766,784,0,0,0,0,0,0
736,755,741,745,771,741,756,735,769,763,753,735,769,785,0,0,0,0,0,0
736,755,741,745,771,741,756,735,769,763,753,735,769,785,0,0,0,0,0,0
736,755,741,745,771,741,756,735,769,763,753,735,769,785,0,0,0,0,0,0
736,755,741,745,771,741,756,735,769,763,753,735,769,785,0,0,0,0,0,0
742,758,750,749,776,750,762,747,771,772,754,747,771,787,0,0,0,0,0,0
742,758,750,749,776,750,762,747,771,772,754,747,771,787,0,0,0,0,0,0
742,758,750,749,776,750,762,747,771,772,754,747,771,787,0,0,0,0,0,0
742,758,750,749,776,750,762,747,771,772,754,747,771,787,0,0,0,0,0,0
747,766,761,753,781,761,764,749,774,778,756,749,774,790,0,0,0,0,0,0
747,766,761,753,781,761,764,749,774,778,756,749,774,790,0,0,0,0,0,0
747,766,761,753,781,761,764,749,774,778,756,749,774,790,0,0,0,0,0,0
747,766,761,753,781,761,764,749,774,778,756,749,774,790,0,0,0,0,0,0
760,776,763,754,784,763,768,765,781,787,760,765,776,791,0,0,0,0,0,0
760,776,763,754,784,763,768,765,781,787,760,765,776,791,0,0,0,0,0,0
760,776,763,754,784,763,768,765,781,787,760,765,776,791,0,0,0,0,0,0
760,776,763,754,784,763,768,765,781,787,760,765,776,791,0,0,0,0,0,0
765,781,777,756,785,777,772,770,782,790,761,770,780,796,0,0,0,0,0,0
765,781,777,756,785,777,772,770,782,790,761,770,780,796,0,0,0,0,0,0
765,781,777,756,785,777,772,770,782,790,761,770,780,796,0,0,0,0,0,0
765,781,777,756,785,777,772,770,782,790,761,770,780,796,0,0,0,0,0,0
770,783,778,760,793,778,775,773,784,791,764,773,782,797,0,0,0,0,0,0
770,783,778,760,793,778,775,773,784,791,764,773,782,797,0,0,0,0,0,0
770,783,778,760,793,778,775,773,784,791,764,773,782,797,0,0,0,0,0,0
770,783,778,760,793,778,775,773,784,791,764,773,782,797,0,0,0,0,0,0
773,785,779,762,797,779,787,780,786,794,768,779,786,803,0,0,0,0,0,0
773,785,779,762,797,779,787,780,786,794,768,779,786,803,0,0,0,0,0,0
773,785,779,762,797,779,787,780,786,794,768,779,786,803,0,0,0,0,0,0
773,785,779,762,797,779,787,780,786,794,768,779,786,803,0,0,0,0,0,0
774,788,780,764,801,786,791,783,789,798,775,783,789,804,0,0,0,0,0,0
774,788,780,764,801,786,791,783,789,798,775,783,789,804,0,0,0,0,0,0
774,788,780,764,801,786,791,783,789,798,775,783,789,804,0,0,0,0,0,0
774,788,780,764,801,786,791,783,789,798,775,783,789,804,0,0,0,0,0,0
782,789,794,768,803,794,795,788,801,805,793,788,801,811,0,0,0,0,0,0
782,789,794,768,803,794,795,788,801,805,793,788,801,811,0,0,0,0,0,0
782,789,794,768,803,794,795,788,801,805,793,788,801,811,0,0,0,0,0,0
782,789,794,768,803,794,795,788,801,805,793,788,801,811,0,0,0,0,0,0
790,793,795,775,808,798,796,800,809,816,795,800,809,816,0,0,0,0,0,0
790,793,795,775,808,798,796,800,809,816,795,800,809,816,0,0,0,0,0,0
790,793,795,775,808,798,796,800,809,816,795,800,809,816,0,0,0,0,0,0
790,793,795,775,808,798,796,800,809,816,795,800,809,816,0,0,0,0,0,0
800,797,796,799,810,804,799,806,813,818,799,806,813,818,0,0,0,0,0,0
800,797,796,799,810,804,799,806,813,818,799,806,813,818,0,0,0,0,0,0
800,797,796,799,810,804,799,806,813,818,799,806,813,818,0,0,0,0,0,0
800,797,796,799,810,804,799,806,813,818,799,806,813,818,0,0,0,0,0,0
802,803,798,802,813,805,807,808,815,822,802,808,815,826,0,0,0,0,0,0
802,803,798,802,813,805,807,808,815,822,802,808,815,826,0,0,0,0,0,0
802,803,798,802,813,805,807,808,815,822,802,808,815,826,0,0,0,0,0,0
802,803,798,802,813,805,807,808,815,822,802,808,815,826,0,0,0,0,0,0
807,810,804,806,815,811,812,814,817,830,807,814,817,829,0,0,0,0,0,0
807,810,804,806,815,811,812,814,817,830,807,814,817,829,0,0,0,0,0,0
807,810,804,806,815,811,812,814,817,830,807,814,817,829,0,0,0,0,0,0
807,810,804,806,815,811,812,814,817,830,807,814,817,829,0,0,0,0,0,0
809,816,805,812,821,817,818,824,820,834,810,824,820,830,0,0,0,0,0,0
809,816,805,812,821,817,818,824,820,834,810,824,820,830,0,0,0,0,0,0
809,816,805,812,821,817,818,824,820,834,810,824,820,830,0,0,0,0,0,0
809,816,805,812,821,817,818,824,820,834,810,824,820,830,0,0,0,0,0,0
824,820,811,814,828,822,823,827,825,835,812,827,825,834,0,0,0,0,0,0
824,820,811,814,828,822,823,827,825,835,812,827,825,834,0,0,0,0,0,0
824,820,811,814,828,822,823,827,825,835,812,827,825,834,0,0,0,0,0,0
824,820,811,814,828,822,823,827,825,835,812,827,825,834,0,0,0,0,0,0
833,821,822,823,830,829,826,837,828,841,821,837,828,840,0,0,0,0,0,0
833,821,822,823,830,829,826,837,828,841,821,837,828,840,0,0,0,0,0,0
833,821,822,823,830,829,826,837,828,841,821,837,828,840,0,0,0,0,0,0
833,821,822,823,830,829,826,837,828,841,821,837,828,840,0,0,0,0,0,0
839,825,826,827,837,835,831,838,833,846,823,838,833,841,0,0,0,0,0,0
839,825,826,827,837,835,831,838,833,846,823,838,833,841,0,0,0,0,0,0
839,825,826,827,837,835,831,838,833,846,823,838,833,841,0,0,0,0,0,0
839,825,826,827,837,835,831,838,833,846,823,838,833,841,0,0,0,0,0,0
841,834,829,831,838,847,836,844,839,847,831,850,839,844,0,0,0,0,0,0
841,834,829,831,838,847,836,844,839,847,831,850,839,844,0,0,0,0,0,0
841,834,829,831,838,847,836,844,839,847,831,850,839,844,0,0,0,0,0,0
841,834,829,831,838,847,836,844,839,847,831,850,839,844,0,0,0,0,0,0
845,840,835,836,840,848,843,852,845,849,836,852,845,846,0,0,0,0,0,0
845,840,835,836,840,848,843,852,845,849,836,852,845,846,0,0,0,0,0,0
845,840,835,836,840,848,843,852,845,849,836,852,845,846,0,0,0,0,0,0
845,840,835,836,840,848,843,852,845,849,836,852,845,846,0,0,0,0,0,0
853,844,847,843,852,850,849,853,848,856,843,853,848,849,0,0,0,0,0,0
853,844,847,843,852,850,849,853,848,856,843,853,848,849,0,0,0,0,0,0
853,844,847,843,852,850,849,853,848,856,843,853,848,849,0,0,0,0,0,0
853,844,847,843,852,850,849,853,848,856,843,853,848,849,0,0,0,0,0,0
855,846,850,851,854,857,851,854,855,857,851,854,855,856,0,0,0,0,0,0
855,846,850,851,854,857,851,854,855,857,851,854,855,856,0,0,0,0,0,0
855,846,850,851,854,857,851,854,855,857,851,854,855,856,0,0,0,0,0,0
855,846,850,851,854,857,851,854,855,857,851,854,855,856,0,0,0,0,0,0
861,856,858,859,860,858,859,860,861,858,859,860,861,857,0,0,0,0,0,0
861,856,858,859,860,858,859,860,861,858,859,860,861,857,0,0,0,0,0,0
861,856,858,859,860,858,859,860,861,858,859,860,861,857,0,0,0,0,0,0
861,856,858,859,860,858,859,860,861,858,859,860,861,857,0,0,0,0,0,0