1,49,502,1,63,3,0,588,3,563,3,437,227,589,500,56,0,163,3,0
1,49,502,1,63,3,0,588,3,563,3,437,227,589,500,56,0,163,3,0
1,49,502,1,455,163,297,601,265,591,0,437,227,600,500,227,199,163,168,260
1,49,502,1,455,163,297,601,265,591,0,437,227,600,500,227,199,163,168,260
92,49,502,92,168,163,299,303,474,534,0,437,227,608,500,227,0,163,252,260
92,49,502,92,168,163,299,303,474,534,0,437,227,608,500,227,0,163,252,260
92,49,502,92,450,163,0,609,564,593,63,437,227,0,500,227,0,163,252,260
92,49,502,92,450,163,0,609,564,593,63,437,227,0,500,227,0,163,252,260
123,49,502,123,348,163,212,438,92,327,0,437,227,315,500,227,564,163,252,260
123,49,502,123,348,163,212,438,92,327,0,437,227,315,500,227,564,163,252,260
123,49,502,123,265,163,0,462,92,332,388,437,227,0,500,227,0,163,252,260
123,49,502,123,265,163,0,462,92,332,388,437,227,0,500,227,0,163,252,260
138,49,502,138,498,163,260,481,456,602,0,437,227,463,500,227,0,163,252,260
138,49,502,138,498,163,260,481,456,602,0,437,227,463,500,227,0,163,252,260
138,49,502,138,432,163,260,470,483,506,0,437,227,0,500,227,0,163,252,260
138,49,502,138,432,163,260,470,483,506,0,437,227,0,500,227,0,163,252,260
142,49,502,142,99,163,260,99,138,25,0,163,0,168,163,227,169,299,252,260
142,49,502,142,99,163,260,99,138,25,0,163,0,168,163,227,169,299,252,260
142,49,502,142,56,543,260,227,138,25,0,163,0,169,163,252,187,301,252,0
142,49,502,142,56,543,260,227,138,25,0,163,0,169,163,252,187,301,252,0
159,49,502,159,60,544,260,227,60,25,0,163,0,557,163,252,260,549,0,0
159,49,502,159,60,544,260,227,60,25,0,163,0,557,163,252,260,549,0,0
159,49,502,159,187,544,260,227,584,25,99,163,60,0,163,252,260,549,348,0
159,49,502,159,187,544,260,227,584,25,99,163,60,0,163,252,260,549,348,0
176,49,502,176,600,544,260,227,63,25,330,163,63,299,163,252,260,549,352,0
176,49,502,176,600,544,260,227,63,25,330,163,63,299,163,252,260,549,352,0
176,49,502,176,456,544,260,227,439,25,330,163,0,301,163,252,260,549,455,0
176,49,502,176,456,544,260,227,439,25,330,163,0,301,163,252,260,549,455,0
186,49,502,186,299,544,0,227,489,25,330,163,0,303,163,252,260,549,483,60
186,49,502,186,299,544,0,227,489,25,330,163,0,303,163,252,260,549,483,60
186,49,502,186,521,544,168,227,142,25,330,163,0,316,163,252,260,549,534,0
186,49,502,186,521,544,168,227,142,25,330,163,0,316,163,252,260,549,534,0
203,49,502,203,297,544,169,227,142,553,330,260,0,359,39,252,260,549,564,437
203,49,502,203,297,544,169,227,142,553,330,260,0,359,39,252,260,549,564,437
203,49,502,203,602,544,252,0,256,559,330,260,25,406,39,0,260,549,0,437
203,49,502,203,602,544,252,0,256,559,330,260,25,406,39,0,260,549,0,437
213,49,502,213,499,551,252,39,585,562,330,260,25,498,39,25,0,0,25,437
213,272,502,213,499,551,252,39,585,562,330,260,25,498,39,25,0,0,25,437
213,272,502,213,386,551,252,39,375,56,330,260,25,559,39,25,332,25,25,437
213,272,502,213,386,551,252,39,375,56,330,260,25,559,39,25,332,25,25,437
219,272,502,219,448,551,252,39,375,343,227,260,25,0,39,25,369,25,25,437
219,272,502,219,448,551,252,39,375,343,227,260,25,0,39,25,369,25,25,437
219,272,502,219,547,551,252,39,375,345,227,260,25,317,39,25,375,25,25,437
219,272,502,219,547,551,252,39,375,345,227,260,25,317,39,25,375,25,25,437
240,272,502,240,413,551,252,39,375,348,227,260,25,448,39,25,375,25,25,437
240,272,502,240,413,551,252,39,375,348,227,260,25,448,39,25,375,25,25,437
240,272,502,240,337,551,252,39,375,599,227,260,25,466,39,25,375,25,25,437
240,272,502,240,337,551,252,39,375,599,227,260,25,466,39,25,375,25,25,437
246,272,502,246,493,551,252,39,375,352,227,549,25,0,400,25,375,25,25,227
246,272,502,246,493,551,252,39,375,352,227,549,25,0,400,25,375,25,25,227
246,272,502,246,273,551,546,39,375,394,227,549,588,56,400,25,375,25,25,227
246,272,502,246,273,551,546,39,375,394,227,549,588,56,400,25,375,25,25,227
251,272,502,251,161,0,547,0,375,579,227,549,0,563,400,187,375,25,297,227
251,272,502,251,161,0,547,0,375,579,227,549,0,563,400,187,375,25,297,227
251,272,502,251,548,210,548,161,504,607,227,549,0,0,400,189,375,39,303,227
251,272,502,251,548,210,548,161,504,607,227,549,0,0,400,189,375,39,303,227
268,272,502,268,433,210,0,187,219,118,489,549,0,450,400,190,375,39,566,227
268,272,502,268,433,210,0,187,219,118,489,549,0,450,400,190,375,39,566,227
268,272,502,268,169,210,593,189,219,118,544,549,0,456,400,544,422,39,0,227
268,272,502,268,169,210,593,189,219,118,544,549,0,456,400,544,422,39,0,227
280,272,502,280,438,210,0,199,95,118,544,549,0,458,400,544,523,39,406,227
280,272,502,280,438,210,0,199,95,118,544,549,0,458,400,544,523,39,406,227
280,272,502,280,189,210,0,523,95,118,544,549,0,462,400,544,565,39,448,227
280,272,502,280,189,210,0,523,95,118,544,549,0,462,400,544,565,39,448,227
285,272,502,285,190,210,0,525,95,118,544,0,0,474,0,544,0,39,450,0
285,272,502,285,190,210,0,525,95,118,544,0,0,474,0,544,0,39,450,0
285,272,502,285,523,210,0,543,95,118,544,0,39,543,273,544,0,39,458,0
285,272,502,285,523,210,0,543,95,118,544,0,39,543,273,544,0,39,458,0
287,272,502,287,603,210,406,552,95,118,544,0,39,544,437,544,0,39,484,39
287,272,502,287,603,210,406,552,95,118,544,0,39,544,437,544,0,39,484,39
287,272,502,287,199,344,413,0,95,118,544,0,39,544,437,544,161,445,604,39
287,272,502,287,199,344,413,0,95,118,544,0,39,544,437,544,161,445,604,39
289,272,502,289,466,344,425,567,95,0,544,0,39,544,437,544,189,445,0,39
289,272,502,289,466,344,425,567,95,0,544,0,39,544,437,544,189,445,0,39
289,293,540,289,508,344,432,590,95,441,0,0,39,544,437,589,344,445,0,39
289,293,540,289,508,344,432,590,95,441,0,0,39,544,437,589,344,445,0,39
294,293,540,294,256,344,600,560,376,588,0,0,39,544,437,597,344,445,310,39
294,293,540,294,256,344,600,560,376,588,0,0,39,544,437,597,344,445,310,39
294,293,540,294,212,344,608,433,592,541,0,0,39,544,437,597,344,445,0,39
294,293,540,294,212,344,608,433,592,541,0,0,39,544,437,597,344,445,0,39
298,293,540,298,458,344,0,498,384,190,0,173,39,544,437,597,344,445,343,39
298,293,540,298,458,344,0,498,384,190,0,173,39,544,437,597,344,445,343,39
298,293,540,298,384,344,0,499,386,448,0,173,445,544,437,597,344,445,344,39
298,293,540,298,384,344,0,499,386,448,0,173,445,544,437,597,344,445,344,39
312,293,540,312,565,344,0,500,388,610,0,173,445,343,404,597,344,445,344,546
312,293,540,312,565,344,0,500,388,610,0,173,445,343,404,597,344,445,344,546
312,293,540,312,604,244,0,500,594,558,0,173,445,345,404,597,344,0,344,547
312,293,540,312,604,244,0,500,594,558,0,173,445,345,404,597,344,0,344,547
314,293,540,314,266,244,0,500,451,129,210,173,445,348,404,597,344,99,344,548
314,293,540,314,266,244,0,500,451,129,210,173,445,348,404,597,344,99,344,548
314,293,540,314,581,244,301,500,493,129,210,173,445,602,404,597,0,0,344,549
314,293,540,314,581,244,301,500,493,129,210,173,445,602,404,597,0,0,344,549
318,293,540,318,301,244,0,500,580,129,210,173,445,610,404,0,404,0,344,549
318,293,540,318,301,244,0,500,580,129,210,173,445,610,404,0,404,0,344,549
318,293,540,318,303,244,0,500,603,129,210,173,445,0,404,0,404,210,344,549
318,293,540,318,303,244,0,500,603,129,210,173,445,0,404,0,404,210,344,549
320,293,540,320,511,244,185,500,604,129,210,404,445,375,404,0,404,210,344,549
320,293,540,320,511,244,185,500,604,129,210,404,445,375,404,0,404,210,344,549
320,293,540,320,608,244,185,500,246,129,210,404,277,375,404,0,404,210,375,549
320,293,540,320,608,244,185,500,246,129,210,404,277,375,404,0,404,210,375,549
323,293,540,323,310,244,185,139,246,129,210,404,277,375,0,381,404,210,375,549
323,293,540,323,310,244,185,139,246,129,210,404,277,375,0,381,404,210,375,549
323,293,540,323,343,311,185,139,251,129,210,404,277,375,0,381,404,210,375,549
323,293,540,323,343,311,185,139,251,129,210,404,277,375,0,381,404,210,375,549
325,293,540,325,315,311,185,139,251,150,0,404,277,375,0,381,404,210,375,549
325,293,540,325,315,311,185,139,251,150,0,404,277,375,0,381,404,210,375,549
325,293,540,325,316,311,185,139,595,150,0,404,277,375,0,381,404,210,375,0
325,293,540,325,316,311,185,139,595,150,0,404,277,375,0,381,404,210,375,0
331,293,540,331,317,311,185,139,310,150,0,404,277,375,0,381,487,210,375,0
331,293,540,331,317,311,185,139,310,150,0,404,277,375,0,381,487,210,375,0
331,293,540,331,552,311,185,139,596,150,0,404,277,375,0,381,567,0,375,0
331,300,540,331,552,311,185,139,596,150,0,404,277,375,0,381,567,0,375,0
334,300,540,334,538,311,0,139,315,150,0,118,277,566,118,381,0,0,375,0
334,300,540,334,538,311,0,139,315,150,0,118,277,566,118,381,0,0,375,0
334,300,540,334,451,311,0,139,317,150,0,118,95,0,118,381,0,0,462,0
334,300,540,334,451,311,0,139,317,150,0,118,95,0,118,381,0,0,462,0
349,300,540,349,327,311,528,173,458,150,95,118,95,95,118,404,0,0,487,210
349,300,540,349,327,311,528,173,458,150,95,118,95,95,118,404,0,0,487,210
349,300,540,349,515,484,0,173,566,150,95,118,95,95,118,404,118,95,0,210
349,300,540,349,515,484,0,173,566,150,95,118,95,95,118,404,118,95,0,210
350,300,540,350,332,489,564,173,268,589,95,118,95,95,118,404,118,95,118,210
350,300,540,350,332,489,564,173,268,589,95,118,95,95,118,404,118,95,118,210
350,300,540,350,339,0,581,173,268,541,95,118,95,95,118,404,118,95,118,210
350,300,540,350,339,0,581,173,268,541,95,118,95,95,118,404,118,95,118,210
361,300,540,361,462,567,0,173,266,422,95,118,95,95,118,404,118,95,118,210
361,300,540,361,462,567,0,173,266,422,95,118,95,95,118,404,118,95,118,210
361,300,540,361,553,575,0,173,273,424,95,118,95,95,118,404,118,95,118,210
361,300,540,361,553,575,0,173,273,424,95,118,95,95,118,404,118,95,118,210
374,300,540,374,345,591,0,173,605,428,95,383,95,95,551,404,118,95,118,210
374,300,540,374,345,591,0,173,605,428,95,383,95,95,551,404,118,95,118,210
374,300,540,374,394,545,0,173,455,450,95,383,517,95,551,404,118,95,118,210
374,300,540,374,394,545,0,173,455,450,95,383,517,95,551,404,118,95,118,210
379,300,540,379,352,545,0,236,463,484,551,383,517,260,551,515,118,95,118,521
379,300,540,379,352,545,0,236,463,484,551,383,517,260,551,515,118,95,118,521
379,300,540,379,406,201,359,236,521,460,551,383,517,260,551,0,376,515,118,588
379,300,540,379,406,201,359,236,521,460,551,383,517,260,551,0,376,515,118,588
380,300,540,380,570,201,0,236,570,235,551,383,517,260,551,0,0,517,337,606
380,300,540,380,570,201,0,236,570,235,551,383,517,260,551,0,0,517,337,606
380,300,540,380,359,201,0,236,571,235,551,383,517,260,551,0,425,517,339,606
380,300,540,380,359,201,0,236,571,235,551,383,517,260,551,0,425,517,339,606
387,300,540,387,528,201,0,236,573,235,551,383,517,260,551,0,0,517,573,606
387,300,540,387,528,201,0,236,573,235,551,383,517,260,551,0,0,517,573,606
387,300,540,387,463,201,508,236,0,235,551,383,517,260,551,0,498,517,0,606
387,300,540,387,463,201,508,236,0,235,551,383,517,260,551,0,498,517,0,606
390,300,540,390,439,201,0,236,575,235,551,150,517,260,150,0,499,517,0,606
390,300,540,390,439,201,0,236,575,235,551,150,517,260,150,0,499,517,0,606
390,300,540,390,367,201,511,236,586,235,551,150,0,260,150,0,500,517,463,606
390,300,540,390,367,201,511,236,586,235,551,150,0,260,150,0,500,517,463,606
393,471,541,393,369,201,515,367,272,235,517,150,244,337,150,375,500,517,499,606
393,471,541,393,369,201,515,367,272,235,517,150,244,337,150,375,500,517,499,606
393,471,541,393,580,330,534,369,272,235,517,150,244,339,150,375,500,517,506,606
393,471,541,393,580,330,534,369,272,235,517,150,244,339,150,375,500,517,506,606
396,471,541,396,525,330,538,583,557,226,517,150,244,481,150,375,500,0,580,0
396,471,541,396,525,330,538,583,557,226,517,150,244,481,150,375,500,0,580,0
396,471,541,396,589,330,565,583,280,226,517,150,244,0,150,375,500,413,0,185
396,471,541,396,589,330,565,583,280,226,517,150,244,0,150,375,500,413,0,185
398,471,541,398,441,330,586,442,280,226,517,150,244,352,150,375,500,489,185,185
398,471,541,398,441,330,586,442,280,226,517,150,244,352,150,375,500,489,185,185
398,471,541,398,376,330,0,445,142,226,517,150,244,567,150,375,500,602,185,185
398,471,541,398,376,330,0,445,479,226,517,150,244,567,150,375,500,602,185,185
403,471,541,403,566,330,0,445,316,226,517,185,244,0,185,375,500,0,185,185
403,471,541,403,566,330,0,445,316,226,517,185,244,0,185,375,500,0,185,185
403,471,541,403,388,330,0,445,339,226,517,185,244,484,185,375,590,0,185,185
403,471,541,403,388,330,0,445,339,226,517,185,244,484,185,375,590,0,185,185
405,471,541,405,422,330,0,445,466,226,344,185,0,0,185,0,0,0,185,185
405,471,541,405,422,330,0,445,466,226,344,185,0,0,185,0,0,0,185,185
405,471,541,405,424,239,0,445,289,226,344,185,190,161,185,0,0,0,185,185
405,471,541,405,424,239,0,445,289,226,344,185,190,161,185,0,0,0,185,185
407,471,541,407,425,239,337,445,289,404,344,185,580,433,185,199,0,0,185,185
407,471,541,407,425,239,337,445,289,404,344,185,580,433,185,199,0,0,185,185
407,471,541,407,428,239,0,445,219,404,344,185,590,438,185,239,432,244,185,0
407,471,541,407,428,239,0,445,449,404,344,185,590,438,185,239,432,244,185,0
410,471,541,410,442,239,400,445,277,404,344,185,597,439,185,239,493,244,0,593
410,471,541,410,442,239,400,445,277,404,344,185,597,439,185,239,493,244,0,593
410,471,541,410,546,239,400,579,277,404,344,185,597,441,185,239,608,244,327,0
410,471,541,410,546,239,400,579,277,404,344,185,597,441,185,239,608,244,327,0
423,471,541,423,557,239,400,587,277,404,344,129,597,442,129,239,0,244,413,0
423,471,541,423,557,239,400,587,277,404,344,129,597,442,129,239,0,244,413,0
423,471,541,423,474,239,400,587,277,404,344,129,597,451,129,239,0,244,466,0
423,471,541,423,474,239,400,587,277,404,344,129,597,451,129,239,0,244,466,0
426,471,541,426,559,239,400,381,277,404,244,129,597,0,129,239,0,244,581,0
426,471,541,426,559,239,400,381,277,404,244,129,597,0,129,239,0,244,581,0
426,471,541,426,610,0,400,381,277,404,244,129,597,493,129,239,129,244,0,0
426,471,541,426,610,0,400,381,277,404,244,129,597,493,129,239,129,244,0,0
427,471,541,427,563,504,400,381,277,49,244,129,597,603,129,239,129,244,129,0
427,519,541,427,563,504,400,381,277,49,244,129,597,603,129,239,129,244,129,0
427,519,541,427,481,506,400,381,277,49,244,129,597,0,129,266,129,571,129,212
427,519,541,427,481,506,400,381,277,49,244,129,597,0,129,266,129,571,129,212
429,519,541,429,483,571,487,381,597,49,244,129,606,0,129,606,129,575,129,0
429,519,541,429,483,571,487,381,597,49,244,129,606,0,129,606,129,575,129,0
429,519,541,429,487,590,0,381,597,176,244,129,606,376,129,606,129,600,129,0
429,519,541,429,487,590,0,381,597,176,244,129,606,376,129,606,129,600,129,0
430,519,541,430,573,545,0,381,597,176,244,543,606,0,606,606,129,603,129,0
430,519,541,430,573,545,0,381,597,176,244,543,606,0,606,606,129,603,129,0
430,519,541,430,49,545,0,381,597,176,244,544,606,521,606,606,129,0,129,0
430,519,541,430,49,545,0,381,597,176,244,544,606,521,606,606,129,0,129,0
431,519,541,431,49,545,324,1,597,203,239,544,606,570,606,606,129,0,129,139
431,519,541,431,49,545,324,1,597,203,239,544,606,570,606,606,129,0,129,139
431,519,541,431,49,402,324,1,597,203,239,544,606,571,606,606,150,0,129,139
431,519,541,431,49,402,324,1,597,203,239,544,606,571,606,606,150,0,129,139
435,519,541,435,49,402,324,1,597,203,239,544,606,573,606,606,150,0,586,139
435,519,541,435,49,402,324,1,597,203,239,544,606,573,606,606,150,0,586,139
435,519,541,435,49,402,324,1,597,285,239,544,606,0,606,606,150,0,0,139
435,519,541,435,49,402,324,123,597,285,239,544,606,0,606,606,150,0,0,139
436,519,541,436,49,402,324,123,606,285,239,544,0,575,606,0,150,256,528,139
436,519,541,436,49,402,324,123,606,285,239,544,0,575,606,0,150,256,528,139
436,519,541,436,49,402,324,123,606,285,239,544,0,579,606,0,150,0,0,139
436,519,541,436,49,402,324,123,606,285,239,544,0,579,606,0,150,0,0,139
440,519,541,440,49,402,324,123,606,287,239,544,0,581,311,0,150,0,552,139
440,519,541,440,49,402,324,123,606,287,239,544,0,581,311,0,150,0,552,139
440,519,541,440,49,402,324,159,606,287,239,551,139,586,311,0,150,0,553,139
440,519,541,440,49,402,324,159,606,287,239,551,139,586,311,0,150,0,553,139
443,519,541,443,272,402,383,159,606,287,311,551,139,591,311,139,150,0,591,244
443,519,541,443,272,402,383,159,606,287,311,551,139,591,311,139,150,0,591,244
443,519,541,443,272,502,383,159,606,294,311,551,139,0,311,139,163,0,0,244
443,519,541,443,272,502,383,159,606,294,311,551,139,0,311,139,163,0,0,244
449,519,541,449,272,502,383,159,606,294,311,551,139,528,311,139,163,481,150,244
449,519,541,449,272,502,383,186,606,294,311,551,139,528,311,139,163,481,150,244
449,519,541,449,272,502,383,186,606,294,311,551,139,0,311,139,163,504,150,244
449,519,541,449,272,502,383,186,606,294,311,551,139,0,311,139,163,504,150,244
454,519,541,454,272,502,383,186,293,300,311,551,139,534,311,139,163,0,150,244
454,519,541,454,272,502,383,186,293,300,311,551,139,534,311,139,163,0,150,244
454,576,545,454,272,502,383,186,293,300,311,551,139,547,311,139,163,0,150,244
454,576,545,454,272,502,383,186,293,300,311,551,139,547,311,139,163,0,150,244
459,576,545,459,272,502,383,213,298,300,311,551,139,0,330,139,163,0,150,244
459,576,545,459,272,502,383,213,298,300,311,551,139,0,330,139,163,0,150,244
459,576,545,459,272,502,383,213,298,320,311,0,400,0,330,139,163,0,150,244
460,576,545,460,272,502,383,213,298,320,311,0,400,0,330,139,163,0,150,244
460,576,545,460,272,502,437,213,312,320,139,201,400,252,330,445,163,273,150,381
460,576,545,460,272,502,437,213,312,320,139,201,400,252,330,445,163,273,150,381
468,576,545,468,293,502,437,213,312,320,139,201,400,252,330,445,252,437,150,381
468,576,545,468,293,502,437,240,312,320,139,201,400,252,330,445,252,437,150,381
468,576,545,468,293,502,437,240,314,323,139,201,400,252,330,445,252,437,0,381
469,576,545,469,293,502,437,240,314,323,139,201,400,252,330,445,252,437,0,381
469,576,545,469,293,502,437,240,314,323,139,201,400,252,330,445,252,437,0,381
469,576,545,469,293,502,437,240,314,323,139,201,400,252,330,445,252,437,0,381
470,576,545,470,293,502,437,240,318,323,139,201,400,252,330,445,252,437,315,381
470,576,545,470,293,502,437,240,318,323,139,201,400,252,330,445,252,437,315,381
470,576,545,470,293,502,437,380,318,349,139,201,400,252,330,445,252,437,0,381
475,576,545,475,293,502,437,380,318,349,139,201,400,252,330,445,252,437,0,381
475,576,545,475,293,502,437,380,325,349,139,201,400,252,549,445,252,437,0,381
475,576,545,475,293,502,437,380,325,349,139,201,400,252,549,445,252,437,0,381
479,576,545,479,293,502,437,380,325,349,139,201,235,252,549,445,252,437,359,381
479,576,545,479,293,502,437,380,325,349,139,201,235,252,549,445,252,437,359,381
479,576,545,479,293,502,517,380,331,350,597,212,235,173,549,236,252,437,456,201
482,576,545,482,293,502,517,426,331,350,597,212,235,173,549,236,252,437,456,201
482,576,545,482,293,502,517,426,331,350,597,517,235,173,549,236,173,173,570,201
482,576,545,482,293,502,517,426,331,350,597,517,235,173,549,236,173,173,570,201
486,576,545,486,300,540,517,426,334,350,597,517,235,173,549,236,173,173,0,201
486,576,545,486,300,540,517,426,334,350,597,517,235,173,549,236,173,173,0,201
486,576,545,486,300,540,517,426,334,361,597,517,235,173,549,236,173,173,0,201
488,576,545,488,300,540,517,426,334,361,597,517,235,173,549,236,173,173,0,201
488,576,545,488,300,540,517,459,374,361,597,517,235,173,549,236,173,173,386,201
488,576,545,488,300,540,517,459,374,361,597,517,235,173,549,236,173,173,386,201
490,576,545,490,300,540,517,459,374,361,597,517,235,173,549,236,173,173,0,201
490,576,545,490,300,540,517,459,374,361,597,517,235,173,549,236,173,173,0,201
490,576,545,490,300,540,517,459,379,393,597,517,235,173,0,236,173,173,451,201
492,576,545,492,300,540,517,459,379,393,597,517,235,173,0,236,173,173,451,201
492,576,545,492,300,540,517,459,379,393,597,517,210,173,201,236,173,173,557,201
492,578,545,492,300,540,517,470,379,393,597,517,210,173,201,236,173,173,557,201
494,578,545,494,300,540,549,470,387,393,236,517,210,548,201,277,173,173,0,551
494,578,545,494,300,540,549,470,387,393,236,517,210,548,201,277,173,173,0,551
494,578,545,494,300,540,549,470,387,403,236,0,210,552,201,277,0,0,0,551
495,578,545,495,300,540,549,470,387,403,236,0,210,552,201,277,0,0,0,551
495,578,545,495,300,540,549,470,390,403,236,0,210,0,201,277,0,386,265,551
495,578,545,495,300,540,549,470,390,403,236,0,210,0,201,277,0,386,265,551
496,578,545,496,471,540,549,475,390,403,236,0,210,0,201,277,0,483,0,551
496,578,545,496,471,540,549,475,390,403,236,0,210,0,201,277,0,483,0,551
496,578,545,496,471,540,549,475,396,407,236,0,210,327,201,277,525,0,316,551
507,578,545,507,471,540,549,475,396,407,236,0,210,327,201,277,525,0,316,551
507,578,545,507,471,540,549,475,396,407,236,0,210,565,201,277,0,0,345,551
507,578,545,507,471,540,549,475,396,407,236,0,210,565,201,277,0,0,345,551
509,578,545,509,471,540,549,475,398,407,236,0,210,0,201,277,0,0,367,551
509,578,545,509,471,540,549,486,398,407,236,0,210,0,201,277,0,0,367,551
509,578,545,509,471,540,549,486,398,423,236,0,236,0,235,277,0,0,369,551
512,578,545,512,471,540,549,486,398,423,236,0,236,0,235,277,0,0,369,551
512,578,545,512,471,540,0,486,405,423,277,0,236,422,235,383,0,0,579,330
512,578,545,512,471,540,0,486,405,423,277,0,236,422,235,383,0,0,579,330
513,578,545,513,471,540,0,486,405,423,277,0,236,424,235,383,235,201,0,330
513,578,545,513,471,540,0,486,405,423,277,0,236,424,235,383,235,201,0,330
513,578,545,513,471,540,0,509,410,440,277,324,236,425,235,383,235,201,0,330
516,578,545,516,471,540,0,509,410,440,277,324,236,425,235,383,235,201,0,330
516,578,545,516,471,541,0,509,410,440,277,324,236,428,235,383,235,201,384,330
516,578,545,516,519,541,0,509,410,440,277,324,236,428,235,383,235,201,384,330
518,578,545,518,519,541,0,509,427,440,277,324,236,432,235,383,235,201,388,330
518,578,545,518,519,541,0,509,427,440,277,324,236,432,235,383,235,201,388,330
518,578,545,518,519,541,0,509,427,460,277,324,236,455,235,383,235,201,394,330
524,578,545,524,519,541,0,513,427,460,277,324,236,455,235,383,235,201,394,330
524,578,545,524,519,541,0,513,429,460,277,324,236,504,235,383,235,201,424,330
524,578,545,524,519,541,0,513,429,460,277,324,236,504,235,383,235,201,424,330
531,578,545,531,519,541,0,513,429,460,277,324,383,0,381,383,235,201,474,330
531,578,545,531,519,541,0,513,429,460,277,324,383,0,381,383,235,201,474,330
531,578,545,531,519,541,0,513,430,469,367,324,383,265,381,324,235,201,0,311
533,578,545,533,519,541,0,513,430,469,367,324,383,265,381,324,235,201,0,311
533,578,545,533,519,541,0,516,430,469,384,324,383,266,381,324,383,324,559,311
533,578,607,533,519,541,0,516,430,469,384,324,383,266,381,324,383,324,559,311
535,596,607,535,519,541,0,516,431,469,0,500,383,297,381,324,383,324,0,311
535,596,607,535,519,541,0,516,431,469,0,500,383,297,381,324,383,324,0,311
535,596,607,535,519,541,0,516,431,488,0,500,383,310,381,324,383,324,0,311
536,596,607,536,519,541,0,516,431,488,0,500,383,310,381,324,383,324,0,311
536,596,607,536,576,541,0,516,435,488,0,500,383,332,381,324,383,324,317,311
536,596,607,536,576,541,0,518,435,488,0,500,383,332,381,324,383,324,317,311
550,596,607,550,576,541,0,518,435,488,0,500,383,0,381,324,383,324,0,311
550,596,607,550,576,541,0,518,435,488,0,500,383,0,381,324,383,324,0,311
550,596,607,550,576,541,0,518,436,490,0,500,383,0,381,324,383,324,428,311
554,596,607,554,576,541,0,518,436,490,0,500,383,0,381,324,383,324,428,311
554,596,607,554,576,541,0,518,436,490,0,500,226,508,226,324,383,324,563,311
554,596,607,554,576,541,0,518,436,490,0,500,226,508,226,324,383,324,563,311
555,596,607,555,576,541,0,524,443,490,324,500,226,0,226,500,383,324,0,239
555,596,607,555,576,541,0,524,443,490,324,500,226,0,226,500,383,324,0,239
555,596,607,555,576,541,0,524,443,492,324,500,226,511,226,500,508,277,0,239
558,596,607,558,576,541,0,524,443,492,324,500,226,511,226,500,508,277,0,239
558,596,607,558,576,541,0,524,449,492,324,0,226,523,226,500,0,277,236,239
558,596,607,558,576,541,0,524,449,492,324,0,226,523,226,500,0,277,236,239
560,596,607,560,576,541,0,524,449,492,324,0,226,525,226,500,511,277,236,239
560,596,607,560,576,541,0,531,449,492,324,0,226,525,226,500,511,277,236,239
560,596,607,560,576,545,0,531,454,494,324,0,226,538,226,500,538,277,236,239
561,596,607,561,578,545,0,531,454,494,324,0,226,538,226,500,538,277,236,239
561,596,607,561,578,545,0,531,454,494,324,0,226,546,226,500,0,277,236,239
561,596,607,561,578,545,0,531,454,494,324,0,226,546,226,500,0,277,236,239
562,596,607,562,578,545,0,531,468,494,324,0,226,553,226,500,0,277,236,239
562,596,607,562,578,545,0,531,468,494,324,0,226,553,226,500,0,277,236,239
562,596,607,562,578,545,0,533,468,495,324,0,593,0,239,500,0,277,236,239
568,596,607,568,578,545,0,533,468,495,324,0,593,0,239,500,0,277,236,239
568,596,607,568,578,545,0,533,471,495,445,0,0,0,239,506,0,277,236,400
568,596,607,568,578,545,0,533,471,495,445,0,0,0,239,506,0,277,236,400
569,596,607,569,578,545,0,533,471,495,445,0,0,256,239,0,226,226,236,400
569,596,607,569,578,545,0,533,471,495,445,0,0,256,239,0,226,226,236,400
569,596,607,569,578,545,0,533,479,496,445,330,0,604,239,0,226,226,433,400
572,596,607,572,578,545,0,535,479,496,445,330,0,604,239,0,226,226,433,400
572,596,607,572,578,545,0,535,479,496,445,330,0,0,239,0,226,226,438,400
572,596,607,572,578,545,0,535,479,496,445,330,0,0,239,0,226,226,438,400
577,599,607,577,578,545,0,535,482,496,445,330,0,0,239,0,226,226,439,400
577,599,607,577,578,545,0,535,482,496,445,330,0,0,239,0,226,226,439,400
577,599,607,577,596,545,0,535,482,502,445,330,0,394,239,0,226,226,441,400
582,599,607,582,596,545,0,535,482,502,445,330,0,394,239,0,226,226,441,400
582,599,607,582,596,545,0,536,519,502,445,330,0,0,239,0,226,226,442,400
582,599,607,582,596,545,0,536,519,502,445,330,0,0,239,0,226,226,442,400
583,599,607,583,596,545,0,536,519,502,445,330,402,0,402,0,226,226,610,400
583,599,607,583,596,545,0,536,519,507,445,330,402,0,402,0,226,226,610,400
583,599,607,583,596,545,0,536,555,507,402,330,402,381,402,400,226,226,0,402
584,599,607,584,596,545,0,536,555,507,402,330,402,381,402,400,226,226,0,402
584,599,607,584,596,545,0,550,555,507,402,330,402,381,402,400,597,235,0,402
584,599,607,584,596,545,0,550,555,507,402,330,402,381,402,400,597,235,0,402
585,599,607,585,596,545,0,550,561,512,402,344,402,381,402,400,597,235,311,402
585,599,607,585,596,545,0,550,561,512,402,344,402,381,402,400,597,235,311,402
585,599,607,585,596,545,0,550,561,512,402,344,402,381,402,400,597,235,311,402
587,599,607,587,596,545,0,550,561,512,402,344,402,381,402,400,597,235,311,402
587,599,607,587,596,545,0,554,568,512,402,344,402,381,402,400,597,235,311,402
587,599,607,587,596,545,0,554,568,540,402,344,402,381,402,400,597,235,311,402
592,599,607,592,596,607,0,554,568,540,402,344,402,381,402,400,597,235,311,402
592,599,607,592,599,607,0,554,568,540,402,344,402,381,402,400,597,235,311,402
592,599,607,592,599,607,0,554,569,540,402,344,402,381,402,400,597,235,311,402
594,599,607,594,599,607,0,554,569,540,402,344,402,381,402,400,597,235,311,402
594,599,607,594,599,607,0,560,569,541,402,344,0,381,0,400,597,235,311,402
594,599,607,594,599,607,0,560,572,541,402,344,0,381,0,400,597,235,311,402
595,599,607,595,599,607,0,560,572,541,0,344,0,0,0,0,597,235,311,0
595,599,607,595,599,607,0,560,572,541,0,344,0,0,0,0,597,235,311,0
595,599,607,595,599,607,0,560,576,541,0,344,0,0,0,0,0,0,311,0
601,599,607,601,599,607,0,560,576,545,0,344,0,0,0,0,0,0,311,0
601,599,607,601,599,607,0,582,576,545,0,0,0,0,0,0,0,0,0,0
601,599,607,601,599,607,0,582,577,545,0,0,0,0,0,0,0,0,0,0
605,599,607,605,599,607,0,582,577,545,0,0,0,0,0,0,0,0,0,0
605,599,607,605,599,607,0,582,577,545,0,0,0,0,0,0,0,0,0,0
605,599,607,605,599,607,0,582,578,558,0,0,0,0,0,0,0,0,0,0
609,599,607,609,599,607,0,582,578,558,0,0,0,0,0,0,0,0,0,0
609,599,607,609,599,607,0,0,578,558,0,0,0,0,0,0,0,0,0,0
609,599,607,609,599,607,0,0,0,558,0,0,0,0,0,0,0,0,0,0